Run 0 on 20200811 on sample T20-5d, LT thermometer,  dT/T0 = 0.02
Time per point = 3.125e-05 seconds
-120.965 
-121.43 
-121.14 
-121.495 
-121.11 
-121.465 
-121.145 
-121.82 
-121.54 
-121.9 
-121.51 
-121.83 
-121.455 
-121.735 
-121.41 
-121.2 
-120.82 
-121.09 
-120.745 
-120.955 
-120.535 
-120.9 
-120.43 
-121.12 
-120.71 
-120.975 
-120.58 
-120.865 
-120.485 
-120.695 
-120.3 
-120.08 
-119.665 
-119.995 
-119.55 
-119.815 
-119.4 
-119.695 
-119.3 
-119.93 
-119.48 
-119.78 
-119.425 
-119.7 
-119.39 
-119.73 
-119.315 
-119.235 
-118.88 
-119.255 
-118.92 
-119.25 
-118.945 
-119.305 
-119.015 
-119.775 
-119.51 
-119.975 
-119.7 
-120.085 
-119.775 
-120.25 
-120.08 
-120.03 
-119.79 
-120.29 
-120.09 
-120.505 
-120.27 
-120.78 
-120.55 
-121.375 
-121.19 
-121.68 
-121.52 
-121.995 
-121.73 
-122.235 
-122.0 
-122.0 
-121.86 
-122.29 
-122.065 
-122.505 
-122.305 
-122.7 
-122.45 
-123.33 
-123.05 
-123.46 
-123.18 
-123.535 
-123.27 
-123.675 
-123.325 
-123.195 
-122.87 
-123.265 
-122.925 
-123.2 
-122.835 
-123.14 
-122.755 
-123.43 
-123.08 
-123.42 
-122.945 
-123.15 
-122.83 
-123.08 
-122.6 
-122.455 
-121.995 
-122.2 
-121.845 
-121.945 
-121.56 
-121.76 
-121.25 
-121.88 
-121.35 
-121.595 
-121.155 
-121.335 
-120.84 
-121.03 
-120.525 
-120.31 
-119.855 
-120.045 
-119.48 
-119.675 
-119.195 
-119.425 
-118.945 
-119.525 
-119.06 
-119.255 
-118.845 
-119.045 
-118.645 
-118.93 
-118.49 
-118.22 
-117.8 
-118.095 
-117.73 
-117.98 
-117.54 
-117.895 
-117.44 
-118.195 
-117.83 
-118.19 
-117.875 
-118.115 
-117.855 
-118.21 
-117.86 
-117.815 
-117.51 
-117.905 
-117.635 
-117.985 
-117.69 
-118.1 
-117.82 
-118.5 
-118.29 
-118.725 
-118.435 
-118.875 
-118.565 
-119.025 
-118.73 
-118.675 
-118.39 
-118.86 
-118.63 
-119.03 
-118.725 
-119.085 
-118.785 
-119.51 
-119.23 
-119.635 
-119.3 
-119.675 
-119.32 
-119.76 
-119.345 
-119.27 
-118.9 
-119.255 
-118.87 
-119.08 
-118.775 
-119.095 
-118.675 
-119.34 
-118.97 
-119.23 
-118.775 
-119.105 
-118.63 
-118.94 
-118.51 
-118.325 
-117.815 
-118.11 
-117.63 
-117.87 
-117.405 
-117.71 
-117.16 
-117.705 
-117.355 
-117.54 
-117.175 
-117.35 
-116.885 
-117.045 
-116.64 
-116.4 
-115.915 
-116.22 
-115.675 
-115.91 
-115.47 
-115.765 
-115.305 
-115.93 
-115.515 
-115.785 
-115.36 
-115.62 
-115.185 
-115.565 
-115.17 
-114.93 
-114.635 
-114.935 
-114.53 
-114.835 
-114.515 
-114.81 
-114.535 
-115.275 
-115.0 
-115.39 
-115.085 
-115.395 
-115.155 
-115.585 
-115.28 
-115.2 
-114.945 
-115.38 
-115.19 
-115.565 
-115.41 
-115.85 
-115.55 
-116.425 
-116.235 
-116.625 
-116.475 
-116.89 
-116.655 
-117.105 
-116.875 
-116.955 
-116.72 
-117.265 
-116.91 
-117.375 
-117.15 
-117.6 
-117.35 
-118.26 
-117.985 
-118.37 
-118.18 
-118.5 
-118.26 
-118.7 
-118.465 
-118.355 
-118.025 
-118.46 
-118.14 
-118.515 
-118.145 
-118.525 
-118.23 
-118.83 
-118.57 
-118.975 
-118.55 
-118.805 
-118.505 
-118.875 
-118.475 
-118.35 
-117.98 
-118.225 
-117.865 
-118.16 
-117.785 
-118.13 
-117.635 
-118.315 
-117.935 
-118.13 
-117.8 
-118.065 
-117.69 
-117.99 
-117.575 
-117.36 
-116.975 
-117.28 
-116.86 
-117.05 
-116.72 
-116.94 
-116.56 
-117.205 
-116.805 
-117.17 
-116.76 
-117.05 
-116.69 
-116.91 
-116.62 
-116.465 
-116.14 
-116.41 
-116.105 
-116.405 
-116.09 
-116.425 
-116.1 
-116.875 
-116.595 
-116.95 
-116.66 
-117.01 
-116.76 
-117.135 
-116.85 
-116.805 
-116.585 
-116.905 
-116.705 
-117.02 
-116.83 
-117.205 
-116.925 
-117.73 
-117.51 
-117.95 
-117.675 
-118.065 
-117.825 
-118.24 
-117.96 
-117.93 
-117.62 
-118.06 
-117.705 
-118.11 
-117.76 
-118.15 
-117.785 
-118.595 
-118.24 
-118.55 
-118.23 
-118.49 
-118.165 
-118.425 
-118.1 
-117.865 
-117.475 
-117.72 
-117.235 
-117.45 
-117.015 
-117.23 
-116.755 
-117.3 
-116.865 
-117.06 
-116.49 
-116.65 
-116.175 
-116.28 
-115.745 
-115.42 
-114.85 
-114.95 
-114.36 
-114.405 
-113.825 
-113.955 
-113.27 
-113.8 
-113.2 
-113.19 
-112.58 
-112.64 
-111.98 
-111.985 
-111.35 
-110.9 
-110.305 
-110.375 
-109.55 
-109.55 
-108.96 
-108.905 
-108.3 
-108.56 
-107.87 
-107.935 
-107.245 
-107.215 
-106.485 
-106.53 
-105.9 
-105.425 
-104.665 
-104.81 
-104.085 
-104.085 
-103.425 
-103.505 
-102.8 
-103.095 
-102.515 
-102.62 
-101.935 
-101.91 
-101.26 
-101.315 
-100.73 
-100.285 
-99.59 
-99.685 
-99.07 
-99.08 
-98.43 
-98.45 
-97.79 
-98.2 
-97.56 
-97.52 
-96.96 
-96.935 
-96.22 
-96.27 
-95.585 
-95.08 
-94.455 
-94.455 
-93.69 
-93.66 
-92.89 
-92.91 
-92.185 
-92.465 
-91.76 
-91.63 
-90.91 
-90.785 
-89.985 
-89.955 
-89.095 
-88.47 
-87.685 
-87.59 
-86.69 
-86.51 
-85.645 
-85.46 
-84.62 
-84.695 
-83.845 
-83.695 
-82.78 
-82.43 
-81.55 
-81.335 
-80.395 
-79.695 
-78.69 
-78.49 
-77.51 
-77.215 
-76.235 
-76.05 
-74.99 
-75.12 
-74.105 
-73.825 
-72.84 
-72.55 
-71.54 
-71.215 
-70.27 
-69.455 
-68.515 
-68.28 
-67.245 
-66.875 
-65.87 
-65.605 
-64.665 
-64.71 
-63.72 
-63.475 
-62.515 
-62.17 
-61.23 
-61.005 
-60.075 
-59.345 
-58.485 
-58.245 
-57.285 
-57.01 
-56.11 
-55.965 
-55.005 
-55.195 
-54.385 
-54.185 
-53.295 
-53.11 
-52.285 
-52.17 
-51.305 
-50.635 
-49.79 
-49.645 
-48.84 
-48.67 
-47.835 
-47.73 
-46.865 
-47.05 
-46.225 
-46.12 
-45.35 
-45.135 
-44.27 
-44.215 
-43.38 
-42.745 
-41.91 
-41.875 
-40.96 
-40.74 
-39.9 
-39.735 
-38.845 
-39.13 
-38.2 
-38.045 
-37.14 
-36.92 
-36.08 
-35.86 
-34.92 
-34.105 
-33.23 
-33.01 
-32.035 
-31.8 
-30.79 
-30.53 
-29.545 
-29.68 
-28.66 
-28.415 
-27.385 
-27.055 
-26.06 
-25.8 
-24.805 
-23.92 
-22.95 
-22.65 
-21.635 
-21.22 
-20.29 
-19.94 
-18.88 
-18.94 
-17.96 
-17.58 
-16.54 
-16.205 
-15.22 
-14.91 
-13.9 
-13.17 
-12.175 
-11.915 
-10.865 
-10.495 
-9.62 
-9.3 
-8.33 
-8.48 
-7.525 
-7.275 
-6.42 
-6.115 
-5.345 
-5.06 
-4.205 
-3.59 
-2.71 
-2.545 
-1.765 
-1.55 
-0.785 
-0.61 
0.17 
-0.13 
0.69 
0.615 
1.43 
1.555 
2.225 
2.345 
2.98 
3.545 
4.15 
4.175 
4.91 
4.99 
5.59 
5.61 
6.28 
5.87 
6.515 
6.525 
7.19 
7.225 
7.87 
7.895 
8.485 
9.0 
9.64 
9.59 
10.31 
10.385 
10.995 
11.08 
11.815 
11.37 
12.1 
12.16 
12.845 
12.95 
13.615 
13.73 
14.5 
15.015 
15.73 
15.865 
16.67 
16.83 
17.61 
17.735 
18.5 
18.29 
19.06 
19.195 
20.04 
20.225 
21.025 
21.17 
22.02 
22.565 
23.47 
23.65 
24.495 
24.71 
25.505 
25.705 
26.535 
26.285 
27.19 
27.36 
28.16 
28.365 
29.145 
29.385 
30.1 
30.765 
31.58 
31.69 
32.515 
32.69 
33.465 
33.65 
34.38 
34.09 
34.885 
34.935 
35.66 
35.78 
36.505 
36.515 
37.265 
37.795 
38.385 
38.485 
39.135 
39.185 
39.8 
39.82 
40.42 
39.975 
40.595 
40.53 
41.165 
41.14 
41.725 
41.625 
42.23 
42.555 
43.13 
43.045 
43.62 
43.565 
44.195 
43.945 
44.625 
43.985 
44.56 
44.48 
45.065 
44.995 
45.47 
45.43 
45.97 
46.35 
46.965 
46.85 
47.44 
47.475 
48.045 
48.03 
48.65 
48.16 
48.785 
48.84 
49.49 
49.49 
50.045 
50.1 
50.855 
51.38 
52.02 
52.155 
52.88 
52.955 
53.69 
53.76 
54.505 
54.155 
54.905 
55.045 
55.81 
55.99 
56.64 
56.84 
57.59 
58.175 
58.915 
59.06 
59.885 
60.085 
60.84 
60.895 
61.785 
61.46 
62.2 
62.405 
63.155 
63.255 
64.035 
64.19 
64.975 
65.575 
66.24 
66.325 
67.135 
67.235 
67.915 
67.98 
68.725 
68.315 
69.065 
69.06 
69.67 
69.73 
70.365 
70.335 
70.94 
71.37 
72.015 
71.945 
72.52 
72.515 
73.02 
73.005 
73.585 
72.98 
73.46 
73.355 
73.81 
73.805 
74.27 
74.12 
74.575 
74.835 
75.345 
75.205 
75.655 
75.535 
75.925 
75.77 
76.255 
75.645 
76.075 
75.91 
76.375 
76.185 
76.715 
76.505 
77.005 
77.325 
77.74 
77.645 
78.17 
78.07 
78.545 
78.445 
78.995 
78.495 
78.975 
78.97 
79.505 
79.445 
80.0 
80.03 
80.65 
81.06 
81.71 
81.635 
82.285 
82.3 
83.015 
82.98 
83.665 
83.26 
83.92 
84.0 
84.685 
84.75 
85.515 
85.64 
86.25 
86.805 
87.545 
87.62 
88.38 
88.51 
89.185 
89.29 
90.105 
89.705 
90.365 
90.565 
91.25 
91.37 
92.005 
92.155 
92.84 
93.32 
94.03 
94.08 
94.74 
94.845 
95.45 
95.495 
96.175 
95.7 
96.31 
96.3 
96.93 
96.86 
97.43 
97.275 
97.92 
98.26 
98.775 
98.695 
99.155 
99.02 
99.53 
99.35 
99.81 
99.225 
99.6 
99.35 
99.88 
99.635 
100.055 
99.83 
100.2 
100.41 
100.845 
100.545 
100.975 
100.68 
101.03 
100.745 
101.14 
100.515 
100.94 
100.58 
100.965 
100.695 
101.1 
100.775 
101.19 
101.37 
101.885 
101.53 
102.025 
101.805 
102.235 
102.05 
102.5 
101.86 
102.33 
102.115 
102.685 
102.55 
103.005 
102.84 
103.41 
103.76 
104.305 
104.185 
104.715 
104.67 
105.27 
105.215 
105.82 
105.395 
106.015 
105.925 
106.53 
106.545 
107.16 
107.165 
107.79 
108.245 
108.88 
108.87 
109.57 
109.56 
110.225 
110.195 
110.9 
110.47 
111.165 
111.115 
111.695 
111.7 
112.375 
112.335 
113.01 
113.38 
114.065 
113.97 
114.63 
114.56 
115.17 
115.085 
115.6 
115.08 
115.7 
115.465 
116.04 
115.835 
116.395 
116.155 
116.645 
116.935 
117.445 
117.15 
117.64 
117.425 
117.825 
117.54 
117.985 
117.295 
117.67 
117.3 
117.695 
117.375 
117.72 
117.48 
117.69 
117.84 
118.185 
117.905 
118.205 
117.855 
118.11 
117.795 
118.15 
117.42 
117.71 
117.35 
117.685 
117.365 
117.74 
117.375 
117.765 
117.895 
118.21 
117.88 
118.29 
118.065 
118.525 
118.23 
118.6 
117.945 
118.355 
118.165 
118.64 
118.455 
118.905 
118.75 
119.21 
119.58 
120.065 
119.875 
120.42 
120.33 
120.915 
120.825 
121.38 
120.875 
121.51 
121.315 
121.985 
121.97 
122.545 
122.53 
123.16 
123.505 
124.17 
124.08 
124.76 
124.77 
125.415 
125.35 
126.025 
125.63 
126.225 
126.195 
126.835 
126.805 
127.445 
127.425 
128.0 
128.425 
129.005 
128.89 
129.555 
129.51 
130.035 
129.995 
130.49 
129.955 
130.48 
130.37 
130.795 
130.7 
131.2 
130.935 
131.38 
131.68 
132.075 
131.745 
132.25 
131.96 
132.395 
132.05 
132.46 
131.745 
132.05 
131.68 
132.035 
131.75 
131.97 
131.63 
131.92 
131.99 
132.275 
131.955 
132.185 
131.875 
132.175 
131.755 
132.045 
131.205 
131.48 
131.13 
131.415 
130.985 
131.305 
131.02 
131.285 
131.415 
131.735 
131.365 
131.77 
131.51 
131.81 
131.44 
131.83 
131.13 
131.525 
131.36 
131.715 
131.53 
131.91 
131.72 
132.2 
132.46 
132.985 
132.795 
133.23 
133.205 
133.72 
133.645 
134.2 
133.64 
134.2 
134.055 
134.635 
134.64 
135.115 
135.105 
135.68 
136.06 
136.61 
136.67 
137.295 
137.285 
137.895 
137.805 
138.475 
137.96 
138.555 
138.55 
139.135 
139.11 
139.83 
139.705 
140.215 
140.67 
141.19 
141.12 
141.745 
141.725 
142.24 
142.1 
142.63 
142.13 
142.62 
142.44 
142.925 
142.75 
143.17 
143.005 
143.43 
143.695 
144.07 
143.79 
144.27 
143.985 
144.325 
144.095 
144.445 
143.705 
143.95 
143.665 
143.915 
143.645 
143.89 
143.58 
143.745 
143.875 
144.095 
143.815 
144.035 
143.705 
143.91 
143.535 
143.875 
142.985 
143.26 
142.85 
143.07 
142.73 
143.025 
142.635 
142.925 
143.0 
143.275 
142.91 
143.285 
142.99 
143.225 
142.935 
143.285 
142.56 
142.91 
142.68 
143.105 
142.81 
143.18 
142.94 
143.4 
143.695 
144.01 
143.905 
144.34 
144.175 
144.655 
144.44 
144.955 
144.39 
144.86 
144.715 
145.215 
145.185 
145.605 
145.53 
146.11 
146.33 
146.94 
146.82 
147.425 
147.37 
147.845 
147.76 
148.35 
147.83 
148.345 
148.255 
148.835 
148.715 
149.225 
149.16 
149.69 
150.0 
150.465 
150.385 
150.845 
150.77 
151.255 
151.025 
151.46 
150.79 
151.255 
151.07 
151.425 
151.22 
151.555 
151.32 
151.715 
151.895 
152.155 
151.845 
152.235 
151.92 
152.145 
151.825 
152.12 
151.34 
151.56 
151.17 
151.405 
151.12 
151.29 
150.895 
151.055 
151.115 
151.315 
150.925 
151.05 
150.635 
150.845 
150.385 
150.675 
149.76 
150.03 
149.61 
149.74 
149.345 
149.545 
149.275 
149.385 
149.49 
149.69 
149.315 
149.56 
149.26 
149.52 
149.215 
149.56 
148.69 
149.005 
148.725 
149.04 
148.81 
149.095 
148.885 
149.35 
149.505 
149.88 
149.655 
150.1 
149.87 
150.3 
150.165 
150.65 
149.995 
150.46 
150.255 
150.79 
150.615 
151.13 
150.975 
151.39 
151.775 
152.265 
152.22 
152.72 
152.655 
153.14 
152.91 
153.555 
152.955 
153.46 
153.375 
153.86 
153.735 
154.255 
154.165 
154.65 
155.0 
155.425 
155.265 
155.83 
155.66 
156.115 
155.955 
156.375 
155.65 
156.08 
155.905 
156.32 
156.12 
156.415 
156.24 
156.51 
156.735 
156.98 
156.78 
157.105 
156.795 
157.155 
156.775 
157.06 
156.275 
156.475 
156.14 
156.42 
156.055 
156.3 
155.955 
156.17 
156.11 
156.42 
155.975 
156.24 
155.79 
155.95 
155.565 
155.865 
154.94 
155.175 
154.725 
155.0 
154.615 
154.865 
154.53 
154.745 
154.825 
155.04 
154.69 
155.015 
154.74 
155.04 
154.64 
155.0 
154.3 
154.515 
154.31 
154.675 
154.425 
154.815 
154.515 
154.97 
155.17 
155.57 
155.285 
155.78 
155.535 
156.04 
155.85 
156.285 
155.78 
156.285 
156.095 
156.595 
156.52 
156.99 
156.91 
157.375 
157.665 
158.17 
158.14 
158.625 
158.56 
159.05 
158.89 
159.475 
158.87 
159.36 
159.31 
159.74 
159.665 
160.16 
160.02 
160.59 
160.83 
161.275 
161.055 
161.615 
161.44 
161.91 
161.59 
162.09 
161.435 
161.87 
161.69 
162.04 
161.91 
162.17 
161.835 
162.26 
162.46 
162.68 
162.365 
162.705 
162.37 
162.72 
162.28 
162.605 
161.825 
162.03 
161.635 
161.945 
161.54 
161.775 
161.28 
161.53 
161.575 
161.775 
161.325 
161.545 
161.06 
161.275 
160.82 
161.095 
160.28 
160.485 
160.11 
160.305 
159.92 
160.105 
159.735 
160.0 
160.065 
160.28 
159.92 
160.26 
159.93 
160.25 
159.84 
160.185 
159.4 
159.75 
159.455 
159.845 
159.57 
159.9 
159.585 
160.005 
160.235 
160.63 
160.385 
160.825 
160.55 
161.035 
160.745 
161.315 
160.76 
161.17 
160.965 
161.545 
161.34 
161.85 
161.62 
162.17 
162.51 
163.065 
162.835 
163.4 
163.27 
163.79 
163.505 
164.11 
163.65 
164.12 
163.985 
164.52 
164.325 
164.825 
164.64 
165.15 
165.48 
165.97 
165.665 
166.195 
166.06 
166.405 
166.175 
166.6 
166.085 
166.485 
166.285 
166.67 
166.43 
166.74 
166.46 
166.75 
166.885 
167.325 
166.875 
167.235 
166.795 
167.16 
166.635 
166.995 
166.185 
166.41 
165.91 
166.285 
165.805 
165.995 
165.555 
165.75 
165.725 
165.935 
165.44 
165.71 
165.19 
165.385 
164.815 
165.135 
164.345 
164.555 
164.09 
164.26 
163.81 
164.05 
163.635 
163.845 
163.86 
164.14 
163.62 
163.895 
163.525 
163.815 
163.375 
163.685 
163.0 
163.325 
162.925 
163.255 
162.92 
163.265 
162.92 
163.35 
163.475 
163.84 
163.55 
163.92 
163.675 
164.095 
163.83 
164.325 
163.745 
164.105 
163.96 
164.48 
164.23 
164.62 
164.355 
164.91 
165.115 
165.63 
165.42 
165.825 
165.64 
166.15 
165.825 
166.45 
165.82 
166.19 
166.1 
166.55 
166.295 
166.715 
166.48 
166.99 
167.17 
167.62 
167.28 
167.7 
167.465 
167.875 
167.56 
167.985 
167.3 
167.665 
167.335 
167.705 
167.32 
167.655 
167.165 
167.455 
167.59 
167.905 
167.385 
167.755 
167.17 
167.46 
166.965 
167.2 
166.415 
166.63 
166.055 
166.275 
165.795 
165.945 
165.385 
165.58 
165.49 
165.645 
165.125 
165.39 
164.8 
164.975 
164.465 
164.66 
163.825 
164.0 
163.485 
163.695 
163.17 
163.38 
162.895 
163.17 
163.155 
163.405 
162.895 
163.225 
162.825 
163.045 
162.65 
162.99 
162.165 
162.575 
162.135 
162.535 
162.16 
162.52 
162.195 
162.565 
162.69 
163.21 
162.9 
163.295 
163.06 
163.545 
163.295 
163.8 
163.145 
163.675 
163.32 
163.89 
163.75 
164.195 
164.07 
164.545 
164.75 
165.33 
165.155 
165.64 
165.565 
166.055 
165.84 
166.42 
165.79 
166.335 
166.14 
166.61 
166.4 
166.94 
166.78 
167.22 
167.525 
167.935 
167.685 
168.115 
167.98 
168.345 
168.165 
168.54 
167.91 
168.255 
167.98 
168.315 
167.95 
168.36 
167.95 
168.28 
168.385 
168.68 
168.275 
168.58 
168.115 
168.435 
168.015 
168.27 
167.45 
167.615 
167.075 
167.33 
166.855 
167.095 
166.67 
166.815 
166.725 
167.0 
166.505 
166.74 
166.255 
166.4 
165.96 
166.175 
165.315 
165.45 
165.025 
165.225 
164.755 
165.03 
164.565 
164.84 
164.87 
165.06 
164.62 
164.925 
164.67 
164.85 
164.52 
164.88 
164.115 
164.495 
164.165 
164.49 
164.27 
164.615 
164.295 
164.715 
164.995 
165.32 
165.12 
165.57 
165.405 
165.79 
165.625 
166.12 
165.575 
166.065 
165.83 
166.335 
166.185 
166.755 
166.56 
167.025 
167.305 
167.885 
167.705 
168.285 
168.175 
168.67 
168.505 
169.065 
168.465 
168.97 
168.895 
169.355 
169.18 
169.69 
169.545 
169.965 
170.225 
170.7 
170.475 
170.92 
170.775 
171.125 
170.92 
171.33 
170.58 
171.0 
170.7 
171.06 
170.795 
171.065 
170.785 
170.99 
171.15 
171.445 
171.015 
171.335 
170.93 
171.215 
170.725 
171.005 
170.085 
170.245 
169.805 
170.0 
169.57 
169.64 
169.265 
169.32 
169.28 
169.455 
169.02 
169.13 
168.715 
168.84 
168.355 
168.555 
167.63 
167.76 
167.295 
167.505 
167.005 
167.22 
166.74 
166.94 
166.94 
167.21 
166.795 
166.995 
166.67 
166.95 
166.58 
166.83 
165.975 
166.4 
165.985 
166.275 
166.025 
166.35 
165.985 
166.42 
166.68 
166.94 
166.705 
167.095 
166.905 
167.35 
167.155 
167.535 
166.86 
167.35 
167.075 
167.53 
167.355 
167.83 
167.685 
168.115 
168.335 
168.86 
168.675 
169.185 
169.065 
169.47 
169.29 
169.79 
169.185 
169.63 
169.505 
169.955 
169.765 
170.17 
169.975 
170.39 
170.615 
171.005 
170.775 
171.175 
171.015 
171.385 
171.085 
171.415 
170.845 
171.22 
170.8 
171.115 
170.795 
171.105 
170.68 
170.99 
171.055 
171.36 
170.81 
171.15 
170.65 
170.905 
170.375 
170.7 
169.755 
170.055 
169.48 
169.685 
169.265 
169.335 
168.76 
168.935 
168.92 
169.115 
168.615 
168.79 
168.245 
168.36 
167.845 
168.055 
167.195 
167.43 
166.895 
167.05 
166.635 
166.87 
166.375 
166.59 
166.6 
166.89 
166.385 
166.715 
166.3 
166.6 
166.175 
166.45 
165.74 
166.075 
165.69 
166.055 
165.75 
166.08 
165.78 
166.155 
166.4 
166.755 
166.48 
166.905 
166.625 
167.09 
166.885 
167.365 
166.81 
167.3 
166.955 
167.495 
167.34 
167.815 
167.59 
168.065 
168.315 
168.875 
168.62 
169.16 
168.95 
169.47 
169.28 
169.8 
169.22 
169.725 
169.45 
169.92 
169.73 
170.27 
170.035 
170.43 
170.65 
171.05 
170.735 
171.25 
171.015 
171.39 
171.165 
171.51 
170.775 
171.155 
170.755 
171.115 
170.755 
171.04 
170.67 
170.94 
171.04 
171.235 
170.815 
171.075 
170.665 
170.81 
170.39 
170.595 
169.695 
169.885 
169.345 
169.58 
169.14 
169.215 
168.715 
168.88 
168.795 
169.02 
168.48 
168.655 
168.155 
168.295 
167.775 
168.005 
167.175 
167.36 
166.8 
167.02 
166.56 
166.76 
166.265 
166.52 
166.565 
166.81 
166.295 
166.615 
166.25 
166.605 
166.16 
166.46 
165.65 
166.05 
165.72 
166.05 
165.77 
166.17 
165.855 
166.28 
166.47 
166.885 
166.7 
167.075 
166.925 
167.38 
167.245 
167.67 
167.11 
167.58 
167.445 
167.94 
167.78 
168.3 
168.15 
168.635 
168.915 
169.445 
169.29 
169.83 
169.785 
170.28 
170.115 
170.675 
170.1 
170.59 
170.475 
170.915 
170.83 
171.33 
171.16 
171.61 
171.92 
172.375 
172.165 
172.645 
172.46 
172.89 
172.595 
173.05 
172.375 
172.755 
172.46 
172.795 
172.545 
172.84 
172.495 
172.83 
172.985 
173.25 
172.805 
173.145 
172.695 
172.95 
172.585 
172.8 
171.955 
172.115 
171.68 
171.93 
171.48 
171.675 
171.145 
171.34 
171.365 
171.55 
171.09 
171.29 
170.845 
170.99 
170.55 
170.76 
169.825 
170.055 
169.56 
169.78 
169.325 
169.59 
169.13 
169.375 
169.46 
169.68 
169.29 
169.605 
169.29 
169.56 
169.195 
169.55 
168.755 
169.135 
168.79 
169.165 
168.94 
169.28 
169.06 
169.45 
169.69 
170.09 
169.895 
170.33 
170.16 
170.585 
170.41 
170.91 
170.44 
171.0 
170.61 
171.185 
171.055 
171.575 
171.35 
171.83 
172.185 
172.755 
172.51 
173.07 
172.965 
173.455 
173.245 
173.83 
173.275 
173.76 
173.585 
174.125 
173.885 
174.365 
174.175 
174.63 
174.91 
175.315 
175.065 
175.53 
175.345 
175.7 
175.405 
175.78 
175.125 
175.465 
175.07 
175.42 
175.07 
175.365 
174.955 
175.22 
175.305 
175.53 
175.11 
175.37 
174.875 
175.15 
174.64 
174.825 
174.005 
174.06 
173.57 
173.71 
173.295 
173.38 
172.86 
172.895 
172.815 
173.02 
172.44 
172.6 
172.04 
172.21 
171.65 
171.82 
170.84 
171.04 
170.41 
170.575 
170.015 
170.285 
169.74 
169.915 
169.9 
170.115 
169.58 
169.88 
169.425 
169.685 
169.24 
169.595 
168.67 
169.065 
168.61 
168.9 
168.58 
168.895 
168.575 
168.91 
169.06 
169.44 
169.175 
169.48 
169.27 
169.655 
169.475 
169.885 
169.24 
169.67 
169.4 
169.885 
169.765 
170.175 
169.92 
170.385 
170.565 
171.08 
170.89 
171.375 
171.23 
171.67 
171.49 
171.99 
171.335 
171.815 
171.685 
172.02 
171.825 
172.305 
172.07 
172.52 
172.73 
173.115 
172.89 
173.265 
173.08 
173.395 
173.15 
173.48 
172.775 
173.115 
172.73 
173.03 
172.7 
172.99 
172.635 
172.88 
172.92 
173.16 
172.7 
173.0 
172.54 
172.76 
172.31 
172.515 
171.63 
171.785 
171.285 
171.475 
171.005 
171.12 
170.625 
170.795 
170.655 
170.905 
170.375 
170.525 
170.06 
170.17 
169.675 
169.935 
168.985 
169.195 
168.65 
168.78 
168.345 
168.615 
168.135 
168.375 
168.39 
168.61 
168.12 
168.425 
168.1 
168.365 
167.97 
168.265 
167.49 
167.815 
167.5 
167.86 
167.555 
167.9 
167.555 
167.995 
168.245 
168.6 
168.355 
168.77 
168.575 
168.98 
168.84 
169.3 
168.65 
169.095 
168.82 
169.395 
169.19 
169.675 
169.565 
169.97 
170.225 
170.815 
170.63 
171.11 
171.005 
171.465 
171.34 
171.8 
171.235 
171.68 
171.515 
171.925 
171.84 
172.29 
172.135 
172.56 
172.82 
173.11 
172.975 
173.395 
173.25 
173.57 
173.35 
173.635 
172.96 
173.265 
172.985 
173.255 
173.03 
173.3 
172.88 
173.185 
173.23 
173.475 
173.055 
173.345 
172.9 
173.125 
172.715 
172.905 
172.06 
172.16 
171.75 
171.895 
171.435 
171.6 
171.13 
171.275 
171.19 
171.355 
170.935 
171.07 
170.655 
170.72 
170.25 
170.505 
169.72 
169.83 
169.315 
169.515 
169.015 
169.31 
168.82 
169.085 
169.135 
169.335 
168.89 
169.225 
168.795 
169.135 
168.705 
169.045 
168.29 
168.665 
168.275 
168.64 
168.325 
168.67 
168.38 
168.77 
168.99 
169.455 
169.1 
169.575 
169.36 
169.815 
169.635 
170.07 
169.525 
170.03 
169.75 
170.275 
170.175 
170.565 
170.355 
170.91 
171.14 
171.745 
171.57 
172.015 
171.925 
172.35 
172.15 
172.705 
172.185 
172.635 
172.455 
172.95 
172.775 
173.285 
173.04 
173.495 
173.77 
174.15 
173.88 
174.35 
174.185 
174.58 
174.24 
174.625 
174.0 
174.4 
174.045 
174.395 
174.14 
174.41 
173.96 
174.285 
174.395 
174.7 
174.25 
174.51 
174.135 
174.415 
173.935 
174.13 
173.26 
173.51 
173.015 
173.2 
172.815 
172.96 
172.48 
172.655 
172.605 
172.83 
172.325 
172.485 
172.0 
172.27 
171.71 
171.975 
171.145 
171.36 
170.82 
170.995 
170.59 
170.83 
170.42 
170.63 
170.645 
170.9 
170.44 
170.705 
170.42 
170.73 
170.28 
170.635 
169.88 
170.235 
169.875 
170.195 
169.92 
170.275 
170.02 
170.345 
170.535 
170.99 
170.65 
171.09 
170.84 
171.27 
171.06 
171.525 
171.02 
171.405 
171.125 
171.65 
171.455 
171.895 
171.695 
172.165 
172.41 
172.965 
172.715 
173.215 
173.01 
173.455 
173.26 
173.805 
173.245 
173.695 
173.405 
173.88 
173.66 
174.155 
173.855 
174.295 
174.51 
174.9 
174.595 
175.075 
174.85 
175.18 
174.885 
175.24 
174.54 
174.865 
174.515 
174.82 
174.51 
174.77 
174.345 
174.595 
174.705 
174.945 
174.525 
174.75 
174.3 
174.535 
174.1 
174.245 
173.375 
173.495 
173.03 
173.18 
172.7 
172.825 
172.31 
172.49 
172.415 
172.595 
172.07 
172.205 
171.735 
171.895 
171.4 
171.575 
170.635 
170.835 
170.285 
170.475 
169.995 
170.22 
169.675 
169.905 
169.89 
170.155 
169.62 
169.91 
169.52 
169.77 
169.395 
169.635 
168.805 
169.165 
168.785 
169.075 
168.75 
169.04 
168.7 
169.07 
169.25 
169.61 
169.305 
169.72 
169.515 
169.865 
169.585 
170.02 
169.355 
169.765 
169.465 
169.915 
169.715 
170.165 
169.975 
170.36 
170.565 
171.06 
170.875 
171.325 
171.165 
171.595 
171.37 
171.84 
171.21 
171.65 
171.4 
171.82 
171.67 
172.12 
171.895 
172.28 
172.495 
172.85 
172.62 
173.01 
172.775 
173.1 
172.865 
173.175 
172.56 
172.95 
172.48 
172.795 
172.41 
172.725 
172.27 
172.64 
172.71 
173.0 
172.49 
172.675 
172.3 
172.53 
172.075 
172.28 
171.475 
171.66 
170.995 
171.275 
170.805 
170.98 
170.45 
170.66 
170.62 
170.83 
170.27 
170.44 
170.0 
170.145 
169.655 
169.885 
168.975 
169.19 
168.66 
168.815 
168.42 
168.655 
168.16 
168.335 
168.395 
168.655 
168.2 
168.46 
168.155 
168.405 
168.03 
168.395 
167.525 
167.96 
167.505 
167.875 
167.6 
167.885 
167.58 
168.02 
168.23 
168.55 
168.36 
168.795 
168.525 
169.005 
168.84 
169.265 
168.585 
169.06 
168.84 
169.34 
169.175 
169.6 
169.395 
169.92 
170.22 
170.72 
170.57 
171.06 
170.975 
171.425 
171.27 
171.795 
171.265 
171.67 
171.53 
172.035 
171.9 
172.365 
172.195 
172.645 
172.9 
173.4 
173.125 
173.585 
173.42 
173.805 
173.61 
173.97 
173.27 
173.7 
173.425 
173.8 
173.49 
173.79 
173.405 
173.815 
173.91 
174.22 
173.835 
174.115 
173.755 
174.045 
173.65 
173.945 
173.06 
173.29 
172.83 
173.02 
172.705 
172.795 
172.41 
172.61 
172.56 
172.795 
172.28 
172.57 
172.12 
172.33 
171.795 
172.025 
171.23 
171.41 
170.93 
171.215 
170.715 
170.98 
170.585 
170.78 
170.715 
170.97 
170.54 
170.895 
170.49 
170.785 
170.495 
170.695 
169.93 
170.225 
169.9 
170.26 
169.955 
170.31 
169.995 
170.35 
170.545 
170.885 
170.635 
171.015 
170.76 
171.2 
170.97 
171.395 
170.69 
171.1 
170.86 
171.34 
171.18 
171.575 
171.43 
171.845 
172.095 
172.57 
172.39 
172.82 
172.72 
173.17 
172.9 
173.42 
172.88 
173.2 
173.05 
173.475 
173.305 
173.75 
173.55 
173.94 
174.145 
174.565 
174.285 
174.7 
174.565 
174.805 
174.575 
174.885 
174.21 
174.535 
174.225 
174.54 
174.145 
174.5 
174.135 
174.41 
174.495 
174.795 
174.315 
174.565 
174.23 
174.38 
174.045 
174.225 
173.4 
173.485 
173.05 
173.285 
172.83 
172.96 
172.44 
172.635 
172.585 
172.785 
172.305 
172.44 
172.07 
172.17 
171.71 
171.89 
170.925 
171.145 
170.665 
170.865 
170.375 
170.585 
170.195 
170.395 
170.37 
170.575 
170.155 
170.455 
170.08 
170.305 
169.93 
170.18 
169.38 
169.745 
169.385 
169.685 
169.325 
169.635 
169.335 
169.685 
169.91 
170.21 
169.905 
170.3 
170.12 
170.43 
170.275 
170.61 
170.03 
170.45 
170.14 
170.65 
170.43 
170.87 
170.56 
171.075 
171.305 
171.855 
171.55 
172.045 
171.885 
172.27 
172.005 
172.545 
172.025 
