Run 0 on 20200811 on sample T20-5d, LT thermometer,  dT/T0 = 0.02
Time per point = 3.125e-05 seconds
674.48 
673.785 
674.01 
673.485 
673.66 
673.13 
673.275 
672.315 
672.495 
671.91 
672.105 
671.66 
671.775 
671.16 
671.34 
671.37 
671.495 
671.04 
671.235 
670.775 
671.005 
670.545 
670.735 
669.96 
670.175 
669.68 
669.955 
669.605 
669.92 
669.56 
669.865 
669.94 
670.27 
669.93 
670.345 
670.075 
670.455 
670.245 
670.6 
669.97 
670.445 
670.13 
670.605 
670.385 
670.875 
670.635 
671.125 
671.42 
671.935 
671.745 
672.255 
672.05 
672.605 
672.465 
672.955 
672.395 
672.95 
672.71 
673.335 
673.09 
673.61 
673.47 
673.92 
674.265 
674.755 
674.555 
675.025 
674.925 
675.32 
675.125 
675.625 
675.04 
675.48 
675.23 
675.555 
675.345 
675.735 
675.395 
675.755 
675.965 
676.29 
675.91 
676.27 
675.995 
676.255 
675.905 
676.05 
675.295 
675.545 
675.165 
675.36 
674.955 
675.13 
674.735 
674.88 
674.89 
675.085 
674.56 
674.74 
674.29 
674.405 
673.905 
674.09 
673.145 
673.32 
672.815 
672.955 
672.47 
672.59 
672.05 
672.195 
672.16 
672.365 
671.865 
672.07 
671.6 
671.845 
671.4 
671.58 
670.76 
670.95 
670.44 
670.68 
670.3 
670.59 
670.215 
670.43 
670.585 
670.84 
670.415 
670.85 
670.51 
670.895 
670.54 
670.95 
670.25 
670.615 
670.375 
670.715 
670.585 
670.88 
670.68 
671.14 
671.315 
671.735 
671.575 
672.0 
671.835 
672.325 
672.095 
672.545 
671.935 
672.415 
672.195 
672.605 
672.47 
672.855 
672.7 
673.16 
673.34 
673.825 
673.6 
674.065 
673.82 
674.255 
673.94 
674.33 
673.77 
674.15 
673.775 
674.145 
673.875 
674.15 
673.78 
674.105 
674.225 
674.545 
674.085 
674.4 
674.005 
674.21 
673.83 
674.015 
673.195 
673.375 
672.87 
673.06 
672.615 
672.745 
672.25 
672.4 
672.365 
672.525 
672.015 
672.1 
671.585 
671.715 
671.175 
671.315 
670.39 
670.51 
669.96 
670.0 
669.53 
669.615 
669.015 
669.15 
669.075 
669.26 
668.795 
668.875 
668.395 
668.54 
668.075 
668.33 
667.43 
667.595 
667.08 
667.315 
666.925 
667.145 
666.715 
667.01 
667.055 
667.325 
666.975 
667.275 
666.985 
667.29 
667.015 
667.31 
666.525 
666.99 
666.695 
667.03 
666.86 
667.225 
666.9 
667.35 
667.525 
668.015 
667.805 
668.205 
667.985 
668.435 
668.265 
668.715 
668.1 
668.56 
668.3 
668.8 
668.64 
669.075 
668.765 
669.24 
669.505 
669.915 
669.705 
670.19 
669.98 
670.315 
670.095 
670.495 
669.82 
670.175 
669.88 
670.245 
669.945 
670.3 
669.955 
670.195 
670.35 
670.625 
670.255 
670.49 
670.18 
670.4 
670.0 
670.23 
669.365 
669.565 
669.13 
669.255 
668.835 
669.05 
668.5 
668.74 
668.69 
668.81 
668.28 
668.46 
667.99 
668.09 
667.585 
667.67 
666.84 
666.96 
666.36 
666.525 
666.0 
666.18 
665.635 
665.705 
665.65 
665.84 
665.295 
665.515 
665.065 
665.15 
664.705 
664.92 
664.085 
664.285 
663.79 
664.08 
663.725 
663.93 
663.565 
663.78 
663.905 
664.125 
663.805 
664.14 
663.86 
664.225 
663.845 
664.17 
663.54 
663.865 
663.645 
664.0 
663.805 
664.235 
663.95 
664.385 
664.645 
665.015 
664.825 
665.275 
665.065 
665.485 
665.37 
665.765 
665.19 
665.54 
665.395 
665.845 
665.74 
666.11 
665.845 
666.315 
666.65 
667.02 
666.78 
667.185 
666.935 
667.425 
667.085 
667.555 
666.76 
667.165 
666.905 
667.205 
666.84 
667.265 
666.935 
667.235 
667.26 
667.575 
667.18 
667.475 
667.205 
667.355 
666.985 
667.195 
666.29 
666.54 
666.075 
666.26 
665.85 
665.975 
665.535 
665.695 
665.625 
665.755 
665.275 
665.395 
664.945 
665.06 
664.55 
664.68 
663.78 
663.82 
663.335 
663.45 
663.025 
663.065 
662.6 
662.69 
662.595 
662.73 
662.25 
662.42 
661.975 
662.15 
661.575 
661.825 
660.88 
661.095 
660.6 
660.83 
660.34 
660.545 
660.19 
660.385 
660.375 
660.635 
660.19 
660.55 
660.14 
660.405 
659.945 
660.335 
659.61 
659.905 
659.515 
659.79 
659.425 
659.765 
659.285 
659.58 
659.76 
660.05 
659.595 
659.88 
659.485 
659.84 
659.375 
659.695 
658.93 
659.175 
658.625 
658.955 
658.525 
658.7 
658.265 
658.5 
658.435 
658.545 
658.01 
658.175 
657.625 
657.695 
657.13 
657.22 
656.23 
656.23 
655.545 
655.505 
654.82 
654.765 
654.04 
653.91 
653.575 
653.395 
652.505 
652.425 
651.575 
651.31 
650.335 
650.135 
648.685 
648.455 
647.415 
647.065 
646.08 
645.595 
644.525 
644.055 
643.4 
642.905 
641.745 
641.255 
640.115 
639.555 
638.38 
637.805 
636.275 
635.64 
634.345 
633.735 
632.495 
631.83 
630.54 
629.89 
629.04 
628.39 
626.995 
626.345 
625.025 
624.46 
622.96 
622.38 
620.585 
619.95 
618.545 
617.88 
616.46 
615.785 
614.435 
613.69 
612.785 
612.1 
610.705 
610.08 
608.75 
607.975 
606.595 
605.915 
604.15 
603.435 
602.1 
601.385 
600.05 
599.26 
597.87 
597.18 
596.265 
595.475 
594.145 
593.355 
592.02 
591.245 
589.8 
589.075 
587.235 
586.415 
585.01 
584.22 
582.77 
581.93 
580.43 
579.61 
578.625 
577.715 
576.135 
575.305 
573.865 
572.86 
571.28 
570.47 
568.565 
567.6 
565.935 
565.03 
563.355 
562.425 
560.705 
559.7 
558.51 
557.455 
555.64 
554.655 
553.035 
551.96 
550.115 
549.035 
546.88 
545.84 
544.025 
542.88 
541.13 
539.92 
538.13 
537.015 
535.685 
534.545 
532.71 
531.6 
529.82 
528.675 
526.865 
525.71 
523.575 
522.4 
520.59 
519.495 
517.75 
516.635 
514.88 
513.72 
512.48 
511.45 
509.7 
508.6 
506.975 
505.975 
504.195 
503.3 
501.22 
500.24 
498.67 
497.715 
496.14 
495.28 
493.705 
492.785 
491.815 
490.94 
489.34 
488.545 
487.155 
486.36 
484.955 
484.115 
482.395 
481.66 
480.285 
479.57 
478.165 
477.585 
476.065 
475.5 
474.585 
474.04 
472.69 
472.025 
470.715 
470.16 
468.77 
468.22 
466.535 
465.99 
464.6 
464.07 
462.76 
462.22 
460.92 
460.25 
459.44 
458.845 
457.58 
456.85 
455.685 
454.98 
453.645 
453.015 
451.38 
450.7 
449.335 
448.655 
447.405 
446.63 
445.285 
444.54 
443.61 
442.86 
441.51 
440.81 
439.415 
438.625 
437.135 
436.39 
434.57 
433.805 
432.305 
431.53 
430.105 
429.255 
427.795 
427.01 
425.985 
425.13 
423.67 
422.79 
421.365 
420.59 
419.065 
418.265 
416.505 
415.64 
414.135 
413.39 
411.915 
411.135 
409.635 
408.86 
407.985 
407.225 
405.72 
405.055 
403.665 
402.925 
401.59 
400.95 
399.2 
398.51 
397.21 
396.55 
395.295 
394.635 
393.455 
392.85 
392.03 
391.51 
390.25 
389.805 
388.6 
388.07 
386.855 
386.48 
384.935 
384.43 
383.36 
382.895 
381.76 
381.365 
380.305 
379.87 
379.235 
378.875 
377.835 
377.445 
376.44 
376.06 
375.01 
374.65 
373.21 
372.785 
371.72 
371.39 
370.37 
369.995 
368.89 
368.555 
367.955 
367.555 
366.505 
366.13 
365.08 
364.64 
363.615 
363.23 
361.735 
361.195 
360.16 
359.645 
358.615 
358.12 
356.995 
356.475 
355.75 
355.255 
354.065 
353.535 
352.405 
351.83 
350.615 
350.12 
348.525 
347.905 
346.77 
346.115 
344.895 
344.295 
343.055 
342.545 
341.78 
341.14 
339.845 
339.245 
338.025 
337.465 
336.225 
335.64 
333.97 
333.395 
332.14 
331.575 
330.485 
329.885 
328.705 
328.175 
327.43 
326.995 
325.79 
325.315 
324.27 
323.79 
322.64 
322.27 
320.745 
320.35 
319.325 
318.93 
317.97 
317.555 
316.645 
316.275 
315.84 
315.5 
314.545 
314.29 
313.49 
313.25 
312.315 
312.06 
310.955 
310.775 
309.91 
309.735 
308.96 
308.775 
307.97 
307.86 
307.475 
307.325 
306.55 
306.46 
305.69 
305.615 
304.76 
304.725 
303.545 
303.38 
302.625 
302.525 
301.77 
301.605 
300.785 
300.685 
300.295 
300.18 
299.35 
299.19 
298.395 
298.18 
297.295 
297.08 
295.84 
295.62 
294.765 
294.495 
293.585 
293.385 
292.415 
292.12 
291.705 
291.35 
290.35 
290.05 
289.095 
288.755 
287.745 
287.44 
285.94 
285.58 
284.45 
284.05 
283.045 
282.67 
281.6 
281.2 
280.625 
280.14 
279.03 
278.59 
277.625 
277.21 
276.075 
275.66 
274.25 
273.86 
272.735 
272.375 
271.36 
270.94 
269.905 
269.6 
268.985 
268.7 
267.67 
267.3 
266.42 
266.1 
265.11 
264.925 
263.57 
263.345 
262.435 
262.17 
261.385 
261.165 
260.32 
260.21 
259.825 
259.69 
258.86 
258.865 
258.08 
258.03 
257.285 
257.255 
256.105 
256.115 
255.38 
255.355 
254.75 
254.66 
254.04 
254.07 
253.92 
253.96 
253.25 
253.325 
252.685 
252.74 
252.11 
252.145 
251.055 
251.09 
250.41 
250.47 
249.875 
249.895 
249.205 
249.22 
249.02 
248.985 
248.305 
248.33 
247.645 
247.555 
246.805 
246.825 
245.765 
245.61 
244.86 
244.7 
243.975 
243.84 
243.03 
242.91 
242.46 
242.295 
241.42 
241.19 
240.315 
240.16 
239.22 
239.07 
237.705 
237.365 
236.505 
236.175 
235.265 
235.005 
233.975 
233.7 
233.15 
232.79 
231.89 
231.555 
230.565 
230.255 
229.29 
229.04 
227.65 
227.32 
226.25 
226.03 
225.08 
224.8 
223.85 
223.635 
223.075 
222.9 
221.925 
221.785 
220.865 
220.675 
219.78 
219.725 
218.51 
218.27 
217.47 
217.36 
216.66 
216.5 
215.83 
215.66 
215.485 
215.39 
214.715 
214.775 
214.115 
214.105 
213.505 
213.565 
212.54 
212.64 
212.0 
212.07 
211.51 
211.64 
211.05 
211.14 
211.1 
211.22 
210.66 
210.745 
210.245 
210.405 
209.935 
210.05 
209.08 
209.21 
208.635 
208.82 
208.33 
208.375 
207.87 
207.88 
207.765 
207.9 
207.31 
207.405 
206.865 
206.89 
206.29 
206.325 
205.265 
205.265 
204.585 
204.55 
203.86 
203.85 
203.205 
203.075 
202.84 
202.695 
202.01 
201.86 
201.15 
201.02 
200.195 
200.115 
198.75 
198.64 
197.865 
197.625 
196.84 
196.575 
195.775 
195.565 
195.17 
194.945 
194.06 
193.92 
192.93 
192.795 
191.94 
191.725 
190.51 
190.215 
189.385 
189.145 
188.41 
188.225 
187.41 
187.195 
186.865 
186.725 
185.97 
185.845 
185.065 
185.03 
184.28 
184.175 
183.1 
183.08 
182.375 
182.385 
181.705 
181.805 
181.15 
181.21 
181.16 
181.155 
180.595 
180.735 
180.305 
180.345 
179.865 
180.04 
179.16 
179.325 
178.825 
179.05 
178.63 
178.815 
178.415 
178.605 
178.64 
178.835 
178.45 
178.665 
178.32 
178.525 
178.195 
178.42 
177.565 
177.835 
177.375 
177.65 
177.255 
177.47 
177.075 
177.25 
177.305 
177.465 
177.01 
177.19 
176.77 
176.885 
176.44 
176.58 
175.59 
175.69 
175.165 
175.27 
174.705 
174.775 
174.16 
174.19 
173.985 
174.01 
173.365 
173.355 
172.81 
172.695 
172.07 
172.035 
170.795 
170.73 
170.015 
169.965 
169.185 
169.095 
168.345 
168.195 
167.88 
167.765 
166.925 
166.85 
166.1 
165.945 
165.21 
165.08 
163.825 
163.675 
162.91 
162.825 
162.06 
161.88 
161.24 
161.115 
160.83 
160.735 
160.08 
160.08 
159.385 
159.455 
158.7 
158.775 
157.73 
157.74 
157.18 
157.26 
156.725 
156.82 
156.295 
156.385 
156.345 
156.53 
155.99 
156.235 
155.795 
156.005 
155.59 
155.89 
155.045 
155.355 
154.885 
155.125 
154.85 
155.115 
154.785 
155.045 
155.19 
155.505 
155.21 
155.5 
155.315 
155.575 
155.255 
155.565 
154.84 
155.15 
154.845 
155.2 
154.915 
155.115 
154.815 
155.06 
155.19 
155.465 
155.175 
155.365 
155.05 
155.205 
154.84 
155.12 
154.22 
154.425 
153.915 
154.105 
153.59 
153.77 
153.36 
153.365 
153.3 
153.42 
152.78 
152.835 
152.36 
152.42 
151.805 
151.835 
150.775 
150.77 
150.125 
150.12 
149.475 
149.465 
148.74 
148.75 
148.515 
148.465 
147.78 
147.705 
147.1 
146.93 
146.26 
146.28 
145.105 
145.065 
144.32 
144.29 
143.665 
143.64 
142.935 
142.935 
142.775 
142.795 
142.165 
142.195 
141.645 
141.71 
141.075 
141.22 
140.17 
140.305 
139.815 
139.955 
139.46 
139.57 
139.155 
139.415 
139.335 
139.545 
139.085 
139.385 
139.075 
139.325 
138.95 
139.21 
138.415 
138.705 
138.43 
138.655 
138.375 
138.675 
138.35 
138.715 
138.905 
139.225 
138.875 
139.28 
138.98 
139.355 
139.005 
139.43 
138.63 
138.99 
138.68 
138.995 
138.705 
138.97 
138.655 
138.9 
139.025 
139.315 
138.94 
139.18 
138.805 
139.04 
138.59 
138.88 
137.935 
138.105 
137.645 
137.82 
137.395 
137.5 
136.98 
137.045 
136.9 
136.98 
136.445 
136.505 
135.965 
135.975 
135.35 
135.345 
134.235 
134.24 
133.59 
133.535 
132.89 
132.78 
132.165 
132.085 
131.86 
131.725 
131.045 
131.02 
130.31 
130.2 
129.52 
129.41 
128.265 
128.245 
127.54 
127.525 
126.87 
126.81 
126.145 
126.11 
125.885 
125.92 
125.285 
125.38 
124.82 
124.83 
124.315 
124.44 
123.475 
123.575 
123.065 
123.245 
122.79 
122.99 
122.535 
122.785 
122.765 
122.995 
122.67 
122.97 
122.695 
123.0 
122.645 
123.04 
122.285 
122.605 
122.405 
122.71 
122.55 
122.85 
122.71 
123.11 
123.325 
123.72 
123.49 
124.01 
123.83 
124.265 
124.025 
124.475 
123.85 
124.255 
124.1 
124.535 
124.345 
124.685 
124.43 
124.865 
125.1 
125.46 
125.225 
125.64 
125.38 
125.69 
125.32 
125.82 
124.965 
125.23 
124.94 
125.13 
124.805 
125.06 
124.64 
124.84 
124.895 
124.995 
124.57 
124.81 
124.355 
124.46 
123.92 
124.045 
123.095 
123.165 
122.655 
122.725 
122.12 
122.19 
121.57 
121.64 
121.54 
121.515 
120.815 
120.985 
120.31 
120.335 
119.715 
119.76 
118.79 
118.805 
118.185 
118.24 
117.65 
117.695 
117.06 
117.135 
117.005 
117.07 
116.59 
116.735 
116.19 
116.305 
115.83 
115.94 
115.045 
115.21 
114.795 
114.915 
114.55 
114.745 
114.375 
114.695 
114.675 
115.01 
114.71 
115.0 
114.725 
115.04 
114.72 
115.135 
114.465 
114.83 
114.625 
114.97 
114.82 
115.19 
114.95 
115.43 
115.655 
116.035 
115.845 
116.255 
116.055 
116.6 
116.33 
116.815 
116.165 
116.57 
116.35 
116.83 
116.6 
117.03 
116.725 
117.11 
117.31 
117.715 
117.39 
117.795 
117.45 
117.875 
117.37 
117.84 
117.085 
117.4 
116.975 
117.195 
116.8 
117.11 
116.66 
116.885 
116.86 
116.995 
116.5 
116.76 
116.305 
116.395 
115.825 
115.935 
114.895 
115.025 
114.42 
114.47 
113.915 
113.96 
113.25 
113.355 
113.175 
113.215 
112.475 
112.535 
111.875 
111.96 
111.235 
111.27 
110.315 
110.35 
109.66 
109.68 
109.125 
109.17 
108.51 
108.585 
108.39 
108.535 
107.95 
108.105 
107.485 
107.73 
107.065 
107.335 
106.54 
106.7 
106.195 
106.46 
105.96 
106.23 
105.85 
106.155 
106.245 
106.515 
106.16 
106.575 
106.31 
106.68 
106.31 
106.78 
106.16 
106.58 
106.4 
106.83 
106.635 
107.065 
106.81 
107.34 
107.565 
108.105 
107.82 
108.335 
108.195 
108.715 
108.47 
109.085 
108.39 
108.875 
108.675 
109.19 
108.98 
109.395 
109.19 
109.705 
109.82 
110.32 
110.035 
110.485 
110.215 
110.61 
110.26 
110.695 
109.98 
110.34 
109.93 
110.285 
109.945 
110.21 
109.735 
110.09 
110.105 
110.285 
109.755 
110.005 
109.53 
109.755 
109.105 
109.385 
108.42 
108.585 
107.99 
108.075 
107.54 
107.635 
106.945 
107.07 
106.98 
107.015 
106.37 
106.42 
105.8 
105.825 
105.205 
105.27 
104.335 
104.37 
103.79 
103.91 
103.32 
103.32 
102.75 
102.855 
102.765 
102.815 
102.27 
102.475 
101.915 
102.11 
101.54 
101.8 
100.95 
101.205 
100.75 
100.95 
100.59 
100.885 
100.43 
100.735 
100.89 
101.24 
100.815 
101.225 
100.93 
101.345 
101.015 
101.455 
100.94 
101.31 
101.095 
101.55 
101.31 
101.78 
101.495 
102.035 
102.335 
102.82 
102.56 
103.13 
102.99 
103.52 
103.265 
103.79 
103.275 
103.75 
103.53 
104.025 
103.89 
104.285 
104.105 
104.595 
104.785 
105.29 
105.045 
105.455 
105.195 
105.65 
105.33 
105.675 
105.18 
105.505 
105.08 
105.485 
105.08 
105.455 
105.015 
105.29 
105.35 
105.71 
105.14 
105.465 
104.915 
105.155 
104.585 
104.845 
103.975 
104.1 
103.57 
103.67 
103.175 
103.28 
102.62 
102.725 
102.66 
102.765 
102.175 
102.27 
101.67 
101.74 
101.245 
101.31 
100.385 
100.425 
99.805 
99.99 
99.47 
99.525 
98.92 
99.11 
99.055 
99.21 
98.665 
98.8 
98.425 
98.615 
98.08 
98.38 
97.525 
97.795 
97.385 
97.705 
97.32 
97.61 
97.27 
97.615 
97.765 
98.165 
97.82 
98.29 
98.105 
98.435 
98.245 
98.715 
98.05 
98.555 
98.275 
98.815 
98.56 
99.145 
98.88 
99.48 
99.72 
100.295 
100.055 
100.61 
100.405 
100.935 
100.81 
101.31 
100.77 
101.315 
101.085 
101.61 
101.42 
101.875 
101.655 
102.175 
102.415 
102.83 
102.65 
103.08 
102.9 
103.19 
102.93 
103.345 
102.73 
103.015 
102.69 
103.05 
102.645 
102.985 
102.6 
102.885 
102.855 
103.11 
102.69 
102.965 
102.45 
102.625 
102.18 
102.37 
101.355 
101.585 
101.015 
101.11 
100.61 
100.705 
100.115 
100.235 
100.12 
100.18 
99.63 
99.745 
99.14 
99.255 
98.66 
98.725 
97.8 
97.9 
97.26 
97.39 
96.855 
96.935 
96.31 
96.46 
96.37 
96.57 
95.98 
96.195 
95.74 
95.93 
95.435 
95.76 
94.89 
95.11 
94.7 
94.95 
94.59 
94.895 
94.585 
94.86 
95.05 
95.465 
95.095 
95.53 
95.315 
95.69 
95.45 
95.94 
95.19 
95.7 
95.535 
95.93 
95.845 
96.32 
96.07 
96.665 
96.915 
97.375 
97.24 
97.72 
97.595 
98.12 
97.97 
98.46 
97.895 
98.32 
98.165 
98.615 
98.505 
98.98 
98.795 
99.21 
99.415 
99.905 
99.65 
100.035 
99.88 
100.23 
99.895 
100.36 
99.605 
99.955 
99.585 
99.87 
99.55 
99.855 
99.495 
99.71 
99.765 
100.015 
99.505 
99.755 
99.38 
99.545 
99.1 
99.15 
98.24 
98.465 
97.895 
98.04 
97.52 
97.68 
97.03 
97.18 
97.11 
97.195 
96.545 
96.72 
96.11 
96.225 
95.755 
95.775 
94.805 
94.905 
94.27 
94.385 
93.91 
94.015 
93.49 
93.64 
93.56 
93.785 
93.275 
93.445 
93.05 
93.28 
92.855 
93.14 
92.285 
92.52 
92.155 
92.405 
92.19 
92.4 
92.08 
92.485 
92.645 
92.99 
92.78 
93.21 
93.005 
93.39 
93.215 
93.695 
93.205 
93.615 
93.415 
93.975 
93.84 
94.27 
94.035 
94.62 
94.945 
95.5 
95.28 
95.815 
95.605 
96.235 
95.99 
96.58 
96.075 
96.57 
96.35 
96.91 
96.715 
97.125 
96.955 
97.405 
97.715 
98.225 
97.87 
98.35 
98.06 
98.52 
98.185 
98.66 
98.045 
98.335 
98.005 
98.425 
98.025 
98.39 
97.975 
98.21 
98.285 
98.61 
98.095 
98.4 
97.95 
98.125 
97.645 
97.875 
96.955 
97.17 
96.62 
96.775 
96.24 
96.39 
95.795 
95.96 
95.815 
95.92 
95.41 
95.555 
94.94 
95.055 
94.59 
94.655 
93.795 
93.955 
93.27 
93.53 
92.985 
93.15 
92.51 
92.74 
92.655 
92.97 
92.36 
92.635 
92.21 
92.45 
91.965 
92.305 
91.465 
91.805 
91.385 
91.735 
91.32 
91.71 
91.375 
91.78 
91.945 
92.37 
92.035 
92.52 
92.295 
92.74 
92.485 
93.01 
92.445 
92.905 
92.76 
93.135 
93.08 
93.435 
93.36 
93.91 
94.16 
94.73 
94.515 
95.07 
94.905 
95.495 
95.275 
95.825 
95.255 
95.715 
95.485 
96.04 
95.91 
96.3 
96.05 
96.58 
96.835 
97.295 
97.065 
97.43 
97.23 
97.615 
97.305 
97.72 
97.09 
97.44 
97.045 
97.375 
96.965 
97.385 
96.785 
97.165 
97.155 
97.47 
96.945 
97.175 
96.675 
96.91 
96.365 
96.52 
95.65 
95.855 
95.24 
95.335 
94.87 
95.03 
94.345 
94.6 
94.43 
94.525 
93.935 
94.08 
93.59 
93.66 
93.115 
93.225 
92.26 
92.4 
91.835 
92.055 
91.525 
91.62 
91.14 
91.285 
91.26 
91.465 
90.985 
91.155 
90.825 
91.055 
90.63 
90.895 
90.14 
90.395 
90.085 
90.38 
90.09 
90.43 
90.165 
90.495 
90.72 
91.145 
90.85 
91.34 
91.17 
91.54 
91.38 
91.865 
91.235 
91.78 
91.56 
92.07 
91.905 
92.435 
92.215 
92.835 
93.125 
93.66 
93.495 
93.97 
93.84 
94.425 
94.225 
94.815 
94.21 
94.715 
94.49 
95.04 
94.91 
95.345 
95.18 
95.64 
95.835 
96.325 
96.12 
96.48 
96.285 
96.71 
96.4 
96.795 
96.07 
96.425 
96.04 
96.385 
96.03 
96.3 
95.895 
96.195 
96.22 
96.44 
95.96 
96.215 
95.85 
95.95 
95.47 
95.645 
94.645 
94.855 
94.32 
94.435 
93.93 
94.025 
93.45 
93.635 
93.55 
93.65 
93.04 
93.175 
92.62 
92.67 
92.165 
92.2 
91.405 
91.52 
90.875 
90.99 
90.51 
90.635 
90.035 
90.27 
90.185 
90.41 
89.875 
90.115 
89.66 
89.9 
89.425 
89.735 
89.0 
89.335 
88.835 
89.185 
88.83 
89.205 
88.87 
89.235 
89.405 
89.87 
89.55 
89.985 
89.78 
90.15 
90.03 
90.47 
89.895 
90.355 
90.185 
90.65 
90.475 
90.92 
90.76 
91.32 
91.645 
92.075 
91.935 
92.435 
92.305 
92.845 
92.655 
93.07 
92.57 
93.06 
92.84 
93.37 
93.14 
93.59 
93.385 
93.825 
94.005 
94.475 
94.275 
94.585 
94.385 
94.675 
94.39 
94.785 
94.035 
94.405 
93.97 
94.305 
93.88 
94.2 
93.7 
94.04 
94.0 
94.26 
93.705 
93.945 
93.535 
93.75 
93.155 
93.315 
92.405 
92.565 
91.955 
92.065 
91.55 
91.615 
91.07 
91.21 
91.095 
91.155 
90.565 
90.685 
90.11 
90.215 
89.715 
89.83 
88.83 
88.99 
88.405 
88.52 
88.02 
88.17 
87.66 
87.825 
87.815 
87.97 
87.55 
87.765 
87.355 
87.555 
87.15 
87.51 
86.685 
86.995 
86.61 
86.96 
86.625 
86.97 
86.705 
87.115 
87.29 
87.66 
87.405 
87.88 
87.715 
88.13 
88.0 
88.44 
87.91 
88.43 
88.195 
88.645 
88.57 
89.085 
88.89 
89.42 
89.82 
90.26 
90.08 
90.64 
90.5 
91.06 
90.87 
91.39 
90.835 
91.365 
91.145 
91.66 
91.485 
91.93 
91.755 
92.19 
92.435 
92.89 
92.655 
93.09 
92.88 
93.21 
92.96 
93.34 
92.655 
92.98 
92.65 
92.93 
92.6 
92.915 
92.525 
92.79 
92.86 
93.045 
92.605 
92.87 
92.44 
92.605 
92.07 
92.325 
91.335 
91.515 
91.05 
91.105 
90.66 
90.775 
90.205 
90.36 
90.325 
90.405 
89.815 
89.995 
89.48 
89.555 
89.06 
89.215 
88.165 
88.355 
87.815 
87.945 
87.505 
87.69 
87.17 
87.375 
87.375 
87.585 
87.11 
87.405 
87.035 
87.25 
86.93 
87.25 
86.42 
86.785 
86.455 
86.765 
86.5 
86.895 
86.63 
87.0 
87.28 
87.65 
87.45 
87.91 
87.77 
88.255 
88.08 
88.535 
88.02 
88.51 
88.39 
88.89 
88.73 
89.295 
89.225 
89.7 
90.015 
90.52 
90.415 
90.96 
90.875 
91.415 
91.27 
91.79 
91.275 
91.74 
91.615 
92.04 
91.965 
92.36 
92.15 
92.69 
92.95 
93.34 
93.155 
93.52 
93.3 
93.665 
93.36 
93.75 
93.14 
93.475 
93.15 
93.505 
93.11 
93.43 
92.94 
93.225 
93.255 
93.505 
92.955 
93.28 
92.72 
93.005 
92.35 
92.595 
91.735 
91.905 
91.325 
91.43 
90.89 
91.015 
90.355 
90.565 
90.41 
90.61 
89.94 
90.045 
89.485 
89.615 
89.04 
89.175 
88.305 
88.405 
87.81 
87.98 
87.52 
87.61 
87.12 
87.34 
87.265 
87.555 
87.01 
87.295 
86.87 
87.145 
86.775 
87.035 
86.315 
86.61 
86.225 
86.545 
86.3 
86.665 
86.395 
86.745 
86.99 
87.4 
87.12 
87.665 
87.48 
87.92 
87.685 
88.195 
87.735 
88.235 
88.015 
88.545 
88.49 
88.975 
88.72 
89.32 
89.68 
90.185 
90.0 
90.555 
90.375 
90.97 
90.75 
91.3 
90.815 
91.335 
91.115 
91.565 
91.435 
91.97 
91.615 
92.17 
92.415 
92.86 
92.54 
93.005 
92.705 
93.105 
92.765 
93.205 
92.525 
92.83 
92.505 
92.81 
92.405 
92.74 
92.325 
92.49 
92.57 
92.79 
92.235 
92.525 
92.065 
92.205 
91.735 
91.945 
90.99 
91.15 
90.545 
90.69 
90.175 
90.285 
89.725 
89.885 
89.72 
89.855 
89.28 
89.385 
88.825 
88.995 
88.41 
88.545 
87.71 
87.875 
87.235 
87.425 
86.935 
87.125 
86.53 
86.715 
86.715 
87.02 
86.485 
86.71 
86.275 
86.605 
86.225 
86.545 
85.81 
86.16 
85.725 
86.12 
85.84 
86.295 
85.915 
86.37 
86.57 
86.95 
86.715 
87.25 
87.085 
87.605 
87.375 
87.875 
87.325 
87.935 
87.75 
88.3 
88.135 
88.675 
88.5 
89.085 
89.445 
89.95 
89.84 
90.36 
90.235 
90.805 
90.69 
91.26 
90.71 
91.19 
90.97 
91.5 
91.375 
91.875 
91.66 
92.055 
92.31 
92.785 
92.54 
92.95 
92.7 
93.105 
92.81 
93.115 
92.5 
92.795 
92.425 
92.745 
92.3 
92.625 
92.15 
92.46 
92.425 
92.66 
92.105 
92.42 
91.9 
92.02 
91.55 
91.725 
90.74 
90.975 
90.315 
90.46 
89.915 
90.035 
89.435 
89.555 
89.43 
89.56 
88.925 
89.005 
88.49 
88.55 
88.025 
88.095 
87.255 
87.25 
86.72 
86.92 
86.415 
86.52 
86.055 
86.16 
86.145 
86.45 
85.94 
86.16 
85.815 
86.07 
85.695 
86.01 
85.225 
85.555 
85.215 
85.54 
85.27 
85.67 
85.44 
85.83 
86.055 
86.545 
86.29 
86.825 
86.695 
87.165 
86.99 
87.505 
87.015 
87.585 
87.4 
87.985 
87.825 
88.435 
88.265 
88.91 
89.22 
89.87 
89.665 
90.235 
90.165 
90.73 
90.605 
91.215 
90.705 
91.25 
91.055 
91.665 
91.57 
92.04 
91.86 
92.335 
92.595 
93.155 
92.885 
93.385 
93.12 
93.57 
93.35 
93.755 
93.08 
93.475 
93.14 
93.46 
93.125 
93.455 
93.07 
93.34 
93.33 
93.635 
93.205 
93.49 
93.025 
93.185 
92.765 
92.875 
91.965 
92.15 
91.61 
91.76 
91.305 
91.36 
90.82 
91.005 
90.895 
90.935 
90.37 
90.49 
89.975 
90.1 
89.525 
89.64 
88.7 
88.88 
88.22 
88.455 
87.915 
88.1 
87.53 
87.74 
87.705 
87.985 
87.49 
87.685 
87.32 
87.625 
87.15 
87.45 
86.71 
87.035 
86.655 
86.96 
86.655 
87.095 
86.76 
87.2 
87.4 
87.765 
87.6 
88.035 
87.925 
88.325 
88.23 
88.715 
88.12 
88.575 
88.48 
89.025 
88.845 
89.36 
89.22 
89.795 
90.145 
90.625 
90.47 
91.03 
90.95 
91.5 
91.385 
91.865 
91.27 
91.75 
91.61 
92.165 
91.97 
92.485 
92.275 
92.755 
92.98 
93.4 
93.24 
93.58 
93.37 
93.72 
93.46 
93.865 
93.105 
93.52 
93.105 
93.445 
93.05 
93.36 
92.98 
93.16 
93.225 
93.43 
92.91 
93.11 
92.7 
92.815 
92.33 
92.49 
91.56 
91.61 
91.16 
91.185 
90.695 
90.795 
90.165 
90.315 
90.22 
90.23 
89.67 
89.74 
89.225 
89.335 
88.75 
88.865 
87.93 
88.02 
87.45 
87.595 
87.105 
87.215 
86.67 
86.865 
86.81 
87.04 
86.53 
86.82 
86.42 
86.66 
86.23 
86.51 
85.8 
86.04 
85.76 
85.98 
85.76 
86.08 
85.87 
86.26 
86.47 
86.865 
86.62 
87.185 
86.92 
87.41 
87.25 
87.725 
87.135 
87.65 
87.435 
88.01 
87.93 
88.485 
88.355 
88.93 
89.16 
89.755 
89.705 
90.22 
90.17 
90.725 
90.635 
91.17 
90.615 
91.175 
90.985 
91.555 
91.47 
91.875 
91.71 
92.215 
92.475 
93.005 
92.8 
93.225 
93.1 
93.47 
93.2 
93.615 
92.905 
93.225 
92.92 
93.275 
92.985 
93.285 
92.915 
93.235 
93.275 
93.48 
93.135 
93.295 
92.93 
93.12 
92.605 
92.835 
91.915 
92.105 
91.56 
91.685 
91.24 
91.335 
90.805 
90.94 
90.91 
90.865 
90.41 
90.515 
90.005 
90.12 
89.595 
89.735 
88.9 
89.035 
88.495 
88.61 
88.045 
88.335 
87.77 
88.02 
87.95 
88.25 
87.705 
87.95 
87.535 
87.83 
87.33 
87.77 
86.995 
