Run 6 on 20200810 on sample T20-5d, LT thermometer,  dT/T0 = 0.02
Time per point = 2.91667e-05 seconds
-597.0 
-597.57 
-597.07 
-597.37 
-597.07 
-597.34 
-597.02 
-597.73 
-597.39 
-597.76 
-597.45 
-597.68 
-597.3 
-597.66 
-597.31 
-597.22 
-596.93 
-597.24 
-596.98 
-597.33 
-596.98 
-597.38 
-597.07 
-597.84 
-597.57 
-597.99 
-597.69 
-598.07 
-597.83 
-598.19 
-597.98 
-597.9 
-597.72 
-598.19 
-597.94 
-598.28 
-598.13 
-598.61 
-598.38 
-599.14 
-598.92 
-599.52 
-599.2 
-599.71 
-599.52 
-600.04 
-599.95 
-599.93 
-599.74 
-600.3 
-600.16 
-600.66 
-600.39 
-600.92 
-600.74 
-601.69 
-601.51 
-602.08 
-601.91 
-602.33 
-602.22 
-602.75 
-602.52 
-602.66 
-602.43 
-602.99 
-602.88 
-603.33 
-603.19 
-603.71 
-603.57 
-604.44 
-604.24 
-604.82 
-604.61 
-605.11 
-604.92 
-605.42 
-605.23 
-605.31 
-605.17 
-605.67 
-605.45 
-605.82 
-605.69 
-606.11 
-605.95 
-606.74 
-606.58 
-607.01 
-606.8 
-607.19 
-606.93 
-607.44 
-607.02 
-606.94 
-606.73 
-607.11 
-606.84 
-607.13 
-606.79 
-607.09 
-606.83 
-607.49 
-607.17 
-607.5 
-607.12 
-607.3 
-607.02 
-607.22 
-606.84 
-606.67 
-606.25 
-606.47 
-606.1 
-606.34 
-605.86 
-606.1 
-605.58 
-606.18 
-605.74 
-605.98 
-605.48 
-605.65 
-605.2 
-605.38 
-604.91 
-604.63 
-604.14 
-604.29 
-603.82 
-603.89 
-603.47 
-603.5 
-603.04 
-603.64 
-603.14 
-603.28 
-602.69 
-602.82 
-602.36 
-602.38 
-601.87 
-601.6 
-601.11 
-601.17 
-600.64 
-600.73 
-600.18 
-600.3 
-599.71 
-600.23 
-599.63 
-599.78 
-599.19 
-599.23 
-598.66 
-598.84 
-598.25 
-597.85 
-597.29 
-597.33 
-596.74 
-596.79 
-596.21 
-596.28 
-595.61 
-595.95 
-595.41 
-595.61 
-594.95 
-595.08 
-594.45 
-594.58 
-594.02 
-593.54 
-592.9 
-593.0 
-592.37 
-592.47 
-591.79 
-592.0 
-591.38 
-591.7 
-591.16 
-591.24 
-590.71 
-590.8 
-590.18 
-590.24 
-589.61 
-589.21 
-588.7 
-588.63 
-588.02 
-588.01 
-587.51 
-587.54 
-586.89 
-587.35 
-586.7 
-586.7 
-586.18 
-586.2 
-585.56 
-585.6 
-584.95 
-584.58 
-583.93 
-583.95 
-583.36 
-583.34 
-582.7 
-582.8 
-582.23 
-582.54 
-581.89 
-581.99 
-581.32 
-581.43 
-580.74 
-580.76 
-580.16 
-579.71 
-579.17 
-579.27 
-578.62 
-578.53 
-578.02 
-578.1 
-577.46 
-577.85 
-577.25 
-577.4 
-576.88 
-576.96 
-576.24 
-576.42 
-575.8 
-575.49 
-575.0 
-575.0 
-574.5 
-574.66 
-574.1 
-574.22 
-573.68 
-574.15 
-573.66 
-573.78 
-573.21 
-573.34 
-572.86 
-573.0 
-572.52 
-572.16 
-571.68 
-571.87 
-571.36 
-571.47 
-570.98 
-571.21 
-570.67 
-571.24 
-570.71 
-570.95 
-570.5 
-570.61 
-570.1 
-570.36 
-569.94 
-569.64 
-569.25 
-569.49 
-568.95 
-569.12 
-568.76 
-568.96 
-568.57 
-569.08 
-568.77 
-568.96 
-568.51 
-568.73 
-568.29 
-568.57 
-568.19 
-568.05 
-567.65 
-567.81 
-567.45 
-567.63 
-567.26 
-567.56 
-567.12 
-567.74 
-567.26 
-567.63 
-567.23 
-567.38 
-567.01 
-567.41 
-566.82 
-566.65 
-566.26 
-566.44 
-566.09 
-566.31 
-565.82 
-566.13 
-565.67 
-566.19 
-565.81 
-566.06 
-565.58 
-565.73 
-565.3 
-565.47 
-565.05 
-564.76 
-564.36 
-564.55 
-564.12 
-564.2 
-563.79 
-564.0 
-563.49 
-564.03 
-563.57 
-563.72 
-563.34 
-563.42 
-562.99 
-563.19 
-562.63 
-562.38 
-561.92 
-562.01 
-561.59 
-561.64 
-561.11 
-561.4 
-560.9 
-561.34 
-560.91 
-560.97 
-560.53 
-560.63 
-560.05 
-560.22 
-559.7 
-559.3 
-558.81 
-558.9 
-558.4 
-558.41 
-557.88 
-557.93 
-557.39 
-557.85 
-557.29 
-557.35 
-556.8 
-556.77 
-556.26 
-556.25 
-555.64 
-555.26 
-554.51 
-554.59 
-554.02 
-554.0 
-553.39 
-553.33 
-552.66 
-553.06 
-552.41 
-552.41 
-551.76 
-551.71 
-551.06 
-551.0 
-550.35 
-549.85 
-549.17 
-549.03 
-548.33 
-548.26 
-547.56 
-547.55 
-546.71 
-546.98 
-546.31 
-546.25 
-545.35 
-545.19 
-544.42 
-544.35 
-543.49 
-542.83 
-542.09 
-541.82 
-541.0 
-540.74 
-539.87 
-539.63 
-538.8 
-538.84 
-537.98 
-537.64 
-536.61 
-536.27 
-535.29 
-534.89 
-533.83 
-533.09 
-531.88 
-531.48 
-530.37 
-529.83 
-528.73 
-528.16 
-526.95 
-526.72 
-525.46 
-524.85 
-523.58 
-522.87 
-521.65 
-520.99 
-519.53 
-518.37 
-517.06 
-516.18 
-514.73 
-513.97 
-512.49 
-511.64 
-510.09 
-509.5 
-507.88 
-506.91 
-505.28 
-504.31 
-502.61 
-501.58 
-499.81 
-498.24 
-496.45 
-495.3 
-493.5 
-492.29 
-490.27 
-489.16 
-487.12 
-486.14 
-484.19 
-482.81 
-480.73 
-479.25 
-477.2 
-475.73 
-473.56 
-471.49 
-469.28 
-467.71 
-465.43 
-463.77 
-461.46 
-459.75 
-457.36 
-456.03 
-453.55 
-451.75 
-449.33 
-447.35 
-444.83 
-443.02 
-440.5 
-438.09 
-435.48 
-433.4 
-430.75 
-428.67 
-426.05 
-423.91 
-421.16 
-419.4 
-416.53 
-414.48 
-411.68 
-409.51 
-406.57 
-404.45 
-401.37 
-398.91 
-395.85 
-393.64 
-390.61 
-388.27 
-385.25 
-382.96 
-379.93 
-377.86 
-374.78 
-372.36 
-369.32 
-366.87 
-363.74 
-361.29 
-358.17 
-355.27 
-352.0 
-349.5 
-346.32 
-343.8 
-340.6 
-337.96 
-334.78 
-332.56 
-329.39 
-326.81 
-323.55 
-320.9 
-317.62 
-315.1 
-311.77 
-308.74 
-305.4 
-302.81 
-299.52 
-296.91 
-293.58 
-290.91 
-287.62 
-285.36 
-282.07 
-279.47 
-276.19 
-273.46 
-270.24 
-267.6 
-264.24 
-261.16 
-257.9 
-255.36 
-251.98 
-249.25 
-245.98 
-243.28 
-240.06 
-237.68 
-234.48 
-231.74 
-228.53 
-225.85 
-222.48 
-219.98 
-216.6 
-213.56 
-210.27 
-207.62 
-204.29 
-201.62 
-198.33 
-195.72 
-192.36 
-190.1 
-186.8 
-184.11 
-180.92 
-178.24 
-174.86 
-172.34 
-168.98 
-165.96 
-162.64 
-160.08 
-156.67 
-154.16 
-150.9 
-148.21 
-144.94 
-142.66 
-139.36 
-136.89 
-133.71 
-131.01 
-127.87 
-125.21 
-122.09 
-119.06 
-115.86 
-113.33 
-110.21 
-107.64 
-104.42 
-101.99 
-98.81 
-96.69 
-93.62 
-91.16 
-88.06 
-85.61 
-82.48 
-80.1 
-76.99 
-74.2 
-71.01 
-68.66 
-65.6 
-63.15 
-60.23 
-57.92 
-54.82 
-52.8 
-49.76 
-47.56 
-44.6 
-42.22 
-39.23 
-37.06 
-34.04 
-31.33 
-28.37 
-26.19 
-23.25 
-20.95 
-18.18 
-15.93 
-13.04 
-11.27 
-8.42 
-6.29 
-3.42 
-1.26 
1.53 
3.57 
6.37 
8.96 
11.7 
13.76 
16.5 
18.56 
21.24 
23.23 
26.0 
27.68 
30.32 
32.31 
34.94 
36.87 
39.51 
41.44 
44.06 
46.4 
49.1 
50.96 
53.49 
55.5 
57.97 
59.88 
62.42 
63.9 
66.51 
68.42 
70.88 
72.75 
75.25 
77.09 
79.55 
81.94 
84.44 
86.16 
88.83 
90.64 
93.14 
94.93 
97.41 
98.94 
101.56 
103.31 
105.78 
107.53 
110.07 
111.79 
114.32 
116.47 
118.98 
120.77 
123.23 
124.97 
127.43 
129.17 
131.6 
133.04 
135.43 
137.15 
139.61 
141.31 
143.68 
145.37 
147.82 
149.99 
152.39 
154.01 
156.45 
158.13 
160.42 
162.19 
164.37 
165.83 
168.12 
169.81 
172.14 
173.73 
176.01 
177.57 
179.97 
182.0 
184.33 
185.8 
188.16 
189.77 
191.96 
193.55 
195.69 
196.9 
199.23 
200.69 
202.84 
204.4 
206.57 
208.0 
210.17 
212.09 
214.31 
215.59 
217.76 
219.16 
221.29 
222.61 
224.7 
225.78 
227.76 
229.12 
231.24 
232.54 
234.57 
235.84 
237.9 
239.51 
241.64 
242.8 
244.78 
246.11 
248.04 
249.3 
251.22 
252.21 
254.15 
255.25 
257.25 
258.47 
260.42 
261.64 
263.54 
265.17 
267.14 
268.23 
270.33 
271.51 
273.4 
274.6 
276.57 
277.41 
279.45 
280.56 
282.52 
283.79 
285.63 
286.85 
288.78 
290.48 
292.39 
293.57 
295.42 
296.69 
298.73 
299.94 
301.73 
302.7 
304.57 
305.8 
307.75 
308.89 
310.86 
312.03 
313.94 
315.61 
317.55 
318.71 
320.64 
321.91 
323.78 
324.91 
326.9 
327.77 
329.67 
330.89 
332.85 
333.97 
335.85 
336.97 
338.95 
340.57 
342.39 
343.55 
345.5 
346.68 
348.57 
349.7 
351.51 
352.29 
354.18 
355.29 
357.22 
358.33 
360.22 
361.17 
363.03 
364.69 
366.53 
367.56 
369.29 
370.47 
372.2 
373.21 
375.03 
375.77 
377.5 
378.51 
380.27 
381.3 
383.02 
383.99 
385.7 
387.17 
388.84 
389.68 
391.41 
392.33 
394.0 
394.85 
396.5 
397.05 
398.71 
399.53 
401.1 
402.0 
403.56 
404.45 
406.01 
407.39 
408.89 
409.82 
411.43 
412.22 
413.74 
414.6 
416.03 
416.57 
418.19 
418.98 
420.45 
421.37 
422.86 
423.7 
425.19 
426.45 
428.03 
428.78 
430.32 
431.09 
432.62 
433.46 
434.97 
435.37 
436.84 
437.64 
439.11 
439.93 
441.34 
442.17 
443.62 
444.85 
446.27 
446.96 
448.51 
449.23 
450.54 
451.43 
452.84 
453.16 
454.58 
455.29 
456.62 
457.36 
458.77 
459.38 
460.76 
461.85 
463.13 
463.76 
465.18 
465.85 
467.07 
467.7 
469.02 
469.26 
470.52 
471.1 
472.31 
472.95 
474.18 
474.71 
476.02 
476.94 
478.13 
478.61 
479.88 
480.39 
481.57 
482.05 
483.23 
483.51 
484.6 
485.05 
486.17 
486.72 
487.83 
488.28 
489.36 
490.26 
491.35 
491.76 
492.89 
493.33 
494.36 
494.79 
495.81 
495.87 
496.94 
497.32 
498.37 
498.81 
499.92 
500.21 
501.25 
502.17 
503.19 
503.59 
504.7 
505.13 
506.17 
506.68 
507.71 
507.89 
509.06 
509.42 
510.62 
511.09 
512.16 
512.68 
513.79 
514.68 
515.93 
516.36 
517.72 
518.14 
519.43 
519.96 
521.26 
521.35 
522.62 
523.17 
524.53 
525.14 
526.35 
527.01 
528.24 
529.34 
530.75 
531.24 
532.54 
533.31 
534.67 
535.29 
536.58 
536.95 
538.2 
539.01 
540.36 
541.02 
542.39 
543.0 
544.33 
545.44 
546.87 
547.57 
548.92 
549.47 
550.89 
551.56 
552.95 
553.28 
554.65 
555.31 
556.66 
557.26 
558.72 
559.3 
560.66 
561.76 
563.1 
563.87 
565.07 
565.81 
567.16 
567.8 
569.12 
569.42 
570.82 
571.38 
572.71 
573.4 
574.61 
575.23 
576.62 
577.56 
578.82 
579.39 
580.67 
581.31 
582.53 
583.05 
584.35 
584.45 
585.73 
586.24 
587.37 
587.97 
589.19 
589.56 
590.74 
591.8 
592.87 
593.36 
594.51 
594.96 
596.21 
596.58 
597.73 
597.97 
599.09 
599.52 
600.68 
601.21 
602.27 
602.73 
603.9 
604.83 
605.92 
606.4 
607.61 
608.13 
609.21 
609.7 
610.83 
610.98 
612.08 
612.57 
613.76 
614.4 
615.45 
616.05 
617.25 
618.23 
619.38 
619.89 
621.19 
621.7 
622.85 
623.49 
624.77 
624.89 
626.11 
626.7 
627.88 
628.43 
629.69 
630.15 
631.43 
632.48 
633.63 
634.2 
635.36 
635.84 
637.11 
637.63 
638.8 
638.97 
640.12 
640.62 
641.85 
642.28 
643.43 
643.9 
645.06 
645.99 
647.11 
647.55 
648.62 
649.07 
650.25 
650.62 
651.66 
651.73 
652.76 
653.08 
654.15 
654.46 
655.43 
655.76 
656.76 
657.49 
658.47 
658.67 
659.58 
659.9 
660.86 
661.06 
661.89 
661.65 
662.48 
662.78 
663.51 
663.59 
664.42 
664.57 
665.36 
665.78 
666.51 
666.61 
667.43 
667.45 
668.09 
668.05 
668.74 
668.35 
668.93 
668.96 
669.66 
669.6 
670.18 
670.09 
670.72 
671.06 
671.7 
671.57 
672.21 
672.14 
672.67 
672.58 
673.28 
672.79 
673.33 
673.29 
673.87 
673.82 
674.4 
674.3 
674.87 
675.33 
676.04 
675.89 
676.64 
676.59 
677.15 
677.19 
677.9 
677.57 
678.3 
678.26 
678.96 
678.94 
679.72 
679.62 
680.43 
680.88 
681.67 
681.66 
682.45 
682.48 
683.18 
683.28 
684.08 
683.8 
684.65 
684.54 
685.35 
685.49 
686.29 
686.37 
687.17 
687.78 
688.53 
688.65 
689.45 
689.66 
690.4 
690.5 
691.44 
691.3 
692.02 
692.09 
693.0 
693.12 
693.96 
694.12 
694.8 
695.43 
696.29 
696.44 
697.25 
697.53 
698.32 
698.4 
699.17 
699.02 
699.78 
699.84 
700.74 
700.85 
701.7 
701.62 
702.47 
703.0 
703.81 
703.81 
704.63 
704.67 
705.42 
705.48 
706.16 
705.84 
706.6 
706.5 
707.26 
707.27 
707.96 
707.91 
708.64 
709.09 
709.78 
709.7 
710.34 
710.38 
711.0 
710.88 
711.63 
711.29 
711.83 
711.72 
712.47 
712.36 
713.08 
713.0 
713.64 
714.11 
714.83 
714.69 
715.42 
715.48 
716.14 
716.13 
716.87 
716.51 
717.23 
717.23 
717.92 
717.97 
718.75 
718.72 
719.48 
720.02 
720.82 
720.84 
721.69 
721.72 
722.61 
722.54 
723.4 
723.14 
723.93 
724.03 
724.84 
725.0 
725.76 
725.88 
726.73 
727.39 
728.2 
728.38 
729.14 
729.4 
730.19 
730.43 
731.22 
731.1 
732.1 
732.1 
733.02 
733.25 
734.08 
734.24 
735.07 
735.71 
736.67 
736.75 
737.74 
737.87 
738.75 
738.99 
739.8 
739.7 
740.45 
740.61 
741.6 
741.65 
742.67 
742.68 
743.57 
744.25 
745.0 
745.13 
745.92 
746.13 
746.97 
747.0 
747.84 
747.63 
748.38 
748.5 
749.22 
749.38 
750.09 
750.06 
750.83 
751.33 
752.01 
752.01 
752.73 
752.8 
753.34 
753.4 
754.1 
753.61 
754.23 
754.26 
754.82 
754.84 
755.42 
755.37 
755.94 
756.3 
756.96 
756.76 
757.38 
757.31 
757.77 
757.7 
758.39 
757.89 
758.46 
758.33 
758.88 
758.74 
759.25 
759.16 
759.66 
760.14 
760.57 
760.39 
761.01 
760.93 
761.43 
761.38 
761.9 
761.44 
761.99 
761.81 
762.32 
762.22 
762.8 
762.65 
763.27 
763.5 
764.0 
763.92 
764.46 
764.4 
764.9 
764.79 
765.39 
764.88 
765.47 
765.3 
765.9 
765.81 
766.39 
766.17 
766.73 
767.08 
767.73 
767.48 
768.07 
768.04 
768.57 
768.41 
769.06 
768.59 
769.18 
769.0 
769.58 
769.52 
770.14 
769.97 
770.58 
771.0 
771.59 
771.39 
772.05 
771.93 
772.56 
772.4 
773.02 
772.66 
773.15 
773.13 
773.61 
773.63 
774.16 
774.09 
774.59 
774.92 
775.41 
775.27 
775.84 
775.85 
776.29 
776.1 
776.67 
776.15 
776.49 
776.41 
776.94 
776.84 
777.23 
777.08 
777.49 
777.82 
778.21 
778.1 
778.52 
778.45 
778.83 
778.69 
779.2 
778.46 
778.85 
778.75 
779.11 
779.11 
779.44 
779.27 
779.78 
780.03 
780.38 
780.23 
780.72 
780.54 
781.11 
780.87 
781.25 
780.73 
781.07 
781.04 
781.47 
781.38 
781.81 
781.67 
782.18 
782.5 
782.89 
782.79 
783.34 
783.23 
783.64 
783.5 
783.98 
783.31 
783.77 
783.58 
784.08 
784.01 
784.4 
784.3 
784.78 
785.11 
785.63 
785.4 
785.91 
785.82 
786.15 
786.0 
786.53 
786.03 
786.37 
786.28 
786.69 
786.56 
786.98 
786.82 
787.36 
787.64 
788.05 
787.89 
788.36 
788.09 
788.58 
788.34 
788.95 
788.22 
788.67 
788.48 
788.92 
788.81 
789.15 
789.04 
789.4 
789.64 
789.96 
789.76 
790.3 
790.09 
790.5 
790.22 
790.56 
789.92 
790.26 
790.05 
790.43 
790.16 
790.46 
790.17 
790.54 
790.66 
791.13 
790.68 
791.1 
790.75 
791.05 
790.7 
791.07 
790.37 
790.61 
790.34 
790.58 
790.32 
790.61 
790.33 
790.59 
790.67 
790.89 
790.58 
790.98 
790.7 
790.9 
790.56 
790.87 
790.12 
790.47 
790.08 
790.5 
790.2 
790.37 
790.15 
790.54 
790.56 
790.87 
790.56 
790.9 
790.65 
790.99 
790.55 
790.93 
790.28 
790.52 
790.3 
790.63 
790.43 
790.68 
790.5 
790.76 
790.96 
791.18 
790.94 
791.33 
791.17 
791.45 
791.15 
791.61 
790.92 
791.21 
791.07 
791.45 
791.19 
791.59 
791.34 
791.77 
792.05 
792.39 
792.2 
792.69 
792.39 
792.89 
792.58 
793.1 
792.47 
792.89 
792.69 
793.13 
793.11 
793.43 
793.31 
793.74 
794.01 
794.41 
794.32 
794.74 
794.64 
795.06 
794.82 
795.35 
794.82 
795.15 
794.98 
795.51 
795.33 
795.87 
795.6 
796.05 
796.34 
796.78 
796.54 
796.91 
796.71 
797.17 
796.91 
797.41 
796.84 
797.11 
796.98 
797.32 
797.19 
797.52 
797.27 
797.76 
797.9 
798.26 
798.02 
798.4 
798.29 
798.61 
798.4 
798.78 
798.26 
798.58 
798.31 
798.73 
798.5 
798.91 
798.68 
799.09 
799.36 
799.79 
799.48 
799.91 
799.72 
800.3 
799.89 
800.36 
799.92 
800.29 
800.04 
800.61 
800.26 
800.82 
800.58 
801.05 
801.24 
801.76 
801.56 
802.04 
801.89 
802.42 
802.12 
802.71 
802.09 
802.61 
802.41 
802.9 
802.84 
803.32 
803.06 
803.58 
803.88 
804.39 
804.27 
804.73 
804.64 
805.17 
805.07 
805.63 
805.09 
805.67 
805.47 
806.06 
805.98 
806.54 
806.36 
806.97 
807.31 
807.88 
807.68 
808.26 
808.15 
808.82 
808.56 
809.16 
808.69 
809.28 
809.03 
809.59 
809.55 
810.04 
809.94 
810.45 
810.7 
811.29 
811.02 
811.58 
811.56 
811.95 
811.71 
812.25 
811.7 
812.14 
811.9 
812.38 
812.09 
812.6 
812.26 
812.66 
812.88 
813.2 
812.96 
813.29 
813.07 
813.46 
813.06 
813.43 
812.79 
813.06 
812.77 
813.03 
812.72 
812.95 
812.63 
812.92 
813.03 
813.26 
812.88 
813.24 
812.84 
813.13 
812.69 
812.98 
812.34 
812.58 
812.12 
812.43 
812.08 
812.28 
811.91 
812.29 
812.14 
812.53 
812.09 
812.41 
812.04 
812.29 
811.85 
812.24 
811.48 
811.79 
811.4 
811.7 
811.43 
811.72 
811.3 
811.72 
811.75 
812.07 
811.8 
812.17 
811.81 
812.21 
811.93 
812.28 
811.74 
812.08 
811.79 
812.2 
812.07 
812.46 
812.17 
812.7 
812.94 
813.42 
813.21 
813.66 
813.6 
814.06 
813.84 
814.34 
813.88 
814.37 
814.28 
814.74 
814.64 
815.24 
815.08 
815.65 
815.98 
816.52 
816.42 
816.95 
816.91 
817.45 
817.35 
817.92 
817.48 
818.02 
817.98 
818.43 
818.36 
818.98 
818.71 
819.31 
819.54 
820.08 
819.95 
820.47 
820.27 
820.81 
820.61 
821.03 
820.53 
821.04 
820.81 
821.26 
821.09 
821.51 
821.18 
821.67 
821.87 
822.43 
821.98 
822.47 
822.15 
822.62 
822.27 
822.78 
822.15 
822.51 
822.3 
822.63 
822.39 
822.69 
822.42 
822.79 
822.91 
823.26 
822.9 
823.25 
823.04 
823.39 
822.93 
823.31 
822.61 
823.06 
822.64 
822.95 
822.62 
822.99 
822.55 
822.94 
823.01 
823.38 
822.99 
823.36 
822.99 
823.31 
822.98 
823.28 
822.66 
823.06 
822.59 
823.0 
822.67 
823.01 
822.67 
823.06 
823.24 
823.58 
823.24 
823.64 
823.38 
823.77 
823.45 
823.85 
823.27 
823.69 
823.39 
823.87 
823.58 
824.01 
823.8 
824.2 
824.44 
824.89 
824.71 
825.08 
825.02 
825.46 
825.22 
825.64 
825.28 
825.68 
825.53 
825.94 
825.87 
826.27 
826.07 
826.62 
826.81 
827.22 
827.01 
827.54 
827.28 
827.72 
827.43 
827.98 
827.3 
827.78 
827.49 
827.92 
827.62 
828.05 
827.63 
828.13 
828.24 
828.62 
828.25 
828.67 
828.37 
828.74 
828.34 
828.73 
828.17 
828.39 
827.95 
828.35 
827.97 
828.31 
827.88 
828.19 
828.22 
828.52 
828.01 
828.28 
827.92 
828.21 
827.78 
828.07 
827.29 
827.52 
827.03 
827.33 
826.91 
827.15 
826.59 
826.78 
826.88 
827.04 
826.57 
826.89 
826.38 
826.56 
826.16 
826.33 
825.49 
825.69 
825.27 
825.41 
825.04 
825.14 
824.83 
825.01 
824.92 
825.11 
824.64 
824.92 
824.41 
824.75 
824.2 
824.59 
823.71 
823.98 
823.49 
823.76 
823.33 
823.61 
823.31 
823.51 
823.62 
823.98 
823.5 
823.82 
823.52 
823.77 
823.43 
823.76 
823.16 
823.47 
823.16 
823.49 
823.18 
823.53 
823.21 
823.51 
823.69 
824.08 
823.66 
824.16 
823.8 
824.2 
823.85 
824.26 
823.51 
823.94 
823.56 
823.96 
823.67 
824.09 
823.66 
824.1 
824.17 
824.58 
824.27 
824.62 
824.26 
824.64 
824.27 
824.69 
824.06 
824.4 
824.06 
824.36 
824.11 
824.53 
824.18 
824.46 
824.61 
824.91 
824.59 
824.95 
824.7 
825.02 
824.69 
825.15 
824.44 
824.83 
824.45 
824.84 
824.48 
824.91 
824.49 
824.95 
825.18 
825.48 
825.14 
825.6 
825.28 
825.73 
825.41 
825.69 
825.24 
825.6 
825.25 
825.66 
825.42 
825.78 
825.44 
825.91 
826.1 
826.42 
826.03 
826.54 
826.27 
826.79 
826.21 
826.72 
826.16 
826.5 
826.19 
826.64 
826.42 
826.79 
826.55 
826.97 
827.11 
827.59 
827.28 
827.79 
827.51 
827.94 
827.72 
828.22 
827.7 
828.07 
827.83 
828.32 
828.15 
828.53 
828.29 
828.83 
829.11 
829.55 
829.33 
829.88 
829.67 
830.19 
829.95 
830.53 
830.02 
830.38 
830.25 
830.69 
830.58 
831.09 
830.81 
831.37 
831.61 
832.16 
831.85 
832.4 
832.22 
832.66 
832.42 
833.04 
832.48 
832.96 
832.82 
833.2 
833.15 
833.56 
833.26 
833.76 
834.02 
834.6 
834.32 
834.7 
834.65 
835.11 
834.77 
835.36 
834.79 
835.22 
835.0 
835.53 
835.28 
835.87 
835.49 
836.09 
836.33 
836.81 
836.51 
837.03 
836.91 
837.43 
837.08 
837.64 
837.26 
837.6 
837.46 
837.87 
837.72 
838.12 
838.0 
838.48 
838.73 
839.1 
838.92 
839.39 
839.08 
839.55 
839.36 
839.68 
839.14 
839.62 
839.29 
839.77 
839.45 
839.89 
839.55 
840.02 
840.22 
840.63 
840.3 
840.67 
840.45 
840.73 
840.52 
840.91 
840.19 
840.64 
840.33 
840.66 
840.45 
840.74 
840.33 
840.75 
840.9 
841.18 
840.82 
841.18 
840.8 
841.07 
840.77 
841.11 
840.38 
840.74 
840.26 
840.62 
840.29 
840.55 
840.14 
840.49 
840.46 
840.74 
840.37 
840.58 
840.31 
840.46 
840.01 
840.25 
839.46 
839.7 
839.21 
839.5 
839.07 
839.3 
838.89 
839.02 
839.07 
839.28 
838.78 
838.97 
838.61 
838.74 
838.28 
838.56 
837.83 
837.94 
837.5 
837.67 
837.29 
837.48 
837.01 
837.24 
837.32 
837.51 
836.98 
837.35 
836.86 
837.13 
836.73 
836.93 
836.22 
836.57 
836.0 
836.27 
835.95 
836.22 
835.75 
836.13 
836.16 
836.54 
836.0 
836.3 
836.01 
836.29 
835.86 
836.24 
835.51 
835.86 
835.42 
835.69 
835.39 
835.79 
835.29 
835.68 
835.8 
836.07 
835.67 
836.06 
835.68 
836.03 
835.74 
836.06 
835.39 
835.7 
835.4 
835.71 
835.42 
835.78 
835.41 
835.76 
835.97 
836.25 
835.87 
836.34 
836.02 
836.4 
836.03 
836.45 
835.73 
836.08 
835.76 
836.17 
835.94 
836.3 
835.96 
836.36 
836.5 
836.8 
836.62 
836.84 
836.57 
837.01 
836.67 
836.96 
836.37 
836.75 
836.34 
836.81 
836.45 
836.7 
836.4 
836.75 
836.82 
837.21 
836.74 
837.12 
836.74 
837.05 
836.67 
837.03 
836.3 
836.6 
836.24 
836.48 
836.11 
836.45 
835.91 
836.32 
836.35 
836.68 
836.32 
836.53 
836.17 
836.5 
836.08 
836.4 
835.65 
835.96 
835.52 
835.95 
835.55 
835.76 
835.38 
835.73 
835.85 
836.14 
835.72 
836.01 
835.63 
836.01 
835.54 
835.98 
835.21 
835.51 
835.06 
835.45 
835.01 
835.37 
835.04 
835.29 
835.49 
835.76 
835.37 
835.74 
835.41 
835.73 
835.35 
835.7 
835.01 
835.35 
834.93 
835.19 
834.84 
835.26 
834.76 
835.05 
835.25 
835.54 
835.18 
835.48 
835.18 
835.52 
835.15 
835.51 
834.78 
835.1 
834.69 
835.02 
834.73 
835.05 
834.72 
835.0 
835.14 
835.56 
835.22 
835.6 
835.13 
835.54 
835.22 
835.51 
835.0 
835.31 
835.01 
835.34 
835.09 
835.36 
834.96 
835.39 
835.55 
835.81 
835.53 
835.91 
835.54 
835.82 
835.57 
835.94 
835.19 
835.49 
835.18 
835.53 
835.21 
835.63 
835.27 
835.62 
835.72 
836.02 
835.79 
836.08 
835.82 
836.15 
835.86 
836.2 
835.67 
835.98 
835.67 
836.03 
835.77 
836.07 
835.93 
836.25 
836.41 
836.77 
836.53 
836.99 
836.72 
837.15 
836.86 
837.3 
836.69 
837.04 
836.83 
837.13 
836.96 
837.44 
837.23 
837.61 
837.77 
838.29 
837.92 
838.4 
838.21 
838.58 
838.29 
838.81 
838.17 
838.53 
838.34 
838.72 
838.51 
838.96 
838.68 
839.12 
839.36 
839.66 
839.43 
839.88 
839.72 
840.03 
839.74 
840.16 
839.61 
839.95 
839.62 
840.0 
839.88 
840.2 
839.98 
840.42 
840.56 
840.98 
840.77 
841.13 
840.93 
841.3 
841.06 
841.5 
840.94 
841.31 
841.03 
841.56 
841.27 
841.68 
841.39 
841.86 
841.98 
842.43 
842.11 
842.55 
842.33 
842.75 
842.41 
842.9 
842.21 
842.61 
842.34 
842.68 
842.43 
842.89 
842.46 
843.06 
843.11 
843.56 
843.16 
843.56 
843.3 
843.67 
843.42 
843.73 
843.15 
843.63 
843.24 
843.54 
843.37 
843.76 
843.37 
843.79 
843.91 
844.25 
843.99 
844.41 
844.1 
844.51 
844.16 
844.63 
843.87 
844.23 
843.93 
844.32 
844.03 
844.42 
844.11 
844.4 
844.59 
844.95 
844.58 
844.96 
844.8 
845.05 
844.67 
845.08 
844.47 
844.75 
844.43 
844.73 
844.42 
844.8 
844.29 
844.68 
844.73 
844.94 
844.52 
844.85 
844.45 
844.69 
844.29 
844.59 
843.79 
843.99 
843.58 
843.83 
843.44 
843.58 
843.15 
843.39 
843.32 
843.61 
843.08 
843.28 
842.84 
843.03 
842.48 
842.73 
841.82 
842.07 
841.53 
841.76 
841.28 
841.44 
841.0 
841.18 
841.23 
841.25 
840.78 
841.0 
840.53 
840.63 
840.16 
840.48 
839.54 
839.67 
839.19 
839.44 
838.85 
839.07 
838.56 
838.8 
838.73 
838.94 
838.41 
838.72 
838.24 
838.33 
837.86 
838.11 
837.33 
837.57 
837.14 
837.29 
836.87 
837.14 
836.72 
836.89 
836.98 
837.22 
836.76 
837.04 
836.69 
836.95 
836.57 
836.78 
836.17 
836.38 
835.97 
836.36 
836.0 
836.28 
835.98 
836.26 
836.42 
836.83 
836.41 
836.84 
836.44 
836.76 
836.52 
836.94 
836.26 
836.61 
836.34 
836.71 
836.46 
836.77 
836.43 
836.84 
836.98 
837.42 
837.08 
837.47 
837.2 
837.58 
837.27 
837.61 
836.9 
837.18 
836.9 
837.22 
837.02 
837.28 
836.98 
837.31 
837.49 
837.84 
837.4 
837.69 
837.39 
837.77 
837.41 
837.82 
837.12 
837.36 
837.06 
837.35 
837.04 
837.34 
836.95 
837.36 
837.38 
837.69 
837.29 
837.71 
837.33 
837.65 
837.2 
837.52 
836.85 
837.16 
836.72 
836.99 
836.63 
837.06 
836.52 
836.89 
836.99 
837.24 
836.85 
837.12 
836.78 
837.1 
836.59 
836.97 
836.25 
836.6 
836.14 
836.42 
836.08 
836.44 
835.97 
836.34 
836.36 
836.63 
836.31 
836.59 
836.28 
836.6 
836.23 
836.59 
835.84 
836.22 
835.87 
836.24 
835.97 
836.34 
836.04 
836.45 
836.55 
837.07 
836.67 
837.11 
836.9 
837.34 
837.05 
837.61 
837.03 
837.46 
837.23 
837.72 
837.58 
838.01 
837.72 
838.27 
838.57 
839.07 
838.83 
839.39 
839.19 
839.67 
839.49 
839.98 
839.53 
840.02 
839.82 
840.24 
840.16 
840.72 
840.46 
840.96 
841.16 
841.7 
841.43 
841.92 
841.71 
842.28 
841.99 
842.49 
842.07 
842.47 
842.16 
842.59 
842.41 
842.89 
842.6 
843.07 
843.18 
843.72 
843.34 
843.89 
843.49 
843.94 
843.62 
844.05 
843.39 
843.71 
843.43 
843.84 
843.58 
843.87 
843.57 
843.88 
844.06 
844.36 
844.03 
844.42 
844.06 
844.35 
843.96 
844.37 
843.6 
844.02 
843.46 
843.8 
843.41 
843.73 
843.29 
843.63 
843.64 
843.91 
843.46 
843.74 
843.31 
843.6 
843.17 
843.39 
842.58 
842.85 
842.36 
842.75 
842.29 
842.44 
842.05 
842.37 
842.35 
842.63 
842.09 
842.36 
842.02 
842.22 
841.76 
842.14 
841.35 
841.6 
841.17 
841.49 
841.08 
841.34 
840.91 
841.2 
841.23 
841.48 
841.04 
841.43 
841.08 
841.33 
840.89 
841.23 
840.52 
840.75 
840.37 
840.7 
840.28 
840.62 
840.15 
840.47 
840.5 
840.86 
840.33 
840.7 
840.25 
840.61 
840.22 
840.47 
839.9 
840.1 
839.59 
839.99 
839.61 
839.85 
839.36 
839.73 
839.81 
840.09 
839.67 
839.95 
839.67 
839.95 
839.45 
839.88 
839.05 
839.45 
839.03 
839.3 
838.98 
839.35 
838.98 
839.23 
839.36 
839.65 
839.22 
839.69 
839.32 
839.67 
839.31 
839.55 
839.08 
839.43 
839.02 
839.29 
839.07 
839.38 
838.97 
839.37 
839.51 
839.79 
839.47 
839.82 
839.51 
839.85 
839.51 
839.79 
839.15 
