Run 0 on 20200811 on sample T20-5d, LT thermometer,  dT/T0 = 0.02
Time per point = 3.125e-05 seconds
-264.075 
-264.725 
-264.405 
-264.84 
-264.545 
-264.925 
-264.75 
-265.475 
-265.22 
-265.625 
-265.335 
-265.735 
-265.46 
-265.79 
-265.58 
-265.455 
-265.125 
-265.52 
-265.21 
-265.42 
-265.11 
-265.54 
-265.08 
-265.89 
-265.495 
-265.835 
-265.445 
-265.79 
-265.375 
-265.745 
-265.29 
-265.225 
-264.795 
-265.145 
-264.69 
-264.95 
-264.605 
-264.92 
-264.5 
-265.13 
-264.68 
-265.065 
-264.725 
-265.015 
-264.61 
-264.98 
-264.65 
-264.435 
-264.095 
-264.475 
-264.11 
-264.535 
-264.11 
-264.475 
-264.17 
-264.865 
-264.58 
-265.065 
-264.735 
-265.01 
-264.81 
-265.235 
-264.96 
-264.895 
-264.67 
-265.095 
-264.845 
-265.275 
-265.03 
-265.5 
-265.26 
-266.095 
-265.87 
-266.355 
-266.16 
-266.665 
-266.44 
-266.97 
-266.78 
-266.8 
-266.605 
-267.125 
-266.95 
-267.395 
-267.29 
-267.8 
-267.55 
-268.465 
-268.275 
-268.8 
-268.59 
-269.035 
-268.855 
-269.325 
-269.175 
-269.18 
-268.945 
-269.46 
-269.125 
-269.54 
-269.33 
-269.72 
-269.485 
-270.33 
-270.025 
-270.485 
-270.135 
-270.58 
-270.265 
-270.665 
-270.33 
-270.22 
-269.8 
-270.19 
-269.825 
-270.075 
-269.735 
-270.07 
-269.665 
-270.295 
-269.915 
-270.225 
-269.765 
-270.03 
-269.59 
-269.885 
-269.405 
-269.135 
-268.74 
-269.0 
-268.475 
-268.7 
-268.235 
-268.46 
-268.07 
-268.62 
-268.165 
-268.4 
-267.925 
-268.11 
-267.695 
-267.905 
-267.45 
-267.205 
-266.77 
-267.055 
-266.58 
-266.82 
-266.385 
-266.665 
-266.24 
-266.935 
-266.485 
-266.81 
-266.385 
-266.63 
-266.275 
-266.54 
-266.205 
-266.075 
-265.755 
-265.975 
-265.66 
-265.98 
-265.645 
-266.085 
-265.705 
-266.36 
-266.015 
-266.44 
-266.13 
-266.48 
-266.105 
-266.61 
-266.265 
-266.22 
-265.89 
-266.4 
-265.975 
-266.435 
-266.1 
-266.475 
-266.275 
-266.975 
-266.6 
-267.07 
-266.86 
-267.16 
-266.88 
-267.29 
-266.935 
-266.805 
-266.48 
-266.81 
-266.455 
-266.76 
-266.46 
-266.75 
-266.335 
-267.035 
-266.67 
-266.965 
-266.55 
-266.775 
-266.385 
-266.67 
-266.215 
-266.03 
-265.565 
-265.81 
-265.29 
-265.5 
-265.025 
-265.245 
-264.725 
-265.24 
-264.8 
-265.045 
-264.455 
-264.665 
-264.125 
-264.275 
-263.805 
-263.545 
-262.935 
-263.125 
-262.54 
-262.65 
-262.205 
-262.295 
-261.79 
-262.335 
-261.81 
-262.01 
-261.565 
-261.695 
-261.155 
-261.465 
-260.93 
-260.685 
-260.19 
-260.4 
-259.96 
-260.165 
-259.62 
-259.96 
-259.435 
-260.145 
-259.735 
-260.065 
-259.6 
-259.905 
-259.565 
-259.845 
-259.445 
-259.36 
-258.98 
-259.27 
-258.965 
-259.27 
-258.96 
-259.37 
-259.06 
-259.79 
-259.54 
-259.945 
-259.69 
-260.04 
-259.77 
-260.13 
-259.945 
-259.915 
-259.655 
-260.04 
-259.82 
-260.245 
-259.975 
-260.44 
-260.135 
-260.995 
-260.725 
-261.265 
-260.95 
-261.375 
-261.095 
-261.54 
-261.21 
-261.13 
-260.91 
-261.325 
-260.96 
-261.365 
-261.105 
-261.39 
-261.12 
-261.76 
-261.42 
-261.78 
-261.39 
-261.66 
-261.335 
-261.67 
-261.29 
-261.115 
-260.645 
-260.93 
-260.55 
-260.785 
-260.285 
-260.575 
-260.06 
-260.7 
-260.195 
-260.47 
-260.0 
-260.175 
-259.66 
-259.895 
-259.375 
-259.085 
-258.595 
-258.85 
-258.29 
-258.45 
-257.92 
-258.13 
-257.64 
-258.15 
-257.685 
-257.855 
-257.385 
-257.61 
-257.175 
-257.35 
-256.845 
-256.58 
-256.13 
-256.435 
-255.92 
-256.19 
-255.765 
-255.98 
-255.63 
-256.255 
-255.885 
-256.2 
-255.82 
-256.02 
-255.74 
-256.01 
-255.625 
-255.545 
-255.18 
-255.56 
-255.21 
-255.63 
-255.27 
-255.62 
-255.31 
-256.13 
-255.885 
-256.315 
-256.015 
-256.405 
-256.145 
-256.55 
-256.315 
-256.285 
-256.065 
-256.495 
-256.19 
-256.565 
-256.385 
-256.83 
-256.495 
-257.345 
-257.175 
-257.535 
-257.305 
-257.71 
-257.43 
-257.79 
-257.585 
-257.415 
-257.155 
-257.55 
-257.18 
-257.525 
-257.2 
-257.52 
-257.21 
-257.925 
-257.525 
-257.845 
-257.435 
-257.755 
-257.365 
-257.61 
-257.12 
-256.97 
-256.485 
-256.7 
-256.25 
-256.485 
-255.855 
-256.145 
-255.555 
-256.16 
-255.65 
-255.87 
-255.24 
-255.365 
-254.765 
-254.955 
-254.405 
-254.045 
-253.475 
-253.61 
-252.9 
-253.04 
-252.395 
-252.525 
-251.895 
-252.245 
-251.625 
-251.71 
-251.055 
-251.11 
-250.47 
-250.615 
-250.005 
-249.555 
-248.93 
-249.07 
-248.355 
-248.415 
-247.775 
-247.83 
-247.28 
-247.63 
-247.05 
-247.16 
-246.515 
-246.49 
-245.88 
-246.0 
-245.36 
-244.96 
-244.355 
-244.415 
-243.725 
-243.775 
-243.115 
-243.225 
-242.555 
-242.965 
-242.325 
-242.345 
-241.695 
-241.66 
-241.055 
-241.035 
-240.395 
-239.965 
-239.205 
-239.19 
-238.405 
-238.335 
-237.655 
-237.575 
-236.81 
-237.12 
-236.415 
-236.2 
-235.385 
-235.255 
-234.435 
-234.25 
-233.35 
-232.645 
-231.76 
-231.515 
-230.55 
-230.27 
-229.32 
-228.875 
-227.9 
-227.9 
-226.815 
-226.49 
-225.385 
-224.885 
-223.745 
-223.325 
-222.2 
-221.185 
-219.98 
-219.425 
-218.235 
-217.605 
-216.345 
-215.775 
-214.425 
-214.22 
-212.855 
-212.235 
-210.81 
-210.095 
-208.685 
-208.005 
-206.6 
-205.435 
-203.91 
-203.285 
-201.76 
-200.925 
-199.6 
-198.73 
-197.305 
-196.915 
-195.425 
-194.61 
-193.205 
-192.285 
-190.84 
-190.09 
-188.635 
-187.355 
-185.9 
-185.115 
-183.6 
-182.815 
-181.35 
-180.58 
-179.11 
-178.7 
-177.34 
-176.515 
-175.1 
-174.315 
-172.92 
-172.13 
-170.765 
-169.62 
-168.14 
-167.445 
-166.02 
-165.355 
-163.94 
-163.31 
-161.98 
-161.63 
-160.285 
-159.605 
-158.3 
-157.645 
-156.34 
-155.74 
-154.43 
-153.38 
-152.05 
-151.5 
-150.2 
-149.565 
-148.3 
-147.765 
-146.475 
-146.29 
-145.04 
-144.495 
-143.22 
-142.665 
-141.35 
-140.875 
-139.565 
-138.53 
-137.225 
-136.725 
-135.44 
-134.84 
-133.63 
-133.015 
-131.75 
-131.485 
-130.33 
-129.72 
-128.39 
-127.78 
-126.5 
-125.945 
-124.66 
-123.635 
-122.265 
-121.715 
-120.38 
-119.75 
-118.46 
-117.885 
-116.56 
-116.335 
-115.075 
-114.42 
-113.165 
-112.505 
-111.255 
-110.62 
-109.375 
-108.28 
-106.985 
-106.45 
-105.11 
-104.45 
-103.19 
-102.615 
-101.32 
-101.205 
-99.965 
-99.385 
-98.22 
-97.69 
-96.365 
-95.895 
-94.62 
-93.63 
-92.44 
-91.965 
-90.72 
-90.225 
-89.045 
-88.615 
-87.405 
-87.41 
-86.225 
-85.86 
-84.715 
-84.28 
-83.17 
-82.825 
-81.675 
-80.82 
-79.77 
-79.405 
-78.325 
-77.94 
-76.95 
-76.625 
-75.57 
-75.565 
-74.63 
-74.36 
-73.345 
-73.06 
-71.965 
-71.735 
-70.72 
-70.02 
-69.095 
-68.85 
-67.89 
-67.525 
-66.62 
-66.41 
-65.415 
-65.57 
-64.655 
-64.375 
-63.485 
-63.13 
-62.275 
-62.005 
-61.0 
-60.255 
-59.305 
-59.03 
-58.13 
-57.825 
-56.82 
-56.57 
-55.555 
-55.615 
-54.605 
-54.37 
-53.37 
-53.01 
-52.04 
-51.705 
-50.68 
-49.945 
-48.895 
-48.615 
-47.58 
-47.19 
-46.13 
-45.785 
-44.74 
-44.745 
-43.64 
-43.31 
-42.295 
-41.915 
-40.83 
-40.435 
-39.425 
-38.59 
-37.525 
-37.195 
-36.13 
-35.68 
-34.675 
-34.345 
-33.255 
-33.185 
-32.235 
-31.895 
-30.835 
-30.475 
-29.43 
-29.125 
-28.075 
-27.31 
-26.305 
-25.975 
-24.99 
-24.66 
-23.725 
-23.455 
-22.38 
-22.615 
-21.63 
-21.36 
-20.43 
-20.15 
-19.295 
-19.07 
-18.115 
-17.39 
-16.575 
-16.365 
-15.51 
-15.275 
-14.38 
-14.235 
-13.38 
-13.615 
-12.79 
-12.73 
-11.915 
-11.73 
-10.945 
-10.855 
-10.07 
-9.505 
-8.68 
-8.68 
-7.79 
-7.71 
-6.95 
-6.895 
-6.09 
-6.5 
-5.69 
-5.635 
-4.875 
-4.77 
-4.005 
-3.93 
-3.19 
-2.605 
-1.905 
-1.76 
-1.025 
-0.83 
-0.07 
0.07 
0.83 
0.465 
1.275 
1.42 
2.19 
2.375 
3.17 
3.345 
4.155 
4.785 
5.545 
5.745 
6.555 
6.825 
7.595 
7.775 
8.68 
8.415 
9.215 
9.45 
10.315 
10.495 
11.355 
11.57 
12.405 
13.115 
13.925 
14.155 
15.0 
15.21 
16.075 
16.205 
17.115 
16.86 
17.75 
17.93 
18.755 
19.03 
19.855 
19.985 
20.85 
21.375 
22.215 
22.36 
23.17 
23.435 
24.155 
24.365 
25.105 
24.805 
25.605 
25.75 
26.52 
26.715 
27.335 
27.52 
28.255 
28.765 
29.5 
29.575 
30.26 
30.46 
31.145 
31.24 
31.92 
31.45 
32.16 
32.16 
32.85 
32.92 
33.56 
33.625 
34.285 
34.66 
35.33 
35.31 
36.025 
36.015 
36.62 
36.58 
37.285 
36.74 
37.385 
37.415 
38.07 
38.02 
38.655 
38.64 
39.36 
39.76 
40.36 
40.355 
41.025 
41.05 
41.665 
41.665 
42.325 
41.87 
42.56 
42.6 
43.28 
43.345 
44.02 
44.055 
44.77 
45.22 
45.895 
45.965 
46.645 
46.83 
47.49 
47.605 
48.31 
47.92 
48.56 
48.705 
49.425 
49.52 
50.26 
50.42 
51.055 
51.55 
52.25 
52.405 
53.1 
53.23 
53.915 
53.935 
54.62 
54.29 
55.02 
55.07 
55.8 
55.795 
56.56 
56.585 
57.25 
57.735 
58.365 
58.415 
59.08 
59.155 
59.845 
59.785 
60.505 
60.0 
60.64 
60.65 
61.34 
61.315 
61.91 
61.875 
62.455 
62.875 
63.44 
63.335 
64.015 
63.965 
64.52 
64.385 
64.995 
64.545 
65.14 
64.925 
65.51 
65.375 
66.0 
65.845 
66.375 
66.665 
67.24 
67.085 
67.65 
67.535 
68.075 
67.88 
68.475 
67.96 
68.445 
68.26 
68.87 
68.76 
69.295 
69.155 
69.77 
70.105 
70.695 
70.485 
71.135 
71.09 
71.735 
71.63 
72.195 
71.78 
72.34 
72.3 
72.865 
72.91 
73.495 
73.52 
74.17 
74.535 
75.29 
75.29 
75.915 
75.96 
76.665 
76.685 
77.4 
76.97 
77.645 
77.68 
78.41 
78.475 
79.195 
79.2 
79.925 
80.415 
81.15 
81.175 
81.95 
81.99 
82.655 
82.785 
83.555 
83.03 
83.835 
83.755 
84.49 
84.555 
85.285 
85.245 
85.985 
86.405 
87.1 
87.085 
87.775 
87.785 
88.51 
88.435 
89.17 
88.705 
89.345 
89.295 
89.935 
89.92 
90.565 
90.435 
91.12 
91.465 
91.98 
91.97 
92.595 
92.425 
93.085 
92.99 
93.555 
93.04 
93.55 
93.425 
93.905 
93.765 
94.26 
94.17 
94.675 
94.93 
95.42 
95.2 
95.74 
95.57 
96.08 
95.895 
96.45 
95.785 
96.32 
96.065 
96.555 
96.405 
96.795 
96.64 
97.12 
97.375 
97.85 
97.66 
98.125 
98.055 
98.515 
98.255 
98.795 
98.24 
98.75 
98.525 
99.13 
98.97 
99.53 
99.28 
99.78 
100.08 
100.655 
100.505 
101.07 
100.895 
101.5 
101.425 
101.975 
101.41 
101.97 
101.805 
102.355 
102.26 
102.88 
102.735 
103.265 
103.65 
104.105 
103.98 
104.58 
104.51 
105.04 
104.93 
105.45 
104.99 
105.565 
105.42 
105.9 
105.77 
106.29 
106.09 
106.735 
106.99 
107.5 
107.32 
107.9 
107.79 
108.28 
108.045 
108.505 
107.93 
108.455 
108.285 
108.7 
108.6 
109.015 
108.835 
109.315 
109.52 
110.005 
109.745 
110.255 
110.05 
110.4 
110.2 
110.655 
109.94 
110.355 
110.045 
110.435 
110.2 
110.545 
110.375 
110.72 
110.87 
111.28 
110.965 
111.415 
111.145 
111.52 
111.275 
111.67 
110.915 
111.325 
111.07 
111.405 
111.18 
111.57 
111.335 
111.75 
111.98 
112.345 
112.115 
112.53 
112.37 
112.76 
112.64 
113.015 
112.36 
112.89 
112.675 
113.125 
112.91 
113.34 
113.165 
113.71 
113.945 
114.41 
114.305 
114.82 
114.715 
115.225 
115.005 
115.545 
115.01 
115.51 
115.36 
115.91 
115.69 
116.29 
116.11 
116.71 
116.985 
117.47 
117.41 
117.95 
117.85 
118.335 
118.16 
118.74 
118.185 
118.775 
118.51 
119.02 
118.885 
119.41 
119.185 
119.725 
120.02 
120.495 
120.29 
120.805 
120.655 
121.12 
120.94 
121.415 
120.79 
121.27 
121.06 
121.53 
121.28 
121.755 
121.52 
121.93 
122.17 
122.66 
122.39 
122.805 
122.595 
122.96 
122.73 
123.145 
122.46 
122.875 
122.56 
122.965 
122.72 
123.12 
122.805 
123.25 
123.365 
123.74 
123.535 
123.785 
123.605 
123.94 
123.65 
124.08 
123.32 
123.665 
123.39 
123.75 
123.53 
123.895 
123.645 
124.035 
124.24 
124.655 
124.37 
124.78 
124.625 
124.945 
124.765 
125.22 
124.55 
125.015 
124.72 
125.14 
124.96 
125.47 
125.205 
125.66 
125.93 
126.395 
126.285 
126.77 
126.64 
127.055 
126.915 
127.435 
126.795 
127.3 
127.13 
127.675 
127.49 
127.99 
127.9 
128.36 
128.66 
129.1 
128.915 
129.47 
129.355 
129.83 
129.665 
130.135 
129.505 
130.02 
129.76 
130.23 
130.13 
130.55 
130.34 
130.805 
131.095 
131.535 
131.31 
131.76 
131.555 
132.0 
131.73 
132.2 
131.52 
131.94 
131.66 
132.095 
131.89 
132.245 
131.955 
132.365 
132.555 
132.92 
132.665 
132.98 
132.745 
133.08 
132.82 
133.19 
132.42 
132.8 
132.405 
132.78 
132.455 
132.765 
132.47 
132.825 
132.93 
133.285 
132.885 
133.265 
132.955 
133.335 
132.955 
133.33 
132.56 
132.875 
132.53 
132.915 
132.615 
132.945 
132.67 
132.97 
133.215 
133.505 
133.26 
133.685 
133.4 
133.83 
133.53 
134.005 
133.25 
133.645 
133.35 
133.825 
133.635 
134.02 
133.8 
134.215 
134.45 
134.905 
134.675 
135.165 
135.005 
135.5 
135.195 
135.635 
135.065 
135.545 
135.305 
135.77 
135.63 
136.09 
135.87 
136.285 
136.555 
137.0 
136.825 
137.32 
137.15 
137.565 
137.37 
137.815 
137.06 
137.545 
137.355 
137.725 
137.545 
137.945 
137.75 
138.13 
138.355 
138.715 
138.465 
138.885 
138.655 
139.05 
138.84 
139.225 
138.52 
138.81 
138.545 
138.95 
138.645 
138.93 
138.715 
138.985 
139.125 
139.415 
139.205 
139.455 
139.18 
139.48 
139.14 
139.54 
138.68 
138.965 
138.585 
138.91 
138.595 
138.885 
138.525 
138.78 
138.895 
139.175 
138.84 
139.19 
138.88 
139.115 
138.695 
139.04 
138.245 
138.52 
138.28 
138.555 
138.25 
138.58 
138.18 
138.545 
138.71 
139.02 
138.725 
139.09 
138.81 
139.165 
138.805 
139.265 
138.595 
139.015 
138.66 
139.125 
138.86 
139.255 
139.085 
139.475 
139.645 
140.04 
139.88 
140.3 
140.145 
140.555 
140.315 
140.795 
140.145 
140.57 
140.295 
140.825 
140.575 
141.115 
140.865 
141.325 
141.525 
141.945 
141.75 
142.195 
142.015 
142.435 
142.15 
142.655 
141.97 
142.315 
142.165 
142.615 
142.355 
142.725 
142.505 
142.925 
143.125 
143.44 
143.17 
143.605 
143.305 
143.68 
143.305 
143.77 
143.055 
143.41 
143.04 
143.48 
143.18 
143.465 
143.11 
143.465 
143.59 
143.93 
143.51 
143.93 
143.505 
143.825 
143.395 
143.76 
143.035 
143.315 
142.915 
143.18 
142.86 
143.145 
142.76 
143.06 
143.125 
143.385 
143.02 
143.32 
143.015 
143.315 
142.825 
143.21 
142.425 
142.695 
142.38 
142.71 
142.355 
142.655 
142.29 
142.66 
142.82 
143.095 
142.76 
143.15 
142.76 
143.225 
142.86 
143.255 
142.605 
142.96 
142.67 
143.115 
142.865 
143.24 
142.915 
143.425 
143.595 
144.045 
143.79 
144.285 
144.065 
144.405 
144.2 
144.62 
144.085 
144.46 
144.245 
144.715 
144.51 
145.045 
144.67 
145.18 
145.46 
145.89 
145.565 
146.07 
145.81 
146.235 
145.895 
146.465 
145.92 
146.325 
146.125 
146.48 
146.27 
146.69 
146.455 
146.9 
147.07 
147.39 
147.11 
147.595 
147.315 
147.725 
147.395 
147.815 
147.115 
147.42 
147.15 
147.5 
147.215 
147.57 
147.205 
147.545 
147.71 
148.065 
147.635 
148.0 
147.65 
147.98 
147.535 
147.95 
147.23 
147.48 
147.14 
147.395 
147.09 
147.44 
146.995 
147.31 
147.44 
147.71 
147.255 
147.595 
147.215 
147.52 
147.14 
147.53 
146.76 
146.985 
146.695 
146.965 
146.6 
146.94 
146.545 
146.91 
147.03 
147.41 
147.02 
147.395 
147.1 
147.43 
147.145 
147.56 
146.885 
147.275 
146.995 
147.395 
147.145 
147.56 
147.225 
147.68 
147.85 
148.245 
148.005 
148.445 
148.24 
148.6 
148.315 
148.79 
148.24 
148.57 
148.345 
148.785 
148.56 
149.005 
148.66 
149.16 
149.35 
149.795 
149.445 
149.92 
149.64 
150.12 
149.805 
150.23 
149.65 
150.075 
149.79 
150.13 
149.88 
150.285 
149.95 
150.34 
150.53 
150.925 
150.435 
150.92 
150.555 
150.985 
150.59 
150.955 
150.205 
150.65 
150.205 
150.54 
150.15 
150.5 
150.08 
150.38 
150.5 
150.79 
150.345 
150.695 
150.235 
150.63 
150.145 
150.455 
149.755 
150.065 
149.505 
149.81 
149.335 
149.64 
149.19 
149.43 
149.445 
149.76 
149.23 
149.59 
149.105 
149.4 
148.92 
149.27 
148.4 
148.72 
148.225 
148.5 
148.11 
148.405 
148.0 
148.335 
148.435 
148.71 
148.3 
148.68 
148.25 
148.61 
148.245 
148.585 
147.935 
148.21 
147.84 
148.31 
147.985 
148.335 
147.955 
148.365 
148.57 
148.975 
148.625 
149.07 
148.835 
149.205 
148.905 
149.37 
148.655 
149.155 
148.71 
149.2 
149.01 
149.42 
149.215 
149.605 
149.765 
150.215 
149.935 
150.34 
150.12 
150.57 
150.26 
150.735 
150.125 
150.55 
150.22 
150.635 
150.355 
150.805 
150.445 
150.885 
151.11 
151.51 
151.065 
151.585 
151.24 
151.665 
151.315 
151.78 
150.97 
151.45 
151.095 
151.45 
151.17 
151.515 
151.12 
151.495 
151.585 
152.015 
151.63 
151.965 
151.65 
151.95 
151.61 
151.915 
151.18 
151.465 
151.095 
151.375 
151.025 
151.305 
150.905 
151.18 
151.29 
151.635 
151.145 
151.49 
151.11 
151.395 
151.005 
151.37 
150.49 
150.86 
150.455 
150.78 
150.365 
150.67 
150.27 
150.675 
150.735 
151.035 
150.645 
151.015 
150.665 
150.995 
150.765 
151.055 
150.41 
150.785 
150.38 
150.715 
150.48 
150.825 
150.465 
150.87 
151.005 
151.415 
151.13 
151.465 
151.235 
151.645 
151.32 
151.73 
151.08 
151.515 
151.16 
151.56 
151.255 
151.655 
151.375 
151.785 
151.97 
152.385 
152.02 
152.5 
152.29 
152.575 
152.39 
152.76 
151.96 
152.46 
152.09 
152.52 
152.2 
152.57 
152.24 
152.6 
152.75 
153.115 
152.78 
153.16 
152.82 
153.15 
152.87 
153.215 
152.39 
152.78 
152.35 
152.745 
152.375 
152.68 
152.315 
152.655 
152.675 
153.01 
152.63 
152.97 
152.6 
152.88 
152.5 
152.755 
151.955 
152.175 
151.745 
152.025 
151.575 
151.85 
151.47 
151.705 
151.75 
152.01 
151.535 
151.825 
151.515 
151.69 
151.305 
151.56 
150.715 
150.99 
150.56 
150.86 
150.51 
150.715 
150.37 
150.59 
150.685 
151.04 
150.64 
151.0 
150.58 
150.85 
150.625 
150.96 
150.075 
150.425 
150.165 
150.505 
150.225 
150.49 
150.205 
150.62 
150.73 
151.07 
150.835 
151.15 
150.995 
151.3 
150.94 
151.405 
150.735 
151.105 
150.77 
151.235 
151.035 
151.41 
151.14 
151.555 
151.7 
152.18 
151.85 
152.31 
152.085 
152.415 
152.18 
152.635 
152.04 
152.465 
152.19 
152.545 
152.28 
152.7 
152.37 
152.745 
152.975 
153.395 
153.015 
153.445 
153.145 
153.565 
153.145 
153.7 
153.005 
153.32 
153.02 
153.38 
153.07 
153.39 
153.065 
153.39 
153.5 
153.895 
153.52 
153.865 
153.515 
153.81 
153.435 
153.83 
153.12 
153.39 
153.01 
153.325 
152.945 
153.27 
152.805 
153.14 
153.175 
153.54 
153.015 
153.34 
152.955 
153.25 
152.81 
153.145 
152.36 
152.715 
152.18 
152.49 
152.12 
152.43 
151.975 
152.28 
152.355 
152.655 
152.275 
152.575 
152.27 
152.57 
152.195 
152.525 
151.805 
152.175 
151.71 
152.06 
151.74 
152.07 
151.705 
152.06 
152.12 
152.51 
152.13 
152.615 
152.25 
152.57 
152.2 
152.635 
151.9 
152.325 
151.91 
152.395 
152.05 
152.43 
152.095 
152.51 
152.62 
153.05 
152.7 
153.145 
152.845 
153.2 
152.95 
153.32 
152.635 
153.045 
152.685 
153.045 
152.76 
153.175 
152.825 
153.175 
153.305 
153.765 
153.37 
153.725 
153.48 
153.86 
153.525 
153.91 
153.115 
153.52 
153.115 
153.535 
153.19 
153.5 
153.155 
153.52 
153.59 
153.915 
153.53 
153.865 
153.545 
153.835 
153.465 
153.805 
153.145 
153.345 
152.965 
153.205 
152.8 
153.13 
152.74 
152.935 
153.045 
153.325 
152.82 
153.08 
152.74 
153.005 
152.46 
152.82 
151.945 
152.235 
151.8 
152.105 
151.72 
151.905 
151.485 
151.755 
151.845 
152.105 
151.67 
151.99 
151.56 
151.88 
151.5 
151.83 
151.005 
151.345 
150.9 
151.225 
150.915 
151.17 
150.765 
151.13 
151.225 
151.57 
151.175 
151.46 
151.21 
151.51 
151.18 
151.57 
150.77 
151.14 
150.775 
151.17 
150.805 
151.19 
150.855 
151.185 
151.285 
151.71 
151.365 
151.68 
151.415 
151.8 
151.49 
151.87 
151.155 
151.52 
151.115 
151.53 
151.21 
151.61 
151.26 
151.625 
151.76 
152.095 
151.81 
152.19 
151.89 
152.205 
151.905 
152.3 
151.525 
151.855 
151.485 
151.875 
151.655 
151.905 
151.59 
151.965 
152.02 
152.385 
152.05 
152.36 
152.075 
152.37 
152.055 
152.37 
151.61 
151.925 
151.535 
151.825 
151.495 
151.8 
151.43 
151.735 
151.83 
152.105 
151.695 
152.04 
151.71 
151.97 
151.615 
151.99 
151.135 
151.42 
151.135 
151.36 
151.08 
151.375 
151.015 
151.37 
151.465 
151.815 
151.44 
151.815 
151.465 
151.8 
151.5 
151.88 
151.225 
151.685 
151.24 
151.63 
151.33 
151.71 
151.395 
151.805 
151.98 
152.405 
152.09 
152.48 
152.16 
152.695 
152.27 
152.79 
152.15 
152.585 
152.18 
152.68 
152.435 
152.855 
152.595 
153.015 
153.21 
153.7 
153.385 
153.83 
153.68 
153.99 
153.76 
154.23 
153.61 
154.06 
153.75 
154.215 
153.96 
154.34 
154.1 
154.525 
154.695 
155.12 
154.805 
155.33 
155.0 
155.46 
155.18 
155.69 
154.88 
155.37 
154.975 
155.43 
155.09 
155.56 
155.255 
155.605 
155.765 
156.15 
155.89 
156.26 
155.96 
156.34 
155.93 
156.33 
155.615 
155.97 
155.555 
155.87 
155.575 
155.965 
155.58 
155.96 
155.955 
156.325 
155.885 
156.28 
155.915 
156.27 
155.89 
156.215 
155.435 
155.805 
155.415 
155.65 
155.34 
155.65 
155.305 
155.615 
155.695 
156.04 
155.675 
156.015 
155.75 
156.065 
155.79 
156.045 
155.32 
155.645 
155.26 
155.675 
155.335 
155.69 
155.335 
155.67 
155.845 
156.245 
155.84 
156.245 
155.96 
156.27 
155.93 
156.355 
155.575 
155.945 
155.585 
156.025 
155.685 
156.07 
155.77 
156.155 
156.2 
156.575 
156.31 
156.63 
156.41 
156.73 
156.445 
156.785 
156.09 
156.485 
156.105 
156.435 
156.155 
156.505 
156.145 
156.485 
156.63 
156.98 
156.575 
156.98 
156.665 
156.98 
156.665 
157.04 
156.25 
156.635 
156.245 
156.63 
156.285 
156.565 
156.295 
156.515 
156.585 
156.96 
156.585 
156.94 
156.615 
156.865 
156.515 
156.825 
156.15 
156.39 
156.0 
156.33 
155.91 
156.26 
155.88 
156.11 
156.21 
156.415 
156.03 
156.45 
156.065 
156.31 
155.99 
156.295 
155.51 
155.865 
155.455 
155.725 
155.34 
155.74 
155.34 
155.66 
155.75 
156.09 
155.665 
156.07 
155.73 
156.08 
155.785 
156.09 
155.34 
155.71 
155.34 
155.685 
155.435 
155.68 
155.445 
155.825 
155.96 
156.3 
156.065 
156.335 
156.115 
156.455 
156.18 
156.56 
155.855 
156.185 
155.93 
156.27 
156.035 
156.385 
156.095 
156.475 
156.575 
156.9 
156.64 
156.98 
156.815 
157.17 
156.865 
157.21 
156.445 
156.825 
156.515 
156.835 
156.595 
156.94 
156.59 
156.93 
157.12 
157.425 
157.07 
157.495 
157.2 
157.545 
157.2 
157.545 
156.77 
157.13 
156.785 
157.11 
156.735 
157.035 
156.74 
157.06 
157.135 
157.425 
157.16 
157.475 
157.085 
157.385 
157.085 
157.38 
156.66 
156.915 
156.525 
156.81 
156.405 
156.785 
156.32 
156.57 
156.72 
157.055 
156.54 
156.925 
156.49 
156.79 
156.275 
156.68 
155.965 
156.235 
155.81 
156.13 
155.78 
156.125 
155.725 
156.105 
156.145 
156.555 
156.145 
156.565 
156.16 
156.465 
156.145 
156.525 
155.86 
156.175 
155.825 
156.275 
155.935 
156.33 
156.015 
156.395 
156.5 
156.94 
156.63 
156.99 
156.7 
157.135 
156.785 
157.22 
156.595 
157.04 
156.565 
157.025 
156.75 
157.205 
156.91 
157.25 
157.385 
157.81 
157.455 
157.93 
157.685 
157.965 
157.73 
158.145 
157.475 
157.88 
157.555 
157.93 
157.65 
158.06 
157.675 
158.1 
158.17 
158.575 
158.2 
158.635 
158.245 
158.6 
158.29 
158.695 
157.97 
158.355 
158.0 
158.37 
158.035 
158.385 
158.02 
158.355 
158.435 
158.865 
158.435 
158.755 
158.485 
158.79 
158.395 
158.745 
158.045 
158.395 
158.02 
158.31 
158.0 
158.285 
157.9 
158.21 
158.275 
158.62 
158.14 
158.565 
158.235 
158.595 
158.16 
158.585 
157.755 
158.135 
157.74 
158.1 
157.76 
158.12 
157.71 
158.08 
158.24 
158.665 
158.245 
158.665 
158.37 
158.695 
158.415 
158.85 
158.2 
158.625 
158.285 
158.68 
158.425 
158.78 
158.44 
158.885 
159.03 
159.47 
159.12 
159.6 
159.36 
159.8 
159.4 
159.88 
159.225 
159.655 
159.325 
159.75 
159.49 
159.82 
159.54 
159.975 
160.08 
160.575 
160.225 
160.595 
160.435 
160.74 
160.49 
160.855 
160.185 
160.62 
160.22 
160.61 
160.265 
160.66 
160.28 
160.72 
160.82 
161.175 
160.79 
161.18 
160.84 
161.235 
160.88 
161.21 
160.47 
160.78 
160.35 
160.715 
160.35 
160.64 
160.315 
160.605 
160.685 
161.01 
160.625 
160.925 
160.59 
160.87 
160.46 
160.745 
159.995 
160.22 
159.86 
160.115 
159.685 
160.05 
159.605 
159.855 
159.895 
160.215 
159.74 
160.095 
159.735 
160.05 
159.605 
159.935 
159.1 
159.385 
159.01 
159.29 
158.95 
159.25 
158.875 
159.165 
159.335 
159.605 
159.25 
159.58 
159.225 
159.59 
159.33 
159.645 
158.89 
159.255 
158.895 
159.25 
158.91 
159.33 
159.005 
159.315 
159.475 
159.805 
159.51 
159.935 
159.575 
159.945 
159.615 
160.03 
159.255 
159.685 
159.255 
159.725 
159.4 
159.755 
159.465 
159.815 
159.925 
160.35 
159.975 
160.315 
159.99 
160.33 
160.06 
160.355 
159.68 
160.035 
159.6 
159.91 
159.55 
159.915 
159.45 
159.785 
159.91 
160.205 
159.785 
160.12 
159.705 
160.055 
159.58 
159.945 
159.155 
159.435 
158.96 
159.25 
158.835 
159.11 
158.705 
158.96 
158.91 
159.215 
158.76 
159.11 
158.64 
158.905 
158.39 
158.645 
157.87 
158.09 
157.625 
157.87 
157.39 
157.7 
157.21 
157.435 
157.445 
157.71 
157.225 
157.5 
157.13 
157.365 
156.93 
157.2 
156.34 
156.68 
156.215 
156.465 
156.145 
156.385 
155.96 
156.29 
156.37 
156.695 
156.29 
156.685 
156.28 
156.695 
156.33 
156.71 
155.925 
156.325 
155.95 
156.26 
156.015 
156.415 
156.065 
156.45 
156.6 
157.035 
156.715 
157.15 
156.88 
157.265 
157.01 
157.435 
156.71 
157.055 
156.83 
157.265 
156.95 
157.305 
157.05 
157.465 
157.61 
157.995 
157.77 
158.105 
157.925 
158.29 
158.01 
158.385 
157.675 
158.025 
157.745 
158.16 
157.81 
158.14 
157.85 
158.22 
158.355 
158.775 
158.4 
158.74 
158.405 
158.775 
158.51 
158.755 
158.015 
158.305 
157.93 
158.265 
157.89 
158.22 
157.815 
158.15 
158.26 
158.57 
158.08 
158.445 
158.04 
158.32 
157.925 
158.23 
157.445 
157.7 
157.255 
157.53 
157.145 
157.42 
157.075 
157.305 
157.41 
157.675 
157.215 
157.5 
157.19 
157.435 
157.1 
157.39 
156.565 
156.86 
156.49 
156.755 
156.475 
156.765 
156.43 
156.755 
156.915 
157.2 
156.94 
157.3 
156.975 
157.35 
157.11 
157.49 
156.785 
157.115 
156.86 
157.25 
157.005 
157.42 
157.105 
157.575 
157.705 
158.19 
157.875 
158.295 
158.125 
158.505 
158.23 
158.71 
158.035 
158.47 
158.195 
158.655 
158.4 
158.785 
158.55 
158.935 
159.15 
159.57 
159.33 
159.74 
159.495 
159.875 
159.615 
160.03 
159.255 
159.7 
159.375 
159.735 
159.455 
159.785 
159.525 
159.88 
159.935 
160.275 
159.955 
160.32 
160.01 
160.375 
160.01 
160.29 
159.475 
159.79 
159.41 
159.71 
159.47 
159.615 
159.275 
159.52 
159.6 
159.825 
159.545 
159.72 
159.39 
159.6 
159.255 
159.52 
158.625 
158.89 
158.42 
158.685 
158.315 
158.53 
158.11 
158.35 
158.345 
158.625 
158.225 
158.5 
158.06 
158.35 
157.94 
158.26 
157.46 
157.66 
157.395 
157.585 
157.305 
157.55 
157.13 
157.56 
157.63 
157.93 
157.635 
157.935 
157.655 
158.065 
157.75 
158.12 
157.505 
157.93 
157.555 
157.97 
157.695 
158.15 
157.78 
158.22 
158.465 
158.905 
158.575 
159.05 
158.765 
159.28 
158.965 
159.405 
158.79 
