Run 0 on 20200811 on sample T20-5d, LT thermometer,  dT/T0 = 0.02
Time per point = 3.125e-05 seconds
-218.58 
-219.105 
-218.795 
-219.125 
-218.855 
-219.2 
-218.91 
-219.615 
-219.36 
-219.67 
-219.425 
-219.735 
-219.375 
-219.755 
-219.44 
-219.395 
-219.04 
-219.385 
-218.98 
-219.295 
-218.995 
-219.39 
-219.035 
-219.735 
-219.39 
-219.69 
-219.425 
-219.665 
-219.315 
-219.675 
-219.28 
-219.09 
-218.72 
-219.125 
-218.7 
-218.995 
-218.595 
-218.875 
-218.545 
-219.15 
-218.765 
-219.135 
-218.745 
-218.975 
-218.655 
-219.07 
-218.59 
-218.445 
-218.065 
-218.395 
-218.03 
-218.355 
-217.96 
-218.285 
-217.895 
-218.555 
-218.265 
-218.54 
-218.17 
-218.465 
-218.105 
-218.42 
-218.13 
-218.015 
-217.62 
-217.925 
-217.56 
-217.85 
-217.575 
-217.955 
-217.535 
-218.28 
-217.96 
-218.185 
-217.925 
-218.235 
-217.9 
-218.31 
-218.005 
-217.84 
-217.525 
-217.895 
-217.59 
-217.925 
-217.545 
-217.925 
-217.6 
-218.365 
-218.115 
-218.46 
-218.135 
-218.44 
-218.14 
-218.55 
-218.23 
-218.11 
-217.8 
-218.095 
-217.795 
-218.115 
-217.87 
-218.14 
-217.76 
-218.55 
-218.285 
-218.69 
-218.28 
-218.665 
-218.26 
-218.56 
-218.265 
-218.155 
-217.775 
-218.19 
-217.745 
-218.06 
-217.695 
-218.085 
-217.635 
-218.39 
-217.995 
-218.265 
-218.005 
-218.295 
-217.88 
-218.14 
-217.765 
-217.615 
-217.28 
-217.55 
-217.14 
-217.42 
-216.975 
-217.21 
-216.885 
-217.615 
-217.25 
-217.515 
-217.12 
-217.34 
-216.965 
-217.34 
-216.92 
-216.74 
-216.375 
-216.625 
-216.25 
-216.565 
-216.145 
-216.455 
-216.0 
-216.755 
-216.4 
-216.685 
-216.395 
-216.6 
-216.21 
-216.58 
-216.2 
-216.095 
-215.735 
-216.02 
-215.655 
-215.985 
-215.67 
-216.01 
-215.53 
-216.295 
-215.935 
-216.315 
-215.985 
-216.325 
-216.035 
-216.355 
-216.01 
-215.89 
-215.59 
-216.035 
-215.69 
-216.125 
-215.675 
-216.08 
-215.805 
-216.56 
-216.255 
-216.675 
-216.335 
-216.675 
-216.445 
-216.86 
-216.52 
-216.455 
-216.075 
-216.535 
-216.24 
-216.675 
-216.3 
-216.695 
-216.35 
-217.08 
-216.805 
-217.21 
-216.85 
-217.275 
-216.93 
-217.275 
-216.99 
-216.95 
-216.58 
-216.98 
-216.655 
-216.91 
-216.65 
-217.085 
-216.705 
-217.47 
-217.07 
-217.435 
-217.175 
-217.48 
-217.2 
-217.495 
-217.15 
-216.99 
-216.69 
-217.03 
-216.71 
-216.975 
-216.66 
-216.97 
-216.63 
-217.395 
-216.97 
-217.37 
-216.99 
-217.225 
-216.965 
-217.29 
-216.945 
-216.795 
-216.46 
-216.75 
-216.43 
-216.7 
-216.395 
-216.74 
-216.345 
-217.085 
-216.78 
-217.12 
-216.795 
-217.105 
-216.7 
-216.99 
-216.74 
-216.605 
-216.26 
-216.62 
-216.285 
-216.55 
-216.285 
-216.645 
-216.285 
-217.045 
-216.645 
-216.995 
-216.715 
-217.06 
-216.735 
-217.17 
-216.765 
-216.68 
-216.415 
-216.79 
-216.445 
-216.785 
-216.475 
-216.785 
-216.52 
-217.33 
-217.02 
-217.37 
-216.995 
-217.36 
-217.125 
-217.445 
-217.13 
-217.02 
-216.76 
-217.045 
-216.83 
-217.12 
-216.8 
-217.15 
-216.84 
-217.53 
-217.155 
-217.555 
-217.205 
-217.57 
-217.235 
-217.53 
-217.225 
-217.135 
-216.81 
-217.155 
-216.77 
-217.01 
-216.66 
-217.06 
-216.675 
-217.4 
-217.02 
-217.375 
-216.935 
-217.225 
-216.965 
-217.265 
-216.895 
-216.63 
-216.32 
-216.665 
-216.22 
-216.52 
-216.15 
-216.36 
-216.05 
-216.75 
-216.305 
-216.66 
-216.3 
-216.47 
-216.155 
-216.475 
-216.105 
-215.92 
-215.52 
-215.84 
-215.435 
-215.76 
-215.35 
-215.665 
-215.265 
-215.895 
-215.69 
-215.965 
-215.595 
-215.915 
-215.57 
-215.81 
-215.505 
-215.355 
-214.99 
-215.345 
-214.97 
-215.24 
-215.005 
-215.32 
-215.02 
-215.775 
-215.445 
-215.795 
-215.495 
-215.79 
-215.48 
-215.86 
-215.48 
-215.4 
-215.135 
-215.52 
-215.215 
-215.525 
-215.24 
-215.615 
-215.295 
-216.155 
-215.815 
-216.19 
-215.895 
-216.205 
-215.95 
-216.33 
-216.005 
-215.945 
-215.615 
-215.98 
-215.705 
-216.01 
-215.685 
-216.055 
-215.705 
-216.495 
-216.23 
-216.625 
-216.235 
-216.635 
-216.25 
-216.54 
-216.26 
-216.155 
-215.81 
-216.075 
-215.71 
-215.955 
-215.64 
-216.01 
-215.595 
-216.28 
-215.87 
-216.11 
-215.8 
-216.035 
-215.635 
-215.89 
-215.42 
-215.23 
-214.815 
-215.105 
-214.62 
-214.805 
-214.37 
-214.53 
-214.15 
-214.64 
-214.215 
-214.385 
-213.91 
-214.075 
-213.595 
-213.835 
-213.34 
-212.99 
-212.465 
-212.705 
-212.125 
-212.31 
-211.77 
-211.955 
-211.35 
-211.785 
-211.32 
-211.545 
-210.985 
-211.165 
-210.53 
-210.69 
-210.145 
-209.795 
-209.195 
-209.38 
-208.755 
-208.86 
-208.34 
-208.44 
-207.89 
-208.31 
-207.71 
-207.74 
-207.18 
-207.295 
-206.66 
-206.755 
-206.18 
-205.72 
-205.185 
-205.24 
-204.595 
-204.63 
-203.995 
-204.065 
-203.355 
-203.87 
-203.205 
-203.215 
-202.54 
-202.495 
-201.865 
-201.93 
-201.165 
-200.665 
-199.96 
-199.94 
-199.205 
-199.21 
-198.43 
-198.36 
-197.635 
-197.89 
-197.145 
-197.095 
-196.28 
-196.07 
-195.32 
-195.24 
-194.41 
-193.84 
-192.95 
-192.855 
-191.965 
-191.73 
-190.875 
-190.775 
-189.87 
-190.015 
-189.065 
-188.86 
-187.97 
-187.715 
-186.805 
-186.58 
-185.585 
-184.85 
-183.93 
-183.635 
-182.635 
-182.265 
-181.29 
-181.09 
-180.015 
-180.09 
-179.155 
-178.775 
-177.77 
-177.385 
-176.42 
-176.12 
-175.075 
-174.285 
-173.2 
-172.875 
-171.865 
-171.495 
-170.465 
-170.15 
-169.04 
-169.09 
-168.07 
-167.825 
-166.745 
-166.335 
-165.365 
-164.98 
-163.96 
-163.265 
-162.24 
-161.9 
-160.815 
-160.41 
-159.445 
-159.165 
-158.11 
-158.155 
-157.125 
-156.82 
-155.85 
-155.545 
-154.555 
-154.295 
-153.34 
-152.51 
-151.555 
-151.34 
-150.315 
-150.03 
-149.025 
-148.785 
-147.815 
-147.95 
-146.945 
-146.735 
-145.79 
-145.44 
-144.505 
-144.31 
-143.345 
-142.6 
-141.62 
-141.38 
-140.49 
-140.25 
-139.23 
-138.995 
-137.945 
-138.095 
-137.13 
-136.965 
-136.03 
-135.645 
-134.745 
-134.425 
-133.505 
-132.815 
-131.875 
-131.58 
-130.585 
-130.28 
-129.39 
-129.115 
-128.085 
-128.23 
-127.25 
-126.97 
-126.045 
-125.77 
-124.825 
-124.465 
-123.52 
-122.7 
-121.755 
-121.455 
-120.55 
-120.25 
-119.295 
-118.95 
-117.99 
-118.12 
-117.095 
-116.855 
-115.915 
-115.605 
-114.615 
-114.4 
-113.415 
-112.73 
-111.655 
-111.45 
-110.505 
-110.265 
-109.315 
-109.06 
-108.095 
-108.23 
-107.315 
-107.105 
-106.14 
-105.875 
-104.965 
-104.73 
-103.825 
-103.18 
-102.19 
-102.065 
-101.11 
-100.85 
-99.945 
-99.755 
-98.87 
-99.0 
-98.115 
-97.975 
-97.08 
-96.96 
-95.985 
-95.845 
-95.01 
-94.25 
-93.445 
-93.365 
-92.41 
-92.17 
-91.345 
-91.19 
-90.29 
-90.605 
-89.71 
-89.6 
-88.73 
-88.49 
-87.71 
-87.45 
-86.645 
-86.025 
-85.175 
-85.005 
-84.115 
-83.895 
-83.05 
-82.88 
-82.015 
-82.145 
-81.315 
-81.205 
-80.295 
-80.07 
-79.175 
-79.02 
-78.19 
-77.525 
-76.64 
-76.54 
-75.505 
-75.28 
-74.47 
-74.35 
-73.37 
-73.53 
-72.645 
-72.47 
-71.605 
-71.375 
-70.51 
-70.28 
-69.42 
-68.745 
-67.82 
-67.72 
-66.705 
-66.545 
-65.605 
-65.355 
-64.545 
-64.705 
-63.85 
-63.675 
-62.78 
-62.54 
-61.685 
-61.52 
-60.655 
-59.955 
-59.115 
-58.92 
-58.11 
-57.89 
-57.03 
-56.87 
-56.025 
-56.23 
-55.46 
-55.35 
-54.465 
-54.25 
-53.495 
-53.32 
-52.59 
-52.03 
-51.165 
-51.12 
-50.225 
-50.085 
-49.385 
-49.29 
-48.48 
-48.74 
-48.0 
-47.935 
-47.145 
-47.1 
-46.315 
-46.25 
-45.47 
-44.935 
-44.17 
-44.225 
-43.415 
-43.28 
-42.49 
-42.49 
-41.725 
-42.03 
-41.31 
-41.315 
-40.49 
-40.405 
-39.74 
-39.665 
-38.935 
-38.395 
-37.63 
-37.565 
-36.85 
-36.785 
-35.99 
-35.925 
-35.13 
-35.465 
-34.71 
-34.7 
-33.88 
-33.81 
-33.045 
-32.935 
-32.19 
-31.69 
-30.875 
-30.85 
-30.06 
-29.845 
-29.13 
-29.055 
-28.325 
-28.6 
-27.795 
-27.72 
-26.975 
-26.87 
-26.08 
-26.025 
-25.16 
-24.615 
-23.92 
-23.78 
-23.02 
-22.945 
-22.1 
-22.05 
-21.245 
-21.585 
-20.79 
-20.725 
-19.94 
-19.86 
-19.16 
-19.15 
-18.325 
-17.77 
-17.065 
-16.975 
-16.27 
-16.22 
-15.445 
-15.405 
-14.685 
-15.045 
-14.385 
-14.37 
-13.67 
-13.6 
-12.935 
-12.87 
-12.27 
-11.76 
-11.12 
-11.15 
-10.455 
-10.385 
-9.745 
-9.79 
-9.115 
-9.52 
-8.895 
-8.9 
-8.25 
-8.32 
-7.665 
-7.725 
-7.045 
-6.515 
-6.005 
-6.08 
-5.4 
-5.41 
-4.735 
-4.825 
-4.205 
-4.72 
-3.98 
-4.03 
-3.475 
-3.405 
-2.82 
-2.91 
-2.24 
-1.805 
-1.205 
-1.22 
-0.61 
-0.61 
0.045 
0.02 
0.755 
0.255 
0.85 
0.71 
1.465 
1.45 
2.16 
2.095 
2.715 
3.085 
3.785 
3.815 
4.52 
4.555 
5.085 
5.09 
5.815 
5.395 
6.025 
6.06 
6.7 
6.695 
7.41 
7.355 
8.085 
8.525 
9.09 
9.125 
9.8 
9.915 
10.475 
10.48 
11.15 
10.64 
11.26 
11.33 
11.99 
11.975 
12.51 
12.495 
13.125 
13.545 
14.205 
14.175 
14.78 
14.745 
15.305 
15.21 
15.875 
15.38 
15.96 
15.87 
16.435 
16.385 
17.0 
16.9 
17.495 
17.785 
18.36 
18.28 
18.85 
18.75 
19.245 
19.125 
19.645 
19.285 
19.74 
19.65 
20.18 
20.085 
20.665 
20.405 
21.035 
21.365 
21.87 
21.74 
22.295 
22.15 
22.705 
22.62 
23.125 
22.595 
23.135 
22.99 
23.515 
23.455 
24.02 
23.82 
24.395 
24.745 
25.31 
25.215 
25.775 
25.725 
26.33 
26.295 
26.825 
26.35 
26.845 
26.745 
27.375 
27.335 
27.955 
27.85 
28.475 
28.82 
29.43 
29.415 
30.025 
30.06 
30.685 
30.54 
31.28 
30.715 
31.37 
31.325 
31.975 
31.94 
32.545 
32.53 
33.185 
33.585 
34.27 
34.19 
34.79 
34.825 
35.43 
35.435 
36.025 
35.495 
36.165 
36.095 
36.665 
36.705 
37.265 
37.165 
37.8 
38.215 
38.795 
38.73 
39.3 
39.265 
39.8 
39.765 
40.34 
39.795 
40.365 
40.165 
40.775 
40.725 
41.25 
41.15 
41.64 
41.915 
42.48 
42.38 
42.92 
42.905 
43.335 
43.145 
43.695 
43.025 
43.58 
43.46 
43.97 
43.78 
44.245 
44.12 
44.67 
44.945 
45.425 
45.255 
45.765 
45.63 
46.145 
45.995 
46.505 
45.815 
46.345 
46.195 
46.705 
46.595 
47.055 
46.94 
47.445 
47.775 
48.225 
48.12 
48.675 
48.52 
49.085 
48.925 
49.495 
49.0 
49.525 
49.29 
49.935 
49.86 
50.39 
50.295 
50.83 
51.135 
51.735 
51.63 
52.205 
52.185 
52.755 
52.62 
53.215 
52.78 
53.355 
53.29 
53.8 
53.76 
54.34 
54.315 
54.925 
55.29 
55.81 
55.7 
56.325 
56.36 
56.865 
56.89 
57.395 
56.9 
57.44 
57.32 
57.96 
57.895 
58.455 
58.36 
58.92 
59.23 
59.81 
59.685 
60.235 
60.13 
60.675 
60.515 
61.09 
60.515 
61.055 
60.905 
61.41 
61.27 
61.795 
61.68 
62.14 
62.375 
62.815 
62.735 
63.21 
63.095 
63.485 
63.33 
63.8 
63.12 
63.6 
63.45 
63.88 
63.625 
64.17 
63.935 
64.375 
64.645 
65.06 
64.8 
65.34 
65.165 
65.635 
65.475 
65.895 
65.235 
65.715 
65.525 
65.975 
65.865 
66.245 
66.04 
66.485 
66.78 
67.26 
67.19 
67.565 
67.47 
67.92 
67.74 
68.32 
67.705 
68.12 
67.965 
68.495 
68.37 
68.84 
68.72 
69.195 
69.535 
69.99 
69.88 
70.4 
70.26 
70.755 
70.57 
71.14 
70.605 
71.115 
71.005 
71.465 
71.34 
71.945 
71.725 
72.24 
72.595 
73.12 
72.95 
73.455 
73.29 
73.895 
73.67 
74.155 
73.575 
74.1 
73.955 
74.425 
74.235 
74.73 
74.505 
74.955 
75.225 
75.725 
75.5 
76.0 
75.73 
76.245 
76.005 
76.46 
75.89 
76.27 
75.96 
76.39 
76.195 
76.56 
76.335 
76.695 
76.805 
77.24 
77.035 
77.47 
77.21 
77.55 
77.315 
77.75 
77.015 
77.39 
77.105 
77.435 
77.13 
77.54 
77.185 
77.59 
77.85 
78.145 
77.89 
78.295 
78.01 
78.405 
78.155 
78.525 
77.835 
78.11 
77.95 
78.315 
78.055 
78.47 
78.13 
78.66 
78.84 
79.175 
79.0 
79.34 
79.16 
79.58 
79.325 
79.835 
79.105 
79.56 
79.29 
79.725 
79.5 
79.995 
79.81 
80.23 
80.465 
80.915 
80.74 
81.245 
81.1 
81.47 
81.295 
81.805 
81.15 
81.65 
81.55 
81.97 
81.81 
82.325 
82.12 
82.635 
82.9 
83.33 
83.185 
83.69 
83.545 
83.995 
83.865 
84.29 
83.615 
84.1 
83.93 
84.42 
84.29 
84.71 
84.475 
84.935 
85.175 
85.635 
85.485 
85.885 
85.66 
86.155 
85.935 
86.375 
85.685 
86.05 
85.85 
86.255 
86.035 
86.455 
86.24 
86.585 
86.85 
87.165 
86.96 
87.34 
87.17 
87.485 
87.23 
87.6 
86.92 
87.33 
87.065 
87.41 
87.185 
87.6 
87.315 
87.665 
87.88 
88.23 
87.945 
88.37 
88.15 
88.495 
88.335 
88.64 
88.02 
88.425 
88.1 
88.52 
88.345 
88.72 
88.495 
88.835 
89.075 
89.515 
89.285 
89.745 
89.48 
89.965 
89.745 
90.16 
89.52 
89.945 
89.695 
90.155 
89.96 
90.41 
90.25 
90.635 
90.86 
91.32 
91.075 
91.58 
91.475 
91.81 
91.635 
92.15 
91.45 
91.92 
91.745 
92.205 
92.02 
92.485 
92.26 
92.75 
93.01 
93.425 
93.17 
93.685 
93.48 
93.96 
93.715 
94.14 
93.45 
93.9 
93.64 
94.075 
93.87 
94.28 
94.05 
94.42 
94.64 
95.07 
94.82 
95.175 
94.945 
95.345 
95.135 
95.48 
94.81 
95.135 
94.93 
95.255 
95.025 
95.36 
95.11 
95.38 
95.59 
95.875 
95.635 
95.95 
95.775 
96.06 
95.68 
96.11 
95.36 
95.695 
95.36 
95.66 
95.375 
95.695 
95.34 
95.695 
95.885 
96.155 
95.87 
96.18 
95.915 
96.345 
95.985 
96.285 
95.565 
95.905 
95.62 
96.035 
95.74 
96.055 
95.785 
96.13 
96.31 
96.65 
96.4 
96.77 
96.47 
96.865 
96.625 
97.055 
96.45 
96.83 
96.47 
96.935 
96.75 
97.14 
96.83 
97.29 
97.405 
97.9 
97.645 
98.13 
97.965 
98.355 
98.095 
98.62 
97.855 
98.315 
98.09 
98.535 
98.305 
98.785 
98.58 
98.99 
99.25 
99.62 
99.445 
99.86 
99.755 
100.195 
99.98 
100.365 
99.71 
100.135 
99.975 
100.34 
100.17 
100.56 
100.31 
100.725 
100.93 
101.415 
101.15 
101.535 
101.24 
101.67 
101.335 
101.775 
101.175 
101.49 
101.225 
101.585 
101.305 
101.675 
101.39 
101.76 
101.895 
102.305 
101.92 
102.325 
102.0 
102.36 
101.99 
102.38 
101.64 
101.985 
101.635 
102.005 
101.695 
102.055 
101.735 
102.085 
102.24 
102.63 
102.24 
102.6 
102.375 
102.685 
102.41 
102.775 
101.97 
102.34 
102.02 
102.4 
102.115 
102.51 
102.185 
102.555 
102.7 
103.065 
102.765 
103.19 
102.87 
103.35 
102.925 
103.34 
102.7 
103.015 
102.745 
103.135 
102.92 
103.35 
103.055 
103.45 
103.645 
104.02 
103.73 
104.235 
103.925 
104.375 
104.02 
104.51 
103.885 
104.305 
104.015 
104.445 
104.15 
104.635 
104.31 
104.765 
104.995 
105.375 
104.98 
105.435 
105.24 
105.675 
105.37 
105.755 
105.185 
105.63 
105.26 
105.7 
105.465 
105.815 
105.5 
105.9 
106.03 
106.39 
106.155 
106.565 
106.22 
106.54 
106.25 
106.64 
105.865 
106.185 
105.875 
106.215 
105.875 
106.165 
105.905 
106.185 
106.37 
106.56 
106.19 
106.59 
106.255 
106.525 
106.04 
106.43 
105.68 
105.92 
105.635 
105.9 
105.535 
105.815 
105.415 
105.765 
105.905 
106.135 
105.725 
106.075 
105.71 
106.075 
105.6 
105.945 
105.22 
105.58 
105.125 
105.535 
105.175 
105.565 
105.02 
105.41 
105.565 
105.91 
105.53 
105.86 
105.55 
105.915 
105.57 
105.965 
105.28 
105.58 
105.31 
105.715 
105.4 
105.81 
105.51 
105.945 
106.015 
106.47 
106.15 
106.52 
106.315 
106.695 
106.285 
106.805 
106.175 
106.52 
106.275 
106.645 
106.375 
106.815 
106.455 
106.93 
107.185 
107.55 
107.17 
107.665 
107.375 
107.825 
107.485 
107.865 
107.27 
107.71 
107.39 
107.77 
107.54 
107.935 
107.555 
107.955 
108.12 
108.525 
108.2 
108.575 
108.215 
108.635 
108.225 
108.72 
108.02 
108.295 
107.915 
108.32 
107.995 
108.34 
107.96 
108.335 
108.385 
108.755 
108.325 
108.675 
108.375 
108.655 
108.285 
108.695 
108.01 
108.35 
107.93 
108.235 
107.89 
108.22 
107.745 
108.145 
108.235 
108.61 
108.1 
108.525 
108.105 
108.475 
108.06 
108.425 
107.72 
108.085 
107.645 
108.06 
107.71 
108.065 
107.6 
107.99 
108.15 
108.495 
108.18 
108.545 
108.23 
108.62 
108.215 
108.66 
108.1 
108.425 
108.03 
108.495 
108.235 
108.58 
108.36 
108.705 
108.86 
109.285 
109.005 
109.445 
109.175 
109.59 
109.295 
109.76 
109.08 
109.475 
109.245 
109.64 
109.385 
109.825 
109.53 
109.99 
110.155 
110.6 
110.27 
110.74 
110.445 
110.89 
110.65 
111.0 
110.385 
110.82 
110.46 
110.89 
110.6 
111.03 
110.595 
111.025 
111.145 
111.635 
111.245 
111.63 
111.305 
111.665 
111.29 
111.685 
111.02 
111.375 
110.905 
111.26 
110.955 
111.325 
110.925 
111.24 
111.29 
111.645 
111.29 
111.615 
111.3 
111.535 
111.135 
111.55 
110.74 
111.125 
110.725 
111.04 
110.71 
110.915 
110.51 
110.91 
111.02 
111.3 
110.86 
111.205 
110.915 
111.22 
110.885 
111.19 
110.415 
110.76 
110.35 
110.73 
110.42 
110.67 
110.395 
110.69 
110.815 
111.24 
110.885 
111.245 
110.85 
111.22 
110.985 
111.36 
110.775 
111.09 
110.705 
111.08 
110.815 
111.24 
110.905 
111.295 
111.45 
111.875 
111.565 
111.95 
111.7 
112.105 
111.775 
112.19 
111.545 
111.96 
111.66 
112.045 
111.755 
112.19 
111.93 
112.27 
112.48 
112.895 
112.53 
113.0 
112.755 
113.06 
112.89 
113.225 
112.55 
112.905 
112.62 
113.02 
112.71 
113.06 
112.665 
113.055 
113.24 
113.555 
113.23 
113.565 
113.245 
113.57 
113.22 
113.545 
112.815 
113.095 
112.745 
113.055 
112.7 
113.03 
112.65 
112.955 
112.985 
113.285 
112.91 
113.21 
112.95 
113.15 
112.795 
113.06 
112.23 
112.6 
112.075 
112.41 
111.97 
112.29 
111.92 
112.2 
112.3 
112.6 
112.125 
112.445 
112.115 
112.455 
111.98 
112.35 
111.6 
111.93 
111.52 
111.8 
111.555 
111.845 
111.495 
111.87 
111.88 
112.305 
111.965 
112.3 
112.025 
112.395 
112.045 
112.435 
111.72 
112.055 
111.745 
112.12 
111.845 
112.29 
111.955 
112.285 
112.45 
112.865 
112.545 
112.98 
112.755 
113.09 
112.8 
113.255 
112.515 
112.89 
112.67 
113.02 
112.765 
113.17 
112.81 
113.26 
113.51 
113.885 
113.545 
113.925 
113.705 
114.05 
113.805 
114.19 
113.54 
113.865 
113.565 
114.03 
113.745 
114.095 
113.62 
114.035 
114.16 
114.545 
114.16 
114.505 
114.07 
114.49 
114.02 
114.445 
113.815 
114.095 
113.53 
113.93 
113.52 
113.895 
113.475 
113.75 
113.805 
114.16 
113.69 
114.015 
113.635 
113.935 
113.455 
113.815 
113.09 
113.41 
112.965 
113.225 
112.86 
113.125 
112.665 
112.995 
113.145 
113.42 
112.945 
113.345 
112.965 
113.245 
112.9 
113.24 
112.39 
112.725 
112.295 
112.74 
112.36 
112.655 
112.28 
112.625 
112.745 
113.055 
112.695 
113.08 
112.765 
113.135 
112.83 
113.165 
112.525 
112.875 
112.42 
112.89 
112.52 
112.94 
112.615 
113.01 
113.07 
113.52 
113.115 
113.59 
113.305 
113.69 
113.33 
113.76 
113.105 
113.51 
113.145 
113.54 
113.24 
113.67 
113.315 
113.695 
113.85 
114.375 
113.87 
114.335 
114.045 
114.425 
114.165 
114.535 
113.81 
114.28 
113.83 
114.24 
113.95 
114.275 
113.91 
114.24 
114.415 
114.74 
114.295 
114.71 
114.365 
114.76 
114.385 
114.715 
113.955 
114.17 
113.83 
114.115 
113.785 
114.09 
113.77 
114.0 
114.065 
114.35 
113.975 
114.28 
113.98 
114.23 
113.835 
114.095 
113.445 
113.755 
113.305 
113.615 
113.215 
113.515 
113.025 
113.43 
113.48 
113.785 
113.235 
113.645 
113.255 
113.62 
113.245 
113.58 
112.81 
113.235 
112.695 
113.1 
112.8 
113.12 
112.69 
113.095 
113.175 
113.565 
113.24 
113.605 
113.265 
113.635 
113.31 
113.715 
113.065 
113.435 
113.135 
113.57 
113.21 
113.685 
113.335 
113.75 
113.895 
114.25 
114.04 
114.465 
114.24 
114.585 
114.265 
114.77 
114.0 
114.49 
114.235 
114.635 
114.325 
114.76 
114.435 
114.83 
115.09 
115.485 
115.155 
115.585 
115.285 
115.7 
115.455 
115.795 
115.145 
115.58 
115.095 
115.63 
115.28 
115.595 
115.185 
115.595 
115.735 
116.15 
115.765 
116.07 
115.76 
116.05 
115.735 
116.1 
115.32 
115.68 
115.2 
115.595 
115.18 
115.515 
115.175 
115.415 
115.465 
115.765 
115.35 
115.72 
115.38 
115.63 
115.175 
115.515 
114.745 
115.045 
114.59 
114.87 
114.49 
114.835 
114.38 
114.69 
114.785 
115.015 
114.63 
114.985 
114.575 
114.91 
114.535 
114.835 
113.945 
114.345 
113.945 
114.285 
113.965 
114.265 
113.865 
114.23 
114.32 
114.67 
114.31 
114.645 
114.345 
114.715 
114.4 
114.745 
114.195 
114.52 
114.09 
114.535 
114.15 
114.62 
114.265 
114.59 
114.74 
115.225 
114.835 
115.275 
114.97 
115.33 
114.96 
115.46 
114.775 
115.18 
114.795 
115.195 
114.895 
115.28 
115.0 
115.42 
115.635 
115.96 
115.595 
116.035 
115.65 
116.09 
115.775 
116.14 
115.38 
115.85 
115.475 
115.875 
115.51 
115.88 
115.445 
115.83 
115.95 
116.285 
115.905 
116.29 
115.855 
116.145 
115.755 
116.165 
115.49 
115.665 
115.23 
115.475 
115.14 
115.435 
115.045 
115.3 
115.335 
115.64 
115.16 
115.49 
115.14 
115.35 
114.94 
115.25 
114.495 
114.775 
114.35 
114.58 
114.075 
114.465 
113.995 
114.33 
114.37 
114.72 
114.21 
114.54 
114.2 
114.515 
114.165 
114.45 
113.695 
114.02 
113.59 
113.985 
113.595 
113.93 
113.51 
113.88 
114.08 
114.415 
114.14 
114.475 
114.155 
114.525 
114.2 
114.645 
113.95 
114.31 
114.005 
114.44 
114.155 
114.55 
114.3 
114.68 
114.845 
115.24 
114.98 
115.4 
115.23 
115.605 
115.315 
115.76 
115.085 
115.495 
115.27 
115.605 
115.435 
115.81 
115.55 
115.975 
116.22 
116.61 
116.285 
116.72 
116.485 
116.86 
116.645 
116.96 
116.295 
116.72 
116.365 
116.74 
116.455 
116.82 
116.43 
116.76 
116.925 
117.315 
116.855 
117.275 
116.865 
117.23 
116.86 
117.17 
116.445 
116.685 
116.255 
116.6 
116.165 
116.495 
116.105 
116.295 
116.395 
116.65 
116.28 
116.54 
116.185 
116.405 
116.045 
116.275 
115.5 
115.76 
115.395 
115.585 
115.185 
115.5 
115.03 
115.33 
115.42 
115.72 
115.25 
115.53 
115.185 
115.45 
115.115 
115.4 
114.625 
114.835 
114.54 
114.875 
114.53 
114.815 
114.395 
114.78 
114.905 
115.245 
115.02 
115.305 
115.025 
115.36 
115.07 
115.435 
114.69 
115.05 
114.665 
115.065 
114.8 
115.215 
114.97 
115.29 
115.455 
115.935 
115.635 
116.06 
115.78 
116.215 
115.935 
116.35 
115.705 
116.09 
115.885 
116.225 
116.01 
116.315 
116.12 
116.55 
116.7 
117.105 
116.865 
117.235 
117.045 
117.355 
117.16 
117.495 
116.82 
117.155 
116.88 
117.25 
117.025 
117.305 
116.99 
117.335 
117.445 
117.85 
117.55 
117.79 
117.535 
117.795 
117.44 
117.835 
117.035 
117.32 
116.885 
117.215 
116.82 
117.165 
116.835 
117.085 
117.125 
117.43 
117.015 
117.32 
117.01 
117.245 
116.765 
117.16 
116.48 
116.7 
116.335 
116.61 
116.225 
116.485 
116.13 
116.42 
116.555 
116.825 
116.295 
116.665 
116.325 
116.65 
116.215 
116.575 
115.83 
116.16 
115.75 
116.175 
115.805 
116.155 
115.725 
116.115 
116.24 
116.635 
116.195 
116.655 
116.305 
116.675 
116.295 
116.72 
116.11 
116.48 
116.125 
116.565 
116.235 
116.67 
116.425 
116.81 
116.93 
117.34 
117.02 
117.51 
117.33 
117.7 
117.34 
117.83 
117.17 
117.605 
117.27 
117.7 
117.385 
117.805 
117.485 
117.935 
118.105 
118.56 
118.235 
118.655 
118.32 
118.74 
118.38 
118.83 
118.19 
118.59 
118.215 
118.62 
118.33 
118.675 
118.21 
118.615 
118.745 
119.105 
118.665 
119.01 
118.63 
118.965 
118.53 
118.955 
118.27 
118.52 
118.05 
118.355 
117.98 
118.33 
117.815 
118.11 
118.17 
118.53 
118.03 
118.34 
117.97 
118.275 
117.79 
118.09 
117.345 
117.705 
117.245 
117.55 
117.115 
117.35 
116.965 
117.27 
117.36 
117.65 
117.135 
117.55 
117.14 
117.475 
117.06 
117.38 
116.61 
116.93 
116.545 
116.87 
116.505 
116.805 
116.405 
116.835 
116.93 
117.315 
116.99 
117.225 
116.955 
117.3 
117.01 
117.38 
116.795 
117.165 
116.74 
117.165 
116.865 
117.295 
116.945 
117.365 
117.455 
117.955 
117.5 
117.985 
117.71 
118.08 
117.68 
118.175 
117.52 
118.01 
117.63 
118.01 
117.69 
118.18 
117.81 
118.24 
118.385 
118.83 
118.415 
118.83 
118.54 
118.92 
118.64 
118.995 
118.335 
118.72 
118.39 
118.72 
118.415 
118.8 
118.35 
118.705 
118.795 
119.175 
118.785 
119.08 
118.765 
119.12 
118.655 
119.045 
118.185 
118.465 
118.04 
118.34 
117.975 
118.28 
117.9 
118.13 
118.15 
118.455 
118.01 
118.27 
117.95 
118.095 
117.66 
117.97 
117.22 
117.48 
116.97 
117.31 
116.815 
117.105 
116.65 
117.015 
117.015 
117.295 
116.755 
117.145 
116.66 
117.025 
116.58 
116.94 
116.065 
116.405 
115.965 
116.295 
115.88 
116.18 
115.805 
116.12 
116.21 
116.535 
116.21 
116.585 
116.205 
116.57 
116.255 
116.6 
115.925 
116.265 
115.9 
116.26 
115.98 
116.355 
116.015 
116.405 
116.505 
116.93 
116.64 
117.045 
116.85 
117.19 
116.82 
117.31 
116.56 
117.03 
116.745 
117.13 
116.87 
117.3 
116.98 
117.41 
117.7 
118.0 
117.74 
118.18 
117.91 
118.315 
118.045 
118.45 
117.81 
118.22 
117.845 
118.29 
118.05 
118.36 
118.015 
118.425 
118.555 
118.995 
118.585 
119.01 
118.63 
119.005 
118.665 
119.09 
118.33 
118.655 
118.22 
118.55 
118.25 
118.615 
118.24 
118.545 
118.675 
118.98 
118.57 
118.88 
118.53 
118.855 
118.43 
118.77 
118.01 
118.37 
118.025 
118.23 
117.94 
118.235 
117.77 
118.135 
118.325 
118.535 
118.145 
118.455 
118.07 
118.425 
118.1 
118.365 
117.54 
117.895 
117.525 
117.88 
117.555 
117.855 
117.475 
117.905 
117.975 
118.32 
117.975 
118.33 
118.08 
118.375 
118.095 
118.495 
117.8 
118.185 
117.8 
118.18 
117.855 
118.355 
118.005 
118.34 
118.495 
118.965 
118.64 
119.095 
118.81 
119.23 
118.87 
119.37 
118.675 
119.125 
118.82 
119.215 
118.95 
119.375 
119.145 
119.54 
119.74 
120.07 
119.81 
120.195 
120.05 
120.425 
120.155 
120.54 
119.865 
120.26 
119.975 
120.365 
120.1 
120.42 
120.05 
120.48 
120.625 
120.985 
120.655 
120.93 
120.635 
121.05 
120.635 
120.95 
120.235 
120.515 
120.11 
120.44 
120.105 
120.4 
120.065 
120.31 
120.325 
120.675 
120.205 
120.55 
120.24 
120.43 
119.97 
120.265 
119.465 
119.82 
119.315 
119.625 
119.175 
119.465 
119.02 
119.27 
119.275 
119.59 
119.115 
119.425 
118.975 
119.29 
118.865 
119.115 
118.345 
118.605 
118.155 
118.435 
118.17 
118.375 
117.965 
118.22 
118.335 
118.61 
118.265 
118.55 
118.255 
118.5 
118.215 
118.475 
117.81 
118.12 
117.685 
118.06 
117.735 
118.065 
117.765 
118.06 
118.15 
118.48 
118.16 
118.54 
118.27 
118.62 
118.355 
118.66 
117.91 
118.3 
118.005 
118.375 
118.055 
118.415 
118.155 
118.45 
118.67 
118.97 
118.665 
119.065 
118.79 
119.195 
118.835 
119.245 
118.435 
118.755 
118.435 
118.775 
118.53 
118.855 
118.43 
118.75 
118.89 
119.3 
118.92 
119.235 
118.93 
119.21 
118.84 
119.24 
118.42 
118.655 
118.255 
118.595 
118.255 
118.55 
118.235 
118.465 
118.505 
118.79 
118.44 
118.68 
118.425 
118.59 
118.17 
118.485 
117.655 
118.005 
117.59 
117.835 
117.445 
117.685 
117.35 
117.605 
117.64 
117.925 
117.535 
117.87 
117.53 
117.805 
117.43 
117.69 
116.865 
117.165 
116.86 
117.15 
116.82 
117.095 
116.74 
117.13 
117.2 
117.5 
117.25 
117.495 
117.255 
117.605 
117.255 
117.62 
117.065 
117.395 
116.985 
117.39 
117.12 
117.525 
117.155 
117.55 
117.705 
118.125 
117.77 
118.27 
117.865 
118.335 
117.965 
118.41 
117.78 
