Run 0 on 20200811 on sample T20-5d, LT thermometer,  dT/T0 = 0.02
Time per point = 3.125e-05 seconds
-2317.81 
-2317.695 
-2316.73 
-2316.39 
-2315.44 
-2315.3 
-2314.41 
-2314.665 
-2313.91 
-2313.83 
-2313.15 
-2313.135 
-2312.485 
-2312.6 
-2312.095 
-2311.84 
-2311.365 
-2311.665 
-2311.335 
-2311.645 
-2311.45 
-2311.995 
-2311.845 
-2312.8 
-2312.805 
-2313.565 
-2313.535 
-2314.33 
-2314.495 
-2315.335 
-2315.595 
-2316.03 
-2316.335 
-2317.32 
-2317.695 
-2318.74 
-2319.16 
-2320.205 
-2320.705 
-2322.165 
-2322.645 
-2323.85 
-2324.325 
-2325.5 
-2325.96 
-2327.09 
-2327.58 
-2328.33 
-2328.765 
-2329.89 
-2330.31 
-2331.33 
-2331.755 
-2332.74 
-2333.015 
-2334.445 
-2334.67 
-2335.535 
-2335.73 
-2336.475 
-2336.625 
-2337.355 
-2337.32 
-2337.475 
-2337.38 
-2337.93 
-2337.7 
-2338.125 
-2337.805 
-2338.2 
-2337.74 
-2338.38 
-2337.92 
-2338.065 
-2337.465 
-2337.52 
-2336.885 
-2336.82 
-2336.06 
-2335.51 
-2334.615 
-2334.585 
-2333.59 
-2333.33 
-2332.415 
-2332.21 
-2331.07 
-2331.2 
-2330.23 
-2329.905 
-2328.87 
-2328.47 
-2327.425 
-2327.105 
-2326.055 
-2325.265 
-2324.23 
-2323.935 
-2322.93 
-2322.585 
-2321.695 
-2321.41 
-2320.515 
-2320.725 
-2319.96 
-2319.86 
-2319.07 
-2318.97 
-2318.225 
-2318.345 
-2317.725 
-2317.41 
-2316.865 
-2317.08 
-2316.61 
-2316.905 
-2316.56 
-2316.95 
-2316.675 
-2317.545 
-2317.33 
-2317.87 
-2317.715 
-2318.345 
-2318.29 
-2319.025 
-2318.95 
-2319.25 
-2319.35 
-2320.13 
-2320.24 
-2321.005 
-2321.165 
-2322.1 
-2322.25 
-2323.415 
-2323.73 
-2324.56 
-2324.81 
-2325.545 
-2325.72 
-2326.62 
-2326.78 
-2327.1 
-2327.255 
-2327.985 
-2328.025 
-2328.68 
-2328.73 
-2329.405 
-2329.31 
-2330.285 
-2330.12 
-2330.625 
-2330.41 
-2330.845 
-2330.465 
-2330.85 
-2330.39 
-2330.16 
-2329.575 
-2329.755 
-2329.185 
-2329.085 
-2328.455 
-2328.345 
-2327.59 
-2327.73 
-2326.795 
-2326.515 
-2325.585 
-2325.13 
-2324.14 
-2323.715 
-2322.565 
-2321.615 
-2320.45 
-2319.845 
-2318.635 
-2317.985 
-2316.675 
-2316.06 
-2314.7 
-2314.445 
-2313.06 
-2312.47 
-2311.1 
-2310.4 
-2309.03 
-2308.45 
-2307.045 
-2305.97 
-2304.665 
-2304.125 
-2302.805 
-2302.28 
-2301.135 
-2300.64 
-2299.45 
-2299.46 
-2298.365 
-2298.045 
-2297.14 
-2296.87 
-2295.97 
-2295.85 
-2295.07 
-2294.61 
-2293.935 
-2293.94 
-2293.35 
-2293.44 
-2293.03 
-2293.29 
-2292.85 
-2293.58 
-2293.295 
-2293.765 
-2293.54 
-2294.045 
-2293.93 
-2294.635 
-2294.565 
-2294.69 
-2294.725 
-2295.465 
-2295.525 
-2296.31 
-2296.395 
-2297.265 
-2297.345 
-2298.55 
-2298.735 
-2299.645 
-2299.73 
-2300.565 
-2300.77 
-2301.63 
-2301.715 
-2302.05 
-2302.21 
-2302.94 
-2303.065 
-2303.695 
-2303.68 
-2304.47 
-2304.365 
-2305.38 
-2305.195 
-2305.715 
-2305.55 
-2305.915 
-2305.645 
-2305.98 
-2305.58 
-2305.435 
-2304.905 
-2305.065 
-2304.495 
-2304.485 
-2303.905 
-2303.845 
-2303.075 
-2303.335 
-2302.45 
-2302.25 
-2301.365 
-2301.035 
-2300.015 
-2299.74 
-2298.625 
-2297.7 
-2296.525 
-2296.09 
-2294.88 
-2294.22 
-2293.065 
-2292.52 
-2291.215 
-2291.045 
-2289.74 
-2289.14 
-2287.81 
-2287.21 
-2285.95 
-2285.4 
-2284.13 
-2283.1 
-2281.86 
-2281.365 
-2280.155 
-2279.65 
-2278.56 
-2278.24 
-2277.015 
-2277.075 
-2276.095 
-2275.925 
-2274.955 
-2274.81 
-2273.93 
-2273.91 
-2273.205 
-2272.765 
-2272.11 
-2272.275 
-2271.75 
-2271.915 
-2271.47 
-2271.855 
-2271.48 
-2272.245 
-2272.075 
-2272.58 
-2272.415 
-2272.895 
-2272.925 
-2273.455 
-2273.51 
-2273.73 
-2273.745 
-2274.535 
-2274.61 
-2275.375 
-2275.47 
-2276.315 
-2276.465 
-2277.7 
-2277.875 
-2278.715 
-2278.86 
-2279.72 
-2279.82 
-2280.605 
-2280.73 
-2281.07 
-2281.04 
-2281.865 
-2281.775 
-2282.5 
-2282.4 
-2283.045 
-2282.815 
-2283.755 
-2283.545 
-2283.965 
-2283.65 
-2283.985 
-2283.45 
-2283.695 
-2283.22 
-2282.825 
-2282.215 
-2282.19 
-2281.39 
-2281.33 
-2280.39 
-2280.185 
-2279.23 
-2279.13 
-2278.14 
-2277.655 
-2276.42 
-2275.865 
-2274.555 
-2273.805 
-2272.45 
-2271.23 
-2269.755 
-2268.9 
-2267.31 
-2266.33 
-2264.72 
-2263.66 
-2261.98 
-2261.305 
-2259.595 
-2258.48 
-2256.69 
-2255.465 
-2253.665 
-2252.515 
-2250.64 
-2248.97 
-2247.165 
-2246.01 
-2244.065 
-2242.835 
-2241.025 
-2239.835 
-2237.955 
-2237.19 
-2235.335 
-2234.2 
-2232.385 
-2231.29 
-2229.465 
-2228.37 
-2226.65 
-2225.135 
-2223.375 
-2222.39 
-2220.67 
-2219.565 
-2217.89 
-2216.935 
-2215.175 
-2214.61 
-2212.935 
-2211.97 
-2210.32 
-2209.275 
-2207.64 
-2206.65 
-2204.85 
-2203.35 
-2201.65 
-2200.555 
-2198.725 
-2197.54 
-2195.7 
-2194.54 
-2192.48 
-2191.505 
-2189.425 
-2188.09 
-2185.96 
-2184.375 
-2182.075 
-2180.525 
-2178.09 
-2175.75 
-2173.23 
-2171.29 
-2168.48 
-2166.375 
-2163.42 
-2161.245 
-2158.03 
-2155.88 
-2152.66 
-2150.01 
-2146.475 
-2143.515 
-2139.84 
-2136.68 
-2132.78 
-2128.92 
-2124.775 
-2121.23 
-2116.805 
-2113.03 
-2108.445 
-2104.49 
-2099.645 
-2095.82 
-2090.805 
-2086.4 
-2081.14 
-2076.475 
-2071.13 
-2066.29 
-2060.665 
-2055.205 
-2049.4 
-2044.265 
-2038.3 
-2032.89 
-2026.775 
-2021.35 
-2015.08 
-2009.81 
-2003.48 
-1997.755 
-1991.3 
-1985.4 
-1978.78 
-1972.865 
-1966.185 
-1959.69 
-1952.905 
-1946.885 
-1940.135 
-1933.95 
-1927.165 
-1920.995 
-1914.095 
-1908.29 
-1901.4 
-1895.285 
-1888.405 
-1882.12 
-1875.265 
-1869.125 
-1862.245 
-1855.605 
-1848.72 
-1842.665 
-1835.76 
-1829.61 
-1822.775 
-1816.76 
-1809.9 
-1804.19 
-1797.475 
-1791.42 
-1784.645 
-1778.575 
-1771.82 
-1765.795 
-1759.09 
-1752.6 
-1745.905 
-1739.86 
-1733.15 
-1727.085 
-1720.43 
-1714.295 
-1707.525 
-1701.91 
-1695.145 
-1689.03 
-1682.255 
-1676.01 
-1669.195 
-1663.01 
-1656.165 
-1649.4 
-1642.39 
-1636.13 
-1629.125 
-1622.72 
-1615.62 
-1609.195 
-1601.955 
-1595.79 
-1588.565 
-1582.01 
-1574.58 
-1567.765 
-1560.445 
-1553.625 
-1546.095 
-1538.705 
-1531.105 
-1524.18 
-1516.435 
-1509.375 
-1501.555 
-1494.43 
-1486.49 
-1479.69 
-1471.715 
-1464.47 
-1456.45 
-1449.08 
-1441.03 
-1433.595 
-1425.525 
-1417.66 
-1409.52 
-1402.095 
-1393.91 
-1386.405 
-1378.23 
-1370.78 
-1362.595 
-1355.515 
-1347.37 
-1339.955 
-1331.85 
-1324.44 
-1316.32 
-1309.0 
-1300.975 
-1293.29 
-1285.325 
-1278.15 
-1270.18 
-1263.07 
-1255.355 
-1248.27 
-1240.595 
-1234.045 
-1226.495 
-1219.655 
-1212.285 
-1205.56 
-1198.21 
-1191.7 
-1184.425 
-1177.58 
-1170.48 
-1164.23 
-1157.305 
-1151.12 
-1144.275 
-1138.22 
-1131.485 
-1125.98 
-1119.4 
-1113.59 
-1107.16 
-1101.395 
-1095.07 
-1089.44 
-1083.29 
-1077.225 
-1071.07 
-1065.65 
-1059.545 
-1054.16 
-1048.15 
-1042.835 
-1036.855 
-1031.955 
-1026.035 
-1020.865 
-1014.965 
-1009.785 
-1003.84 
-998.755 
-992.86 
-987.165 
-981.315 
-976.055 
-970.21 
-964.945 
-958.97 
-953.74 
-947.71 
-942.86 
-936.875 
-931.51 
-925.45 
-920.015 
-913.975 
-908.52 
-902.315 
-896.295 
-890.15 
-884.54 
-878.34 
-872.625 
-866.28 
-860.605 
-854.23 
-848.85 
-842.395 
-836.65 
-830.155 
-824.29 
-817.74 
-811.95 
-805.3 
-798.99 
-792.365 
-786.45 
-779.85 
-773.965 
-767.325 
-761.465 
-754.845 
-749.39 
-742.74 
-736.875 
-730.43 
-724.53 
-718.015 
-712.265 
-705.81 
-699.625 
-693.24 
-687.68 
-681.27 
-675.695 
-669.51 
-664.055 
-657.91 
-652.815 
-646.82 
-641.595 
-635.685 
-630.425 
-624.675 
-619.67 
-613.95 
-608.6 
-603.055 
-598.255 
-592.765 
-588.08 
-582.705 
-578.225 
-572.98 
-568.91 
-563.745 
-559.465 
-554.38 
-550.175 
-545.28 
-541.16 
-536.29 
-531.81 
-527.045 
-523.09 
-518.39 
-514.365 
-509.88 
-505.92 
-501.415 
-497.97 
-493.44 
-489.625 
-485.165 
-481.36 
-476.845 
-473.145 
-468.66 
-464.38 
-459.97 
-456.15 
-451.66 
-447.82 
-443.325 
-439.46 
-434.9 
-431.46 
-426.89 
-422.975 
-418.315 
-414.305 
-409.64 
-405.575 
-400.935 
-396.345 
-391.54 
-387.425 
-382.555 
-378.345 
-373.465 
-369.22 
-364.215 
-360.35 
-355.375 
-351.07 
-345.905 
-341.605 
-336.47 
-332.14 
-326.96 
-322.055 
-316.94 
-312.485 
-307.375 
-302.825 
-297.685 
-293.295 
-288.105 
-284.01 
-278.92 
-274.54 
-269.445 
-265.06 
-260.01 
-255.615 
-250.795 
-245.99 
-241.05 
-236.825 
-231.99 
-227.82 
-223.085 
-218.945 
-214.345 
-210.77 
-206.2 
-202.43 
-197.85 
-194.135 
-189.75 
-186.155 
-181.895 
-177.905 
-173.84 
-170.4 
-166.38 
-163.13 
-159.16 
-155.99 
-152.175 
-149.5 
-145.905 
-142.915 
-139.255 
-136.405 
-132.93 
-130.2 
-126.68 
-123.6 
-120.31 
-117.695 
-114.435 
-111.815 
-108.57 
-106.11 
-102.98 
-100.88 
-97.75 
-95.375 
-92.235 
-89.785 
-86.685 
-84.355 
-81.225 
-78.38 
-75.275 
-72.895 
-69.735 
-67.275 
-64.1 
-61.69 
-58.42 
-56.35 
-53.1 
-50.505 
-47.29 
-44.6 
-41.32 
-38.6 
-35.24 
-32.015 
-28.535 
-25.79 
-22.235 
-19.335 
-15.765 
-12.855 
-9.175 
-6.595 
-2.825 
0.115 
3.92 
7.055 
10.865 
14.05 
17.87 
21.46 
25.4 
28.54 
32.58 
35.79 
39.725 
42.935 
46.935 
49.7 
53.675 
56.845 
60.74 
63.98 
67.925 
71.085 
74.925 
78.54 
82.32 
85.43 
89.175 
92.275 
95.905 
98.835 
102.475 
105.01 
108.505 
111.28 
114.655 
117.435 
120.79 
123.45 
126.695 
129.68 
132.8 
135.23 
138.345 
140.71 
143.665 
145.935 
148.77 
150.465 
153.31 
155.37 
158.06 
160.09 
162.57 
164.565 
167.065 
169.395 
171.81 
173.655 
176.065 
177.84 
180.175 
181.855 
184.255 
185.435 
187.745 
189.36 
191.675 
193.35 
195.62 
197.25 
199.515 
201.63 
203.93 
205.555 
207.95 
209.655 
212.06 
213.72 
216.12 
217.555 
219.97 
221.8 
224.38 
226.25 
228.8 
230.75 
233.425 
235.94 
238.64 
240.655 
243.5 
245.665 
248.575 
250.77 
253.695 
255.66 
258.68 
260.975 
264.055 
266.515 
269.59 
272.08 
275.24 
278.235 
281.47 
284.005 
287.25 
289.91 
293.245 
295.745 
299.125 
301.38 
304.63 
307.295 
310.625 
313.255 
316.59 
319.19 
322.47 
325.475 
328.75 
331.365 
334.595 
337.1 
340.28 
342.74 
345.87 
347.855 
350.965 
353.19 
356.19 
358.475 
361.35 
363.49 
366.33 
368.94 
371.575 
373.615 
376.265 
378.195 
380.78 
382.56 
385.02 
386.39 
388.775 
390.4 
392.71 
394.285 
396.515 
398.04 
400.18 
402.075 
404.135 
405.525 
407.58 
408.955 
410.915 
412.21 
414.175 
415.035 
416.945 
418.2 
420.095 
421.31 
423.23 
424.36 
426.33 
427.965 
429.94 
431.15 
433.085 
434.43 
436.345 
437.615 
439.685 
440.6 
442.665 
444.035 
446.105 
447.55 
449.725 
451.22 
453.5 
455.425 
457.7 
459.345 
461.685 
463.435 
465.77 
467.525 
470.005 
471.475 
473.965 
475.815 
478.43 
480.39 
482.995 
484.935 
487.65 
490.125 
492.83 
494.815 
497.64 
499.745 
502.435 
504.565 
507.41 
509.05 
511.815 
513.915 
516.685 
518.85 
521.685 
523.645 
526.425 
528.945 
531.62 
533.56 
536.33 
538.275 
540.855 
542.7 
545.295 
546.755 
549.29 
550.965 
553.385 
555.045 
557.355 
558.94 
561.215 
563.12 
565.27 
566.645 
568.73 
570.055 
572.015 
573.235 
575.095 
575.89 
577.66 
578.695 
580.35 
581.375 
582.935 
583.905 
585.475 
586.735 
588.23 
588.965 
590.43 
591.17 
592.545 
593.24 
594.595 
594.82 
596.115 
596.715 
598.065 
598.695 
599.97 
600.565 
601.83 
602.925 
604.255 
604.81 
606.125 
606.795 
608.145 
608.815 
610.28 
610.515 
611.975 
612.72 
614.19 
615.075 
616.535 
617.41 
619.06 
620.46 
622.13 
623.14 
624.855 
625.95 
627.71 
628.89 
630.715 
631.48 
633.44 
634.68 
636.63 
637.97 
639.955 
641.37 
643.41 
645.275 
647.4 
648.795 
650.985 
652.5 
654.625 
656.135 
658.34 
659.435 
661.595 
663.125 
665.35 
666.835 
668.97 
670.47 
672.62 
674.535 
676.655 
678.015 
680.075 
681.585 
683.51 
684.875 
686.865 
687.665 
689.605 
690.695 
692.49 
693.63 
695.385 
696.38 
698.05 
699.435 
701.02 
701.89 
703.41 
704.205 
705.57 
706.275 
707.565 
707.75 
708.98 
709.51 
710.675 
711.11 
712.17 
712.565 
713.575 
714.355 
715.35 
715.56 
716.54 
716.755 
717.63 
717.79 
718.68 
718.44 
719.225 
719.35 
720.175 
720.29 
721.195 
721.26 
722.115 
722.665 
723.52 
723.6 
724.52 
724.74 
725.655 
725.93 
726.81 
726.7 
727.67 
727.94 
729.085 
729.5 
730.56 
731.0 
732.21 
733.16 
734.37 
734.97 
736.33 
737.01 
738.39 
739.075 
740.515 
740.93 
742.42 
743.23 
744.845 
745.705 
747.385 
748.325 
749.955 
751.445 
753.12 
754.155 
755.885 
757.06 
758.775 
759.915 
761.635 
762.34 
764.125 
765.24 
767.055 
768.12 
769.89 
770.96 
772.77 
774.285 
776.04 
777.01 
778.67 
779.67 
781.285 
782.25 
783.79 
784.275 
785.78 
786.555 
787.995 
788.775 
790.15 
790.81 
792.07 
793.12 
794.285 
794.79 
795.97 
796.425 
797.44 
797.755 
798.77 
798.62 
799.555 
799.74 
800.575 
800.68 
801.5 
801.555 
802.31 
802.685 
803.455 
803.37 
804.035 
804.025 
804.69 
804.52 
805.16 
804.59 
805.15 
805.075 
805.66 
805.56 
806.19 
806.105 
806.71 
807.12 
807.79 
807.745 
808.44 
808.535 
809.22 
809.305 
810.13 
809.83 
810.735 
810.845 
811.795 
812.145 
813.115 
813.43 
814.495 
815.415 
816.51 
816.95 
818.21 
818.865 
820.09 
820.73 
822.15 
822.5 
823.935 
824.79 
826.245 
827.14 
828.685 
829.6 
831.14 
832.6 
834.25 
835.27 
836.95 
838.06 
839.735 
840.815 
842.55 
843.185 
844.94 
846.01 
847.71 
848.845 
850.575 
851.575 
853.275 
854.685 
856.385 
857.35 
858.92 
859.96 
861.425 
862.275 
863.895 
864.235 
865.61 
866.275 
867.635 
868.315 
869.6 
870.16 
871.325 
872.305 
873.365 
873.695 
874.75 
875.155 
876.01 
876.24 
877.085 
876.77 
877.585 
877.61 
878.355 
878.395 
878.995 
878.83 
879.455 
879.765 
880.295 
880.055 
880.57 
880.385 
880.76 
880.515 
880.93 
880.27 
880.665 
880.38 
880.87 
880.57 
880.9 
880.68 
881.095 
881.275 
881.695 
881.5 
882.045 
881.91 
882.48 
882.275 
882.925 
882.375 
883.095 
883.07 
883.775 
883.83 
884.63 
884.765 
885.65 
886.28 
887.26 
887.51 
888.59 
888.97 
890.05 
890.47 
891.66 
891.76 
892.99 
893.55 
894.905 
895.605 
896.96 
897.58 
899.08 
900.21 
901.7 
902.535 
903.965 
904.885 
906.38 
907.25 
908.775 
909.24 
910.71 
911.63 
913.165 
914.02 
915.54 
916.42 
917.855 
919.115 
920.63 
921.355 
922.86 
923.575 
924.875 
925.555 
926.855 
927.1 
928.295 
928.865 
930.03 
930.47 
931.52 
931.96 
932.945 
933.625 
934.54 
934.725 
935.57 
935.67 
936.455 
936.35 
937.1 
936.605 
937.17 
937.065 
937.535 
937.34 
937.815 
937.455 
937.84 
937.99 
938.285 
937.855 
938.1 
937.7 
937.93 
937.48 
937.74 
936.84 
936.975 
936.51 
936.705 
936.225 
936.445 
935.92 
936.11 
936.16 
936.4 
935.965 
936.265 
935.885 
936.185 
935.81 
936.225 
935.535 
935.955 
935.735 
936.205 
936.065 
936.645 
936.5 
937.135 
937.53 
938.225 
938.365 
939.1 
939.315 
940.15 
940.32 
941.195 
941.115 
942.065 
942.495 
943.485 
943.975 
944.99 
945.36 
946.555 
947.585 
948.69 
949.15 
950.42 
951.0 
952.305 
952.835 
954.145 
954.31 
955.56 
956.175 
957.445 
958.02 
959.295 
959.83 
961.04 
961.985 
963.245 
963.61 
964.865 
965.34 
966.38 
966.695 
967.78 
967.74 
968.64 
968.93 
969.785 
969.995 
970.8 
970.875 
971.675 
972.055 
972.775 
972.715 
973.27 
973.14 
973.6 
973.4 
973.91 
973.065 
973.455 
973.02 
973.37 
972.93 
973.105 
972.57 
972.755 
972.695 
972.78 
972.065 
972.245 
971.6 
971.64 
970.96 
971.04 
969.985 
969.98 
969.265 
969.285 
968.625 
968.625 
967.915 
968.015 
967.74 
967.845 
967.125 
967.3 
966.745 
966.87 
966.34 
966.515 
965.74 
965.97 
965.52 
965.825 
965.49 
965.87 
965.63 
966.13 
966.325 
966.89 
966.7 
967.36 
967.305 
968.045 
968.005 
968.74 
968.505 
969.325 
969.465 
970.34 
970.615 
971.5 
971.795 
972.785 
973.605 
974.63 
975.015 
976.05 
976.52 
977.59 
977.95 
979.2 
979.135 
980.28 
980.74 
981.845 
982.25 
983.4 
983.795 
984.855 
985.77 
986.775 
987.13 
988.18 
988.49 
989.445 
989.705 
990.635 
990.425 
991.34 
991.37 
992.185 
992.26 
993.0 
992.95 
993.63 
993.93 
994.515 
994.34 
994.84 
994.645 
995.015 
994.68 
995.065 
994.29 
994.56 
994.15 
994.34 
993.87 
994.005 
993.4 
993.515 
993.375 
993.53 
992.8 
992.815 
992.205 
992.205 
991.485 
991.53 
990.505 
990.455 
989.805 
989.81 
989.185 
989.185 
988.52 
988.57 
988.415 
988.495 
987.875 
988.07 
987.56 
987.695 
987.235 
987.535 
986.68 
987.04 
986.655 
987.06 
986.785 
987.23 
987.005 
987.615 
987.835 
988.45 
988.425 
989.125 
989.175 
989.865 
990.005 
990.815 
990.7 
991.59 
991.81 
992.8 
993.04 
994.08 
994.43 
995.52 
996.36 
997.415 
997.795 
998.98 
999.44 
1000.64 
1000.995 
1002.285 
1002.35 
1003.545 
1003.97 
1005.105 
1005.585 
1006.785 
1007.2 
1008.295 
1009.185 
1010.24 
1010.7 
1011.67 
1012.02 
1012.985 
1013.2 
1014.21 
1014.04 
1014.95 
1015.025 
1015.83 
1015.94 
1016.635 
1016.565 
1017.21 
1017.6 
1018.17 
1018.0 
1018.46 
1018.295 
1018.615 
1018.3 
1018.725 
1017.94 
1018.165 
1017.705 
1017.9 
1017.44 
1017.585 
1016.98 
1017.095 
1016.915 
1017.02 
1016.305 
1016.38 
1015.7 
1015.715 
1015.05 
1015.075 
1013.95 
1013.985 
1013.225 
1013.185 
1012.495 
1012.54 
1011.83 
1011.87 
1011.64 
1011.74 
1011.08 
1011.255 
1010.695 
1010.845 
1010.35 
1010.6 
1009.76 
1010.01 
1009.6 
1009.93 
1009.66 
1010.025 
1009.8 
1010.295 
1010.54 
1011.065 
1010.935 
1011.6 
1011.57 
1012.295 
1012.295 
1013.06 
1012.78 
1013.59 
1013.77 
1014.645 
1014.875 
1015.79 
1016.005 
1017.015 
1017.77 
1018.83 
1019.06 
1020.145 
1020.47 
1021.63 
1021.895 
1022.98 
1022.985 
1023.96 
1024.345 
1025.355 
1025.675 
1026.81 
1027.0 
1028.025 
1028.735 
1029.755 
1029.835 
1030.82 
1030.965 
1031.845 
1031.88 
1032.78 
1032.395 
1033.155 
1033.05 
1033.75 
1033.645 
1034.195 
1033.96 
1034.42 
1034.675 
1035.03 
1034.655 
1034.95 
1034.54 
1034.8 
1034.27 
1034.46 
1033.47 
1033.575 
1032.95 
1032.94 
1032.26 
1032.2 
1031.47 
1031.475 
1031.08 
1030.93 
1030.12 
1029.94 
1029.105 
1028.9 
1028.055 
1027.91 
1026.67 
1026.42 
1025.56 
1025.43 
1024.57 
1024.34 
1023.45 
1023.37 
1023.015 
1022.95 
1022.15 
1022.09 
1021.41 
1021.37 
1020.685 
1020.77 
1019.78 
1019.895 
1019.36 
1019.455 
1019.125 
1019.375 
1018.965 
1019.275 
1019.365 
1019.85 
1019.5 
1020.005 
1019.875 
1020.43 
1020.3 
1020.92 
1020.54 
1021.18 
1021.17 
1021.915 
1022.07 
1022.87 
1022.95 
1023.8 
1024.43 
1025.28 
1025.455 
1026.385 
1026.675 
1027.57 
1027.77 
1028.81 
1028.66 
1029.575 
1029.83 
1030.79 
1030.99 
1031.915 
1032.065 
1033.03 
1033.63 
1034.525 
1034.615 
1035.435 
1035.57 
1036.28 
1036.345 
1037.05 
1036.68 
1037.305 
1037.16 
1037.75 
1037.6 
1038.135 
1037.825 
1038.3 
1038.455 
1038.83 
1038.46 
1038.73 
1038.3 
1038.525 
1037.975 
1038.19 
1037.24 
1037.275 
1036.645 
1036.66 
1035.98 
1036.06 
1035.22 
1035.23 
1034.895 
1034.765 
1033.96 
1033.86 
1033.135 
1032.915 
1032.11 
1031.97 
1030.885 
1030.735 
1029.935 
1029.83 
1029.055 
1028.95 
1028.215 
1028.175 
1027.815 
1027.91 
1027.19 
1027.285 
1026.66 
1026.775 
1026.155 
1026.43 
1025.465 
1025.695 
1025.285 
1025.6 
1025.265 
1025.66 
1025.45 
1025.895 
1026.195 
1026.695 
1026.565 
1027.24 
1027.255 
1028.015 
1027.965 
1028.725 
1028.585 
1029.425 
1029.61 
1030.555 
1030.775 
1031.72 
1031.99 
1033.03 
1033.87 
1034.93 
1035.235 
1036.44 
1036.89 
1037.93 
1038.36 
1039.545 
1039.605 
1040.73 
1041.17 
1042.24 
1042.69 
1043.855 
1044.275 
1045.325 
1046.16 
1047.205 
1047.49 
1048.545 
1048.825 
1049.75 
1049.975 
1050.905 
1050.655 
1051.47 
1051.525 
1052.285 
1052.335 
1052.96 
1052.905 
1053.535 
1053.86 
1054.365 
1054.1 
1054.52 
1054.265 
1054.585 
1054.165 
1054.415 
1053.64 
1053.795 
1053.255 
1053.415 
1052.84 
1052.945 
1052.25 
1052.235 
1052.05 
1052.01 
1051.235 
1051.225 
1050.46 
1050.41 
1049.565 
1049.495 
1048.32 
1048.175 
1047.37 
1047.24 
1046.46 
1046.35 
1045.555 
1045.475 
1045.145 
1045.085 
1044.295 
1044.395 
1043.615 
1043.695 
1043.01 
1043.1 
1042.125 
1042.205 
1041.78 
1041.885 
1041.425 
1041.705 
1041.295 
1041.625 
1041.705 
1042.08 
1041.795 
1042.295 
1042.045 
1042.62 
1042.41 
1043.045 
1042.62 
1043.34 
1043.3 
1044.02 
1044.06 
1044.735 
1044.84 
1045.695 
1046.195 
1047.04 
1047.205 
1048.055 
1048.215 
1049.095 
1049.31 
1050.24 
1050.01 
1050.875 
1051.02 
1051.925 
1052.105 
1052.965 
1053.1 
1053.89 
1054.57 
1055.305 
1055.38 
1056.205 
1056.22 
1056.925 
1056.9 
1057.56 
1057.07 
1057.675 
1057.46 
1057.96 
1057.77 
1058.165 
1057.925 
1058.295 
1058.45 
1058.695 
1058.245 
1058.48 
1057.99 
1058.11 
1057.52 
1057.655 
1056.66 
1056.685 
1055.865 
1055.875 
1055.12 
1055.03 
1054.115 
1054.055 
1053.63 
1053.495 
1052.57 
1052.395 
1051.545 
1051.175 
1050.305 
1050.09 
1048.78 
1048.545 
1047.625 
1047.37 
1046.52 
1046.27 
1045.385 
1045.23 
1044.835 
1044.61 
1043.81 
1043.74 
1043.045 
1042.98 
1042.16 
1042.25 
1041.225 
1041.275 
1040.69 
1040.81 
1040.36 
1040.555 
1040.125 
1040.44 
1040.535 
1040.84 
1040.585 
1041.085 
1040.91 
1041.415 
1041.295 
1041.9 
1041.52 
1042.055 
1042.11 
1042.885 
1042.985 
1043.735 
1043.82 
1044.695 
1045.32 
1046.22 
1046.325 
1047.36 
1047.555 
1048.59 
1048.725 
1049.805 
1049.68 
1050.605 
1050.815 
1051.84 
1052.115 
1053.07 
1053.255 
1054.18 
1054.87 
1055.825 
1055.995 
1056.895 
1056.985 
1057.745 
1057.805 
1058.63 
1058.29 
1058.94 
1058.94 
1059.545 
1059.515 
1060.02 
1059.81 
1060.345 
1060.52 
1060.855 
1060.6 
1060.91 
1060.555 
1060.81 
1060.25 
1060.5 
1059.58 
1059.685 
1059.09 
1059.15 
1058.505 
1058.495 
1057.855 
1057.74 
1057.485 
1057.475 
1056.62 
1056.54 
1055.74 
1055.655 
1054.83 
1054.725 
1053.53 
1053.39 
1052.56 
1052.385 
1051.675 
1051.51 
1050.705 
1050.655 
1050.33 
1050.29 
1049.53 
1049.56 
1048.895 
1048.915 
1048.3 
1048.42 
1047.51 
1047.615 
1047.1 
1047.34 
1046.925 
1047.215 
1046.83 
1047.21 
1047.305 
1047.765 
1047.495 
1048.075 
1047.945 
1048.485 
1048.375 
1049.045 
1048.585 
1049.285 
1049.4 
1050.13 
1050.18 
1050.955 
1051.155 
1051.975 
1052.63 
1053.49 
1053.685 
1054.575 
1054.82 
1055.755 
1055.96 
1056.97 
1056.815 
1057.74 
1057.955 
1058.86 
1059.14 
1060.01 
1060.19 
1061.055 
1061.715 
1062.585 
1062.705 
1063.57 
1063.65 
1064.355 
1064.365 
1065.11 
1064.64 
1065.24 
1065.145 
1065.7 
1065.65 
1066.07 
1065.82 
1066.25 
1066.415 
1066.705 
1066.325 
1066.625 
1066.195 
1066.44 
1065.915 
1066.06 
1065.085 
1065.095 
1064.475 
1064.505 
1063.81 
1063.805 
1063.035 
1063.01 
1062.725 
1062.595 
1061.805 
1061.68 
1060.855 
1060.775 
1059.895 
1059.825 
1058.66 
1058.52 
1057.71 
1057.495 
1056.79 
1056.625 
1055.905 
1055.75 
1055.515 
1055.525 
1054.74 
1054.85 
1054.185 
1054.235 
1053.615 
1053.81 
1052.88 
1053.04 
1052.555 
1052.875 
1052.59 
1052.86 
1052.495 
1052.985 
1053.21 
1053.625 
1053.46 
1054.095 
1053.985 
1054.66 
1054.585 
1055.255 
1054.935 
1055.685 
1055.76 
1056.585 
1056.735 
1057.625 
1057.75 
1058.715 
1059.4 
1060.31 
1060.61 
1061.565 
1061.845 
1062.865 
1063.09 
1064.12 
1064.005 
1064.96 
1065.265 
1066.255 
1066.49 
1067.47 
1067.695 
1068.585 
1069.225 
1070.12 
1070.235 
1071.06 
1071.12 
1071.9 
1071.96 
1072.61 
1072.245 
1072.825 
1072.685 
1073.25 
1073.125 
1073.56 
1073.31 
1073.69 
1073.845 
1074.145 
1073.67 
1073.975 
1073.455 
1073.6 
1073.03 
1073.175 
1072.135 
1072.15 
1071.42 
1071.415 
1070.705 
1070.61 
1069.765 
1069.64 
1069.3 
1069.095 
1068.21 
1068.005 
1067.15 
1066.96 
1066.07 
1065.885 
1064.49 
1064.315 
1063.415 
1063.225 
1062.36 
1062.22 
1061.29 
1061.2 
1060.82 
1060.71 
1059.915 
1059.885 
1059.155 
1059.2 
1058.47 
1058.57 
1057.625 
1057.715 
1057.14 
1057.35 
1056.95 
1057.24 
1056.85 
1057.22 
1057.355 
1057.745 
1057.525 
1058.01 
1057.895 
1058.49 
1058.375 
1059.01 
1058.69 
1059.405 
1059.395 
1060.15 
1060.275 
1061.12 
1061.2 
1062.015 
1062.69 
1063.59 
1063.75 
1064.685 
1064.85 
1065.83 
1065.955 
1066.925 
1066.73 
1067.665 
1067.84 
1068.755 
1068.925 
1069.79 
1069.95 
1070.725 
1071.32 
1072.12 
1072.155 
1072.845 
1072.885 
1073.59 
1073.435 
1074.145 
1073.565 
1074.085 
1073.835 
1074.285 
1074.07 
1074.41 
1073.995 
1074.32 
1074.335 
1074.45 
1073.96 
1074.12 
1073.495 
1073.56 
1072.87 
1072.875 
1071.73 
1071.63 
1070.815 
1070.645 
1069.81 
1069.565 
1068.66 
1068.425 
1067.93 
1067.63 
1066.665 
1066.38 
1065.385 
1065.045 
1064.025 
1063.81 
1062.33 
1062.055 
1061.045 
1060.76 
1059.765 
1059.545 
1058.525 
1058.375 
1057.955 
1057.78 
1056.86 
1056.85 
1056.05 
1055.925 
1055.205 
1055.28 
1054.305 
1054.355 
1053.765 
1053.915 
1053.45 
1053.76 
1053.265 
1053.685 
1053.79 
1054.29 
1053.98 
1054.525 
1054.41 
1055.035 
1054.905 
1055.655 
1055.315 
1056.015 
1056.09 
1056.885 
1057.025 
1057.88 
1058.055 
1058.99 
1059.67 
1060.625 
1060.91 
1061.875 
1062.18 
1063.18 
1063.465 
1064.525 
1064.445 
1065.395 
1065.7 
1066.715 
1067.025 
1067.975 
1068.24 
1069.17 
1069.825 
1070.75 
1070.865 
1071.75 
1071.845 
1072.585 
1072.7 
1073.4 
1073.08 
1073.695 
1073.61 
1074.115 
1073.965 
1074.535 
1074.3 
1074.705 
1074.78 
1075.065 
1074.68 
1074.94 
1074.46 
1074.675 
1074.035 
1074.15 
1073.145 
1073.185 
1072.455 
1072.43 
1071.71 
1071.57 
1070.78 
1070.62 
1070.25 
1070.06 
1069.18 
1068.985 
1068.14 
1067.93 
1067.04 
1066.83 
1065.515 
1065.295 
1064.44 
1064.225 
1063.385 
1063.2 
1062.33 
1062.26 
1061.865 
1061.785 
1061.05 
1061.02 
1060.31 
1060.38 
1059.625 
1059.765 
1058.83 
1058.97 
1058.44 
1058.7 
1058.27 
1058.595 
1058.205 
1058.53 
1058.68 
1059.14 
1058.95 
1059.475 
1059.34 
1059.95 
1059.885 
1060.555 
1060.205 
1060.86 
1060.92 
1061.725 
1061.795 
1062.64 
1062.75 
1063.645 
1064.325 
1065.185 
1065.33 
1066.35 
1066.525 
1067.405 
1067.6 
1068.565 
1068.325 
1069.28 
1069.485 
1070.325 
1070.585 
1071.39 
1071.5 
1072.31 
1072.88 
1073.66 
1073.73 
1074.405 
1074.425 
1075.06 
1074.99 
1075.575 
1075.04 
1075.555 
1075.24 
1075.72 
1075.365 
1075.715 
1075.295 
1075.605 
1075.56 
1075.74 
1075.115 
1075.265 
1074.575 
1074.685 
1073.9 
1073.825 
1072.695 
1072.575 
1071.72 
1071.53 
1070.655 
1070.475 
1069.46 
1069.19 
1068.665 
1068.39 
1067.345 
1067.045 
1066.06 
1065.695 
1064.65 
1064.39 
1062.98 
1062.64 
1061.65 
1061.355 
1060.36 
1060.12 
1059.12 
1058.89 
1058.495 
1058.32 
1057.4 
1057.365 
1056.6 
1056.495 
1055.815 
1055.8 
1054.76 
1054.895 
1054.235 
1054.415 
1053.99 
1054.27 
1053.81 
1054.195 
1054.33 
1054.685 
1054.445 
1055.04 
1054.91 
1055.5 
1055.42 
1056.02 
1055.67 
1056.37 
1056.455 
1057.185 
1057.345 
1058.18 
1058.295 
1059.255 
1059.85 
1060.77 
1060.96 
1061.89 
1062.21 
1063.1 
1063.35 
1064.3 
1064.18 
1065.07 
1065.33 
1066.215 
1066.405 
1067.37 
1067.42 
1068.325 
1068.915 
1069.775 
1069.725 
1070.485 
1070.56 
1071.22 
1071.135 
1071.735 
1071.22 
1071.71 
1071.46 
1071.935 
1071.605 
1071.935 
1071.545 
1071.835 
1071.77 
1071.985 
1071.4 
1071.545 
1070.945 
1071.005 
1070.24 
1070.185 
1069.085 
1068.945 
1068.12 
1067.92 
1067.0 
1066.805 
1065.905 
1065.595 
1065.14 
1064.85 
1063.835 
1063.525 
1062.535 
1062.2 
1061.26 
1060.945 
1059.52 
1059.225 
1058.26 
1057.95 
1057.03 
1056.77 
1055.89 
1055.67 
1055.31 
1055.14 
1054.26 
1054.265 
1053.54 
1053.55 
1052.81 
1052.995 
1052.005 
1052.15 
1051.54 
1051.8 
1051.42 
1051.73 
1051.4 
1051.81 
1051.995 
1052.465 
1052.28 
1052.895 
1052.83 
1053.515 
1053.385 
1054.11 
1053.905 
1054.655 
1054.765 
1055.64 
1055.735 
1056.655 
1056.9 
1057.84 
1058.495 
1059.44 
1059.675 
1060.67 
1060.965 
1061.925 
1062.265 
1063.24 
1063.055 
1063.98 
1064.26 
1065.15 
1065.425 
1066.19 
1066.365 
1067.265 
1067.81 
1068.575 
1068.625 
1069.26 
1069.285 
1069.855 
1069.86 
1070.37 
1069.81 
1070.265 
1069.955 
1070.305 
1069.95 
1070.26 
1069.825 
1069.965 
1069.9 
1069.975 
1069.355 
1069.405 
1068.665 
1068.625 
1067.86 
1067.72 
1066.435 
1066.215 
1065.27 
1065.025 
1064.01 
1063.76 
1062.675 
1062.24 
1061.75 
1061.33 
1060.225 
1059.775 
1058.705 
1058.29 
1057.215 
1056.85 
1055.39 
1054.965 
1053.885 
1053.505 
1052.52 
1052.185 
1051.24 
1050.945 
1050.485 
1050.25 
1049.42 
1049.26 
1048.495 
1048.41 
1047.665 
1047.755 
1046.685 
1046.84 
1046.205 
1046.395 
1045.97 
1046.285 
1045.855 
1046.265 
1046.43 
1046.935 
1046.765 
1047.285 
1047.24 
1047.87 
1047.745 
1048.555 
1048.245 
1048.985 
1049.09 
1049.935 
1050.135 
1051.065 
1051.25 
1052.215 
1052.87 
1053.875 
1054.11 
1055.13 
1055.47 
1056.48 
1056.765 
1057.76 
1057.725 
1058.665 
1058.94 
1059.92 
1060.185 
1061.135 
1061.22 
1062.175 
1062.785 
1063.64 
1063.68 
1064.455 
1064.53 
1065.21 
1065.19 
1065.775 
1065.33 
1065.895 
1065.665 
1066.085 
1065.87 
1066.215 
1065.86 
1066.11 
1066.145 
1066.275 
1065.71 
1065.88 
1065.265 
1065.28 
1064.555 
1064.53 
1063.395 
