Run 0 on 20200811 on sample T20-5d, LT thermometer,  dT/T0 = 0.02
Time per point = 3.125e-05 seconds
-5315.1 
-5315.33 
-5314.72 
-5314.89 
-5314.465 
-5314.845 
-5314.65 
-5315.535 
-5315.44 
-5316.16 
-5316.25 
-5317.01 
-5317.225 
-5318.24 
-5318.665 
-5319.3 
-5319.83 
-5321.1 
-5321.705 
-5323.025 
-5323.85 
-5325.28 
-5325.975 
-5327.93 
-5328.79 
-5330.405 
-5331.34 
-5332.89 
-5333.82 
-5335.465 
-5336.38 
-5337.5 
-5338.44 
-5339.975 
-5340.745 
-5342.235 
-5343.02 
-5344.495 
-5345.135 
-5346.855 
-5347.41 
-5348.665 
-5349.16 
-5350.2 
-5350.555 
-5351.595 
-5351.72 
-5352.115 
-5352.15 
-5352.89 
-5352.8 
-5353.265 
-5353.07 
-5353.44 
-5353.02 
-5353.585 
-5353.1 
-5353.155 
-5352.465 
-5352.32 
-5351.47 
-5351.37 
-5350.365 
-5349.52 
-5348.4 
-5347.975 
-5346.725 
-5346.11 
-5344.76 
-5344.1 
-5342.645 
-5342.165 
-5340.71 
-5339.84 
-5338.355 
-5337.39 
-5335.695 
-5334.805 
-5333.17 
-5331.795 
-5330.13 
-5329.095 
-5327.405 
-5326.47 
-5324.885 
-5323.925 
-5322.405 
-5321.955 
-5320.445 
-5319.67 
-5318.205 
-5317.52 
-5316.255 
-5315.68 
-5314.465 
-5313.57 
-5312.545 
-5312.215 
-5311.3 
-5311.09 
-5310.305 
-5310.31 
-5309.72 
-5310.26 
-5309.79 
-5310.15 
-5309.855 
-5310.255 
-5310.08 
-5310.68 
-5310.77 
-5310.99 
-5311.06 
-5311.935 
-5312.13 
-5313.035 
-5313.34 
-5314.37 
-5314.73 
-5316.255 
-5316.61 
-5317.885 
-5318.335 
-5319.45 
-5320.01 
-5321.12 
-5321.6 
-5322.28 
-5322.755 
-5323.87 
-5324.285 
-5325.19 
-5325.58 
-5326.61 
-5326.79 
-5328.1 
-5328.235 
-5328.995 
-5329.085 
-5329.71 
-5329.625 
-5330.2 
-5329.945 
-5329.905 
-5329.535 
-5329.77 
-5329.315 
-5329.385 
-5328.68 
-5328.69 
-5327.88 
-5328.145 
-5327.205 
-5326.88 
-5325.805 
-5325.325 
-5324.06 
-5323.465 
-5322.18 
-5320.915 
-5319.49 
-5318.595 
-5317.025 
-5316.055 
-5314.41 
-5313.345 
-5311.535 
-5310.76 
-5308.805 
-5307.72 
-5305.825 
-5304.38 
-5302.445 
-5301.2 
-5299.1 
-5297.4 
-5295.44 
-5294.12 
-5292.085 
-5290.745 
-5288.745 
-5287.52 
-5285.605 
-5284.805 
-5282.895 
-5281.82 
-5280.005 
-5278.96 
-5277.3 
-5276.36 
-5274.75 
-5273.51 
-5272.08 
-5271.45 
-5270.095 
-5269.58 
-5268.38 
-5268.03 
-5266.995 
-5267.14 
-5266.265 
-5266.155 
-5265.475 
-5265.505 
-5264.955 
-5265.19 
-5264.77 
-5264.665 
-5264.28 
-5264.755 
-5264.56 
-5265.095 
-5265.0 
-5265.66 
-5265.59 
-5266.65 
-5266.72 
-5267.495 
-5267.585 
-5268.33 
-5268.455 
-5269.26 
-5269.32 
-5269.625 
-5269.685 
-5270.45 
-5270.46 
-5271.095 
-5271.09 
-5271.74 
-5271.69 
-5272.58 
-5272.415 
-5272.855 
-5272.57 
-5272.955 
-5272.535 
-5272.755 
-5272.21 
-5271.865 
-5271.215 
-5271.295 
-5270.51 
-5270.305 
-5269.455 
-5269.165 
-5268.13 
-5268.125 
-5266.98 
-5266.48 
-5265.145 
-5264.415 
-5263.0 
-5262.3 
-5260.705 
-5259.345 
-5257.695 
-5256.715 
-5254.885 
-5253.845 
-5252.025 
-5250.805 
-5248.835 
-5248.015 
-5246.01 
-5244.73 
-5242.745 
-5241.305 
-5239.28 
-5237.84 
-5235.765 
-5233.92 
-5231.89 
-5230.58 
-5228.41 
-5227.025 
-5225.06 
-5223.785 
-5221.825 
-5220.95 
-5219.125 
-5218.04 
-5216.25 
-5215.205 
-5213.6 
-5212.7 
-5211.12 
-5209.875 
-5208.57 
-5207.925 
-5206.645 
-5206.175 
-5205.135 
-5204.845 
-5203.875 
-5204.14 
-5203.39 
-5203.475 
-5202.905 
-5203.015 
-5202.605 
-5203.015 
-5202.72 
-5202.8 
-5202.635 
-5203.26 
-5203.21 
-5204.01 
-5204.075 
-5204.93 
-5205.07 
-5206.465 
-5206.675 
-5207.675 
-5207.985 
-5209.035 
-5209.38 
-5210.46 
-5210.74 
-5211.37 
-5211.69 
-5212.695 
-5212.99 
-5213.935 
-5214.29 
-5215.165 
-5215.335 
-5216.575 
-5216.73 
-5217.48 
-5217.535 
-5218.16 
-5218.095 
-5218.76 
-5218.49 
-5218.48 
-5218.16 
-5218.595 
-5218.135 
-5218.295 
-5217.71 
-5217.79 
-5217.03 
-5217.45 
-5216.63 
-5216.445 
-5215.485 
-5215.12 
-5214.05 
-5213.55 
-5212.43 
-5211.335 
-5210.035 
-5209.315 
-5207.86 
-5206.97 
-5205.465 
-5204.55 
-5202.83 
-5202.32 
-5200.535 
-5199.425 
-5197.645 
-5196.45 
-5194.465 
-5193.25 
-5191.31 
-5189.595 
-5187.595 
-5186.31 
-5184.24 
-5182.85 
-5180.82 
-5179.455 
-5177.405 
-5176.495 
-5174.485 
-5173.175 
-5171.155 
-5169.755 
-5167.875 
-5166.485 
-5164.605 
-5162.83 
-5161.01 
-5159.8 
-5157.945 
-5156.77 
-5154.985 
-5153.845 
-5152.095 
-5151.385 
-5149.72 
-5148.73 
-5146.98 
-5145.955 
-5144.35 
-5143.345 
-5141.595 
-5140.13 
-5138.435 
-5137.36 
-5135.53 
-5134.385 
-5132.605 
-5131.47 
-5129.455 
-5128.6 
-5126.49 
-5125.1 
-5122.925 
-5121.235 
-5118.925 
-5117.09 
-5114.45 
-5111.98 
-5109.175 
-5106.905 
-5103.81 
-5101.22 
-5097.935 
-5095.065 
-5091.395 
-5088.57 
-5084.53 
-5081.075 
-5076.64 
-5072.78 
-5068.09 
-5063.955 
-5058.865 
-5053.765 
-5048.275 
-5043.375 
-5037.47 
-5032.065 
-5025.775 
-5020.05 
-5013.26 
-5007.485 
-5000.43 
-4993.825 
-4986.335 
-4979.355 
-4971.405 
-4964.085 
-4955.795 
-4947.46 
-4938.745 
-4930.615 
-4921.535 
-4912.94 
-4903.545 
-4894.675 
-4884.835 
-4875.865 
-4865.765 
-4856.175 
-4845.7 
-4835.79 
-4825.065 
-4814.86 
-4803.745 
-4792.89 
-4781.515 
-4770.86 
-4759.26 
-4748.22 
-4736.445 
-4725.35 
-4713.3 
-4702.36 
-4690.18 
-4678.655 
-4666.365 
-4654.745 
-4642.295 
-4630.57 
-4617.94 
-4605.555 
-4592.93 
-4581.07 
-4568.29 
-4556.195 
-4543.46 
-4531.315 
-4518.535 
-4506.675 
-4493.825 
-4481.675 
-4468.645 
-4456.4 
-4443.39 
-4431.165 
-4418.215 
-4405.4 
-4392.285 
-4379.905 
-4366.755 
-4354.235 
-4341.09 
-4328.565 
-4315.23 
-4303.035 
-4289.58 
-4276.92 
-4263.475 
-4250.59 
-4237.01 
-4224.09 
-4210.33 
-4196.765 
-4182.865 
-4169.61 
-4155.565 
-4142.055 
-4127.89 
-4114.28 
-4099.86 
-4086.535 
-4071.915 
-4057.955 
-4043.15 
-4028.955 
-4014.01 
-3999.685 
-3984.54 
-3969.47 
-3954.15 
-3939.435 
-3923.815 
-3908.86 
-3893.07 
-3877.95 
-3862.0 
-3847.125 
-3830.965 
-3815.49 
-3799.26 
-3783.58 
-3767.105 
-3751.345 
-3734.815 
-3718.42 
-3701.675 
-3685.705 
-3668.92 
-3652.76 
-3635.905 
-3619.705 
-3602.67 
-3586.74 
-3569.78 
-3553.525 
-3536.525 
-3520.15 
-3503.165 
-3486.82 
-3469.805 
-3453.06 
-3436.19 
-3419.97 
-3403.02 
-3386.83 
-3370.1 
-3354.09 
-3337.335 
-3321.88 
-3305.325 
-3289.555 
-3273.205 
-3257.545 
-3241.385 
-3226.015 
-3209.98 
-3194.3 
-3178.48 
-3163.52 
-3147.92 
-3133.15 
-3117.8 
-3103.25 
-3088.165 
-3074.235 
-3059.3 
-3045.26 
-3030.705 
-3016.83 
-3002.41 
-2988.81 
-2974.645 
-2960.81 
-2946.815 
-2933.595 
-2919.79 
-2906.845 
-2893.25 
-2880.395 
-2866.98 
-2854.675 
-2841.37 
-2828.81 
-2815.59 
-2803.125 
-2790.03 
-2777.695 
-2764.585 
-2751.885 
-2738.885 
-2726.695 
-2713.65 
-2701.47 
-2688.48 
-2676.305 
-2663.3 
-2651.43 
-2638.495 
-2626.155 
-2613.14 
-2600.82 
-2587.805 
-2575.35 
-2562.2 
-2549.225 
-2536.06 
-2523.555 
-2510.285 
-2497.53 
-2484.19 
-2471.545 
-2457.995 
-2445.65 
-2432.15 
-2419.29 
-2405.685 
-2392.67 
-2378.985 
-2366.05 
-2352.31 
-2338.76 
-2324.945 
-2311.865 
-2297.995 
-2284.76 
-2270.96 
-2257.73 
-2243.8 
-2231.035 
-2217.08 
-2203.985 
-2190.085 
-2176.935 
-2163.045 
-2150.0 
-2136.25 
-2122.73 
-2109.085 
-2096.105 
-2082.51 
-2069.66 
-2056.185 
-2043.535 
-2030.14 
-2018.035 
-2004.83 
-1992.42 
-1979.445 
-1967.26 
-1954.49 
-1942.48 
-1929.94 
-1917.675 
-1905.325 
-1893.84 
-1881.705 
-1870.345 
-1858.38 
-1847.385 
-1835.7 
-1825.285 
-1813.965 
-1803.32 
-1792.175 
-1781.87 
-1770.915 
-1760.87 
-1750.24 
-1739.85 
-1729.375 
-1719.71 
-1709.415 
-1699.925 
-1689.825 
-1680.525 
-1670.63 
-1661.845 
-1651.975 
-1643.025 
-1633.315 
-1624.32 
-1614.735 
-1605.86 
-1596.41 
-1587.185 
-1577.63 
-1568.865 
-1559.4 
-1550.565 
-1541.115 
-1532.385 
-1522.835 
-1514.445 
-1504.95 
-1496.05 
-1486.505 
-1477.61 
-1467.955 
-1458.925 
-1449.16 
-1439.69 
-1429.86 
-1420.715 
-1410.735 
-1401.425 
-1391.42 
-1382.055 
-1371.89 
-1362.82 
-1352.685 
-1343.115 
-1332.795 
-1323.02 
-1312.67 
-1302.91 
-1292.385 
-1282.06 
-1271.485 
-1261.64 
-1250.93 
-1240.915 
-1230.215 
-1220.215 
-1209.43 
-1199.79 
-1189.03 
-1179.055 
-1168.23 
-1158.155 
-1147.41 
-1137.38 
-1126.68 
-1116.25 
-1105.62 
-1095.715 
-1085.105 
-1075.27 
-1064.725 
-1055.08 
-1044.66 
-1035.51 
-1025.3 
-1015.875 
-1005.785 
-996.565 
-986.6 
-977.59 
-967.84 
-958.46 
-949.025 
-940.36 
-931.08 
-922.595 
-913.505 
-905.24 
-896.415 
-888.765 
-880.21 
-872.39 
-864.035 
-856.41 
-848.245 
-840.895 
-832.99 
-825.33 
-817.6 
-810.635 
-803.005 
-796.135 
-788.805 
-782.175 
-774.82 
-768.725 
-761.515 
-755.165 
-748.055 
-741.755 
-734.765 
-728.515 
-721.505 
-714.84 
-707.96 
-701.71 
-694.785 
-688.515 
-681.625 
-675.41 
-668.465 
-662.485 
-655.47 
-649.16 
-642.04 
-635.57 
-628.45 
-621.965 
-614.695 
-607.58 
-600.175 
-593.495 
-585.96 
-579.12 
-571.575 
-564.565 
-556.775 
-550.16 
-542.375 
-535.115 
-527.185 
-519.855 
-511.815 
-504.415 
-496.24 
-488.29 
-480.03 
-472.525 
-464.14 
-456.475 
-448.105 
-440.32 
-431.91 
-424.535 
-416.085 
-408.31 
-399.83 
-391.99 
-383.56 
-375.755 
-367.265 
-359.125 
-350.725 
-343.035 
-334.705 
-327.035 
-318.75 
-311.335 
-303.185 
-296.205 
-288.185 
-280.995 
-273.08 
-265.945 
-258.3 
-251.395 
-243.855 
-236.655 
-229.315 
-222.865 
-215.735 
-209.335 
-202.465 
-196.41 
-189.715 
-184.305 
-177.82 
-172.19 
-165.955 
-160.445 
-154.4 
-149.225 
-143.42 
-137.935 
-132.33 
-127.395 
-121.925 
-117.185 
-111.88 
-107.415 
-102.165 
-98.135 
-93.14 
-88.86 
-83.955 
-79.635 
-74.825 
-70.65 
-65.795 
-61.16 
-56.455 
-52.265 
-47.44 
-43.23 
-38.465 
-34.31 
-29.47 
-25.72 
-20.725 
-16.52 
-11.525 
-7.195 
-2.08 
2.335 
7.545 
12.565 
17.825 
22.45 
27.89 
32.71 
38.155 
43.065 
48.825 
53.36 
59.12 
64.24 
70.175 
75.45 
81.5 
86.87 
92.995 
98.92 
105.195 
110.72 
117.08 
122.775 
129.14 
134.825 
141.34 
146.825 
153.355 
159.155 
165.665 
171.545 
178.195 
184.005 
190.605 
196.9 
203.46 
209.255 
215.815 
221.655 
228.09 
233.715 
240.145 
245.33 
251.625 
257.13 
263.25 
268.675 
274.605 
279.87 
285.78 
291.295 
297.005 
301.905 
307.485 
312.225 
317.515 
322.185 
327.41 
331.4 
336.375 
340.555 
345.365 
349.485 
354.175 
357.975 
362.44 
366.66 
370.995 
374.605 
378.72 
382.25 
386.31 
389.66 
393.715 
396.605 
400.495 
403.595 
407.505 
410.65 
414.495 
417.645 
421.54 
425.045 
428.9 
431.97 
435.93 
439.13 
443.06 
446.29 
450.305 
453.285 
457.345 
460.735 
464.9 
468.505 
472.72 
476.375 
480.835 
485.125 
489.575 
493.475 
498.16 
502.25 
507.075 
511.275 
516.205 
520.185 
525.19 
529.635 
534.91 
539.535 
544.845 
549.52 
554.98 
560.17 
565.835 
570.68 
576.385 
581.43 
587.045 
592.185 
597.965 
602.695 
608.56 
613.655 
619.51 
624.69 
630.565 
635.77 
641.59 
647.185 
653.025 
658.125 
663.935 
669.03 
674.71 
679.655 
685.195 
689.65 
695.16 
699.885 
705.25 
709.84 
715.015 
719.43 
724.5 
729.255 
734.1 
738.205 
742.825 
746.79 
751.29 
755.04 
759.315 
762.44 
766.545 
769.86 
773.82 
776.945 
780.665 
783.58 
787.13 
790.355 
793.67 
796.355 
799.665 
802.12 
805.11 
807.505 
810.505 
812.41 
815.19 
817.35 
820.09 
822.26 
824.945 
827.04 
829.725 
832.205 
834.915 
836.845 
839.63 
841.71 
844.38 
846.4 
849.205 
850.915 
853.75 
855.915 
858.86 
861.075 
864.045 
866.32 
869.515 
872.39 
875.55 
878.09 
881.395 
884.08 
887.475 
890.195 
893.75 
896.24 
899.785 
902.745 
906.435 
909.52 
913.275 
916.475 
920.345 
924.09 
928.105 
931.44 
935.5 
938.9 
942.95 
946.34 
950.605 
953.67 
957.835 
961.285 
965.45 
969.055 
973.23 
976.73 
980.89 
984.785 
988.85 
992.25 
996.33 
999.755 
1003.695 
1006.91 
1010.82 
1013.515 
1017.325 
1020.29 
1023.97 
1026.865 
1030.405 
1033.11 
1036.46 
1039.49 
1042.65 
1045.135 
1048.075 
1050.365 
1053.2 
1055.255 
1057.925 
1059.3 
1061.765 
1063.43 
1065.74 
1067.3 
1069.425 
1070.72 
1072.645 
1074.345 
1076.155 
1077.2 
1078.94 
1079.84 
1081.33 
1082.155 
1083.66 
1084.05 
1085.405 
1086.075 
1087.355 
1088.05 
1089.35 
1089.935 
1091.265 
1092.315 
1093.61 
1094.2 
1095.57 
1096.24 
1097.65 
1098.265 
1099.8 
1100.24 
1101.82 
1102.72 
1104.365 
1105.3 
1107.04 
1108.105 
1110.035 
1111.725 
1113.66 
1115.06 
1117.265 
1118.755 
1120.995 
1122.605 
1125.11 
1126.43 
1128.995 
1130.88 
1133.56 
1135.695 
1138.46 
1140.605 
1143.56 
1146.215 
1149.35 
1151.77 
1154.96 
1157.42 
1160.645 
1163.225 
1166.605 
1168.835 
1172.22 
1174.86 
1178.27 
1181.04 
1184.495 
1187.235 
1190.75 
1193.905 
1197.275 
1200.075 
1203.455 
1206.225 
1209.64 
1212.18 
1215.54 
1217.675 
1220.915 
1223.385 
1226.505 
1228.89 
1231.87 
1234.135 
1237.015 
1239.565 
1242.23 
1244.185 
1246.8 
1248.67 
1251.09 
1252.735 
1255.09 
1256.115 
1258.185 
1259.51 
1261.49 
1262.76 
1264.505 
1265.51 
1267.185 
1268.505 
1270.055 
1270.765 
1272.285 
1272.93 
1274.195 
1274.8 
1276.045 
1276.12 
1277.27 
1277.69 
1278.825 
1279.305 
1280.335 
1280.8 
1281.875 
1282.71 
1283.74 
1284.17 
1285.365 
1285.915 
1287.025 
1287.54 
1288.81 
1288.99 
1290.28 
1290.995 
1292.455 
1293.18 
1294.725 
1295.585 
1297.285 
1298.755 
1300.49 
1301.62 
1303.53 
1304.75 
1306.825 
1308.23 
1310.355 
1311.43 
1313.66 
1315.315 
1317.735 
1319.435 
1322.01 
1323.82 
1326.41 
1328.765 
1331.55 
1333.595 
1336.41 
1338.555 
1341.39 
1343.64 
1346.55 
1348.46 
1351.38 
1353.605 
1356.61 
1358.965 
1361.94 
1364.335 
1367.225 
1370.105 
1372.93 
1375.22 
1378.21 
1380.455 
1383.325 
1385.43 
1388.23 
1389.845 
1392.53 
1394.505 
1397.135 
1398.985 
1401.38 
1403.095 
1405.475 
1407.465 
1409.66 
1411.05 
1413.11 
1414.415 
1416.295 
1417.435 
1419.1 
1419.66 
1421.18 
1421.96 
1423.425 
1424.06 
1425.375 
1425.82 
1426.93 
1427.655 
1428.725 
1428.955 
1429.815 
1430.075 
1430.77 
1430.85 
1431.615 
1431.165 
1431.82 
1431.755 
1432.385 
1432.33 
1432.89 
1432.8 
1433.515 
1433.785 
1434.39 
1434.275 
1435.0 
1435.08 
1435.76 
1435.845 
1436.65 
1436.34 
1437.26 
1437.485 
1438.475 
1438.815 
1439.915 
1440.42 
1441.53 
1442.625 
1443.925 
1444.61 
1446.085 
1446.83 
1448.62 
1449.505 
1451.26 
1451.885 
1453.69 
1454.95 
1456.875 
1458.305 
1460.355 
1461.805 
1464.035 
1465.96 
1468.27 
1469.84 
1472.3 
1474.045 
1476.45 
1478.245 
1480.755 
1482.26 
1484.78 
1486.63 
1489.27 
1491.225 
1493.71 
1495.69 
1498.315 
1500.67 
1503.2 
1505.1 
1507.68 
1509.57 
1512.09 
1513.855 
1516.26 
1517.63 
1519.9 
1521.505 
1523.815 
1525.255 
1527.36 
1528.74 
1530.725 
1532.48 
1534.335 
1535.39 
1537.125 
1538.075 
1539.65 
1540.435 
1541.87 
1542.145 
1543.415 
1543.91 
1545.0 
1545.37 
1546.275 
1546.48 
1547.215 
1547.77 
1548.405 
1548.35 
1548.96 
1548.81 
1549.255 
1548.945 
1549.33 
1548.685 
1548.91 
1548.465 
1548.725 
1548.31 
1548.5 
1548.09 
1548.37 
1548.32 
1548.495 
1547.965 
1548.265 
1547.905 
1548.235 
1547.755 
1548.125 
1547.37 
1547.865 
1547.545 
1548.055 
1547.945 
1548.46 
1548.36 
1549.09 
1549.63 
1550.345 
1550.485 
1551.37 
1551.665 
1552.63 
1552.99 
1554.145 
1554.195 
1555.315 
1555.985 
1557.315 
1558.065 
1559.44 
1560.195 
1561.73 
1563.06 
1564.705 
1565.72 
1567.385 
1568.47 
1570.26 
1571.29 
1573.19 
1573.965 
1575.815 
1576.965 
1578.935 
1580.085 
1582.11 
1583.335 
1585.31 
1586.99 
1588.86 
1590.06 
1592.005 
1593.17 
1595.03 
1596.165 
1597.925 
1598.57 
1600.295 
1601.305 
1602.955 
1603.82 
1605.33 
1606.095 
1607.52 
1608.66 
1609.92 
1610.435 
1611.565 
1611.935 
1612.97 
1613.28 
1614.185 
1613.85 
1614.585 
1614.61 
1615.18 
1615.085 
1615.54 
1615.275 
1615.675 
1615.755 
1616.01 
1615.52 
1615.74 
1615.065 
1615.19 
1614.465 
1614.595 
1613.475 
1613.455 
1612.685 
1612.545 
1611.915 
1611.76 
1611.045 
1610.955 
1610.695 
1610.67 
1609.895 
1609.945 
1609.27 
1609.345 
1608.64 
1608.82 
1607.875 
1608.16 
1607.64 
1607.96 
1607.59 
1607.96 
1607.765 
1608.325 
1608.57 
1609.205 
1609.11 
1609.855 
1609.945 
1610.805 
1611.02 
1612.015 
1611.995 
1613.02 
1613.41 
1614.68 
1615.235 
1616.515 
1617.115 
1618.58 
1619.785 
1621.365 
1622.155 
1623.77 
1624.65 
1626.31 
1627.325 
1629.08 
1629.735 
1631.495 
1632.575 
1634.38 
1635.455 
1637.33 
1638.5 
1640.32 
1641.885 
1643.715 
1644.775 
1646.62 
1647.795 
1649.505 
1650.495 
1652.26 
1652.78 
1654.41 
1655.335 
1656.865 
1657.61 
1659.075 
1659.725 
1661.085 
1662.185 
1663.335 
1663.76 
1664.9 
1665.17 
1666.145 
1666.315 
1667.165 
1666.81 
1667.49 
1667.335 
1667.89 
1667.69 
1668.14 
1667.71 
1668.045 
1667.95 
1668.215 
1667.635 
1667.77 
1667.04 
1667.035 
1666.265 
1666.295 
1665.055 
1664.98 
1664.09 
1663.84 
1663.085 
1662.87 
1662.015 
1661.845 
1661.365 
1661.19 
1660.29 
1660.225 
1659.42 
1659.275 
1658.465 
1658.435 
1657.345 
1657.395 
1656.81 
1656.9 
1656.315 
1656.535 
1656.01 
1656.36 
1656.455 
1656.905 
1656.57 
1657.105 
1657.01 
1657.585 
1657.555 
1658.365 
1658.05 
1658.81 
1658.965 
1659.975 
1660.295 
1661.29 
1661.685 
1662.845 
1663.795 
1665.015 
1665.52 
1666.93 
1667.555 
1668.945 
1669.625 
1671.17 
1671.545 
1673.085 
1673.83 
1675.395 
1676.25 
1677.86 
1678.69 
1680.265 
1681.605 
1683.13 
1684.0 
1685.52 
1686.3 
1687.885 
1688.615 
1690.065 
1690.455 
1691.805 
1692.405 
1693.73 
1694.28 
1695.485 
1695.93 
1697.05 
1697.895 
1698.845 
1699.05 
1699.85 
1699.98 
1700.725 
1700.685 
1701.325 
1700.74 
1701.22 
1700.875 
1701.27 
1700.875 
1701.08 
1700.565 
1700.645 
1700.46 
1700.505 
1699.635 
1699.62 
1698.82 
1698.635 
1697.69 
1697.555 
1696.205 
1695.905 
1694.88 
1694.525 
1693.555 
1693.175 
1692.16 
1691.86 
1691.245 
1690.98 
1689.94 
1689.755 
1688.83 
1688.65 
1687.695 
1687.515 
1686.365 
1686.28 
1685.565 
1685.58 
1684.94 
1684.955 
1684.495 
1684.705 
1684.745 
1685.155 
1684.665 
1685.165 
1684.985 
1685.595 
1685.5 
1686.22 
1685.845 
1686.615 
1686.77 
1687.705 
1687.995 
1689.08 
1689.425 
1690.565 
1691.47 
1692.74 
1693.315 
1694.635 
1695.295 
1696.655 
1697.375 
1698.905 
1699.4 
1700.875 
1701.73 
1703.28 
1704.18 
1705.79 
1706.65 
1708.225 
1709.625 
1711.23 
1712.04 
1713.595 
1714.545 
1716.045 
1716.805 
1718.22 
1718.635 
1720.015 
1720.625 
1721.985 
1722.525 
1723.65 
1724.055 
1725.195 
1725.99 
1726.915 
1727.02 
1727.81 
1727.835 
1728.52 
1728.405 
1728.965 
1728.33 
1728.655 
1728.245 
1728.465 
1727.935 
1727.965 
1727.16 
1727.22 
1726.755 
1726.625 
1725.63 
1725.365 
1724.26 
1723.845 
1722.755 
1722.26 
1720.69 
1720.105 
1718.795 
1718.155 
1716.855 
1716.235 
1714.87 
1714.335 
1713.435 
1712.75 
1711.41 
1710.85 
1709.65 
1709.075 
1707.755 
1707.285 
1705.785 
1705.35 
1704.245 
1703.96 
1702.95 
1702.685 
1701.805 
1701.64 
1701.295 
1701.285 
1700.6 
1700.735 
1700.27 
1700.44 
1700.0 
1700.395 
1699.68 
1700.135 
1700.005 
1700.56 
1700.535 
1701.275 
1701.28 
1702.14 
1702.775 
1703.75 
1703.965 
1705.06 
1705.46 
1706.505 
1707.005 
1708.165 
1708.385 
1709.595 
1710.22 
1711.47 
1712.175 
1713.49 
1714.185 
1715.5 
1716.59 
1717.925 
1718.53 
1719.875 
1720.55 
1721.855 
1722.42 
1723.59 
1723.73 
1724.89 
1725.31 
1726.375 
1726.685 
1727.705 
1727.8 
1728.73 
1729.25 
1730.035 
1729.915 
1730.525 
1730.34 
1730.82 
1730.495 
1730.855 
1729.98 
1730.15 
1729.505 
1729.55 
1728.875 
1728.75 
1727.815 
1727.625 
1727.09 
1726.795 
1725.605 
1725.305 
1724.055 
1723.545 
1722.3 
1721.75 
1720.01 
1719.44 
1718.04 
1717.335 
1716.025 
1715.375 
1714.035 
1713.335 
1712.515 
1711.9 
1710.56 
1710.0 
1708.805 
1708.305 
1707.12 
1706.75 
1705.37 
1705.045 
1704.09 
1703.865 
1702.975 
1702.865 
1702.145 
1702.19 
1702.095 
1702.225 
1701.7 
1702.06 
1701.71 
1702.18 
1701.955 
1702.605 
1702.145 
1702.79 
1702.895 
1703.805 
1704.045 
1704.98 
1705.37 
1706.445 
1707.375 
1708.575 
1709.195 
1710.455 
1711.15 
1712.51 
1713.305 
1714.8 
1715.28 
1716.805 
1717.625 
1719.22 
1720.075 
1721.76 
1722.62 
1724.29 
1725.645 
1727.22 
1728.09 
1729.76 
1730.61 
1732.135 
1732.91 
1734.36 
1734.78 
1736.13 
1736.675 
1737.96 
1738.53 
1739.61 
1740.0 
1741.03 
1741.785 
1742.72 
1742.695 
1743.44 
1743.455 
1744.09 
1743.83 
1744.285 
1743.59 
1743.82 
1743.285 
1743.46 
1742.78 
1742.71 
1741.95 
1741.78 
1741.32 
1740.96 
1739.95 
1739.595 
1738.405 
1737.95 
1736.695 
1736.16 
1734.48 
1733.85 
1732.44 
1731.83 
1730.445 
1729.78 
1728.445 
1727.75 
1726.82 
1726.16 
1724.815 
1724.225 
1722.985 
1722.45 
1721.16 
1720.64 
1719.24 
1718.795 
1717.805 
1717.515 
1716.56 
1716.37 
1715.53 
1715.435 
1715.28 
1715.25 
1714.69 
1714.915 
1714.48 
1714.785 
1714.51 
1714.955 
1714.365 
1714.93 
1714.79 
1715.595 
1715.755 
1716.47 
1716.63 
1717.64 
1718.23 
1719.375 
1719.755 
1720.885 
1721.385 
1722.52 
1723.14 
1724.39 
1724.69 
1725.995 
1726.585 
1727.94 
1728.68 
1730.02 
1730.705 
1732.1 
1733.175 
1734.54 
1735.13 
1736.495 
1737.09 
1738.355 
1738.83 
1740.015 
1740.14 
1741.255 
1741.605 
1742.58 
1742.785 
1743.64 
1743.7 
1744.415 
1744.945 
1745.54 
1745.315 
1745.775 
1745.525 
1745.755 
1745.36 
1745.49 
1744.575 
1744.53 
1743.795 
1743.66 
1742.82 
1742.535 
1741.41 
1741.085 
1740.405 
1739.945 
1738.68 
1738.12 
1736.835 
1736.16 
1734.745 
1734.08 
1732.28 
1731.585 
1730.065 
1729.3 
1727.92 
1727.125 
1725.67 
1724.95 
1724.005 
1723.335 
1721.945 
1721.37 
1720.155 
1719.535 
1718.37 
1717.935 
1716.515 
1716.225 
1715.265 
1714.985 
1714.205 
1714.07 
1713.375 
1713.445 
1713.33 
1713.595 
1713.115 
1713.455 
1713.145 
1713.72 
1713.6 
1714.225 
1713.84 
1714.59 
1714.73 
1715.655 
1716.065 
1717.1 
1717.415 
1718.63 
1719.545 
1720.835 
1721.445 
1722.83 
1723.6 
1724.965 
1725.76 
1727.29 
1727.725 
1729.305 
1730.125 
1731.765 
1732.635 
1734.24 
1735.1 
1736.695 
1737.975 
1739.515 
1740.305 
1741.815 
1742.67 
1744.055 
1744.755 
1746.055 
1746.26 
1747.555 
1747.985 
1749.19 
1749.46 
1750.43 
1750.54 
1751.45 
1751.98 
1752.57 
1752.5 
1753.01 
1752.775 
1753.12 
1752.67 
1752.895 
1751.985 
1751.935 
1751.155 
1751.025 
1750.16 
1749.93 
1748.77 
1748.44 
1747.7 
1747.22 
1745.845 
1745.255 
1743.905 
1743.115 
1741.675 
1740.945 
1739.07 
1738.325 
1736.69 
1735.83 
1734.37 
1733.515 
1731.975 
1731.215 
1730.16 
1729.435 
1727.855 
1727.285 
1725.93 
1725.305 
1724.015 
1723.48 
1721.93 
1721.52 
1720.43 
1720.165 
1719.205 
1719.1 
1718.33 
1718.31 
1718.14 
1718.305 
1717.77 
1718.01 
1717.72 
1718.195 
1717.94 
1718.565 
1718.125 
1718.805 
1718.87 
1719.775 
1720.0 
1721.015 
1721.325 
1722.42 
1723.365 
1724.62 
1725.135 
1726.445 
1727.135 
1728.495 
1729.21 
1730.65 
1731.17 
1732.615 
1733.345 
1734.93 
1735.77 
1737.255 
1738.105 
1739.655 
1740.85 
1742.335 
1743.03 
1744.455 
1745.25 
1746.505 
1747.155 
1748.42 
1748.52 
1749.665 
1750.08 
1751.09 
1751.395 
1752.275 
1752.395 
1753.155 
1753.565 
1754.18 
1753.915 
1754.39 
1754.055 
1754.295 
1753.815 
1754.005 
1752.91 
1752.925 
1752.045 
1751.88 
1750.955 
1750.655 
1749.49 
1749.05 
1748.35 
1747.8 
1746.475 
1745.88 
1744.52 
1743.85 
1742.405 
1741.65 
1739.845 
1739.025 
1737.535 
1736.78 
1735.34 
1734.555 
1733.145 
1732.435 
1731.475 
1730.87 
1729.52 
1728.96 
1727.77 
1727.295 
1726.2 
1725.835 
1724.545 
1724.315 
1723.41 
1723.39 
1722.635 
1722.63 
1722.025 
1722.285 
1722.285 
1722.58 
1722.305 
1722.885 
1722.81 
1723.45 
1723.52 
1724.37 
1724.12 
1725.0 
1725.34 
1726.48 
1726.975 
1728.25 
1728.8 
1730.175 
1731.325 
1732.695 
1733.525 
1735.145 
1736.005 
1737.61 
1738.55 
1740.225 
1740.905 
1742.585 
1743.58 
1745.31 
1746.39 
1748.08 
1749.08 
1750.865 
1752.235 
1753.885 
1754.805 
1756.435 
1757.31 
1758.81 
1759.525 
1760.995 
1761.25 
1762.52 
1763.07 
1764.22 
1764.595 
1765.555 
1765.705 
1766.645 
1767.12 
1767.815 
1767.71 
1768.205 
1767.93 
1768.37 
1767.875 
1768.085 
1767.085 
1767.055 
1766.275 
1766.03 
1765.22 
1764.92 
1763.865 
1763.39 
1762.72 
1762.16 
1760.845 
1760.33 
1758.965 
1758.18 
1756.81 
1756.085 
1754.16 
1753.39 
1751.85 
1751.12 
1749.62 
1748.89 
1747.45 
1746.775 
1745.725 
1745.055 
1743.785 
1743.14 
1741.905 
1741.43 
1740.225 
1739.81 
1738.435 
1738.195 
1737.265 
1737.09 
1736.38 
1736.305 
1735.6 
1735.835 
1735.875 
1736.235 
1735.795 
1736.17 
1736.095 
1736.73 
1736.725 
1737.515 
1737.24 
1738.04 
1738.345 
1739.37 
1739.765 
1740.895 
1741.39 
1742.695 
1743.7 
1745.045 
1745.77 
1747.195 
1747.995 
1749.55 
1750.305 
1751.845 
1752.44 
1754.005 
1754.86 
1756.425 
1757.3 
1758.89 
1759.76 
1761.285 
1762.58 
1763.955 
1764.76 
1766.235 
1766.865 
1768.19 
1768.745 
1769.915 
1770.02 
1771.095 
1771.425 
1772.35 
1772.49 
1773.22 
1773.2 
1773.825 
1774.155 
1774.62 
1774.235 
1774.525 
1774.045 
1774.23 
1773.445 
1773.405 
1772.2 
1771.965 
1770.94 
1770.635 
1769.475 
1769.02 
1767.645 
1766.975 
1766.07 
1765.305 
1763.825 
1763.04 
1761.47 
1760.55 
1758.885 
1757.985 
1755.975 
1754.995 
1753.28 
1752.41 
1750.675 
1749.77 
1748.065 
1747.245 
1746.075 
1745.24 
1743.675 
1742.965 
1741.65 
1740.98 
1739.62 
1739.12 
1737.52 
1737.125 
1736.015 
1735.7 
1734.845 
1734.715 
1733.915 
1733.97 
1733.75 
1733.91 
1733.39 
1733.735 
1733.405 
1733.87 
1733.695 
1734.33 
1733.87 
1734.62 
1734.675 
1735.565 
1735.765 
1736.8 
1737.0 
1738.2 
1739.035 
1740.26 
1740.745 
1742.055 
1742.63 
1743.935 
1744.62 
1745.995 
1746.355 
1747.685 
1748.385 
1749.745 
1750.45 
1751.86 
1752.56 
1753.855 
1754.92 
1756.215 
1756.75 
1758.07 
1758.585 
1759.755 
1760.1 
1761.17 
1761.08 
1761.945 
1762.135 
1762.895 
1762.92 
1763.57 
1763.355 
1763.955 
1764.125 
1764.46 
1763.985 
1764.155 
1763.635 
1763.625 
1762.79 
1762.765 
1761.5 
1761.225 
1760.135 
1759.76 
1758.605 
1758.075 
1756.74 
1756.115 
1755.125 
1754.415 
1752.93 
1752.125 
1750.555 
1749.73 
1748.07 
1747.21 
1745.27 
1744.375 
1742.745 
1741.8 
1740.245 
1739.43 
1737.835 
1737.06 
1736.0 
1735.225 
1733.8 
1733.26 
1731.96 
1731.42 
1730.145 
1729.675 
1728.3 
1727.925 
1727.03 
1726.835 
1726.015 
1726.04 
1725.31 
1725.525 
1725.44 
1725.71 
1725.29 
1725.68 
1725.54 
1726.055 
1726.015 
1726.765 
1726.4 
1727.205 
1727.43 
1728.445 
1728.85 
1729.9 
1730.29 
1731.59 
1732.505 
1733.79 
1734.385 
1735.89 
1736.605 
1737.975 
1738.755 
1740.205 
1740.725 
1742.175 
1742.945 
1744.56 
1745.37 
1746.975 
1747.775 
1749.315 
1750.53 
1752.0 
1752.725 
1754.14 
1754.905 
1756.2 
1756.75 
1757.955 
1758.14 
1759.295 
1759.645 
1760.73 
1760.865 
1761.815 
1761.87 
1762.64 
1763.09 
1763.705 
1763.495 
1763.945 
1763.69 
1763.99 
1763.58 
1763.82 
1762.81 
1762.79 
1762.075 
1762.03 
1761.225 
1761.085 
1760.08 
1759.74 
1759.145 
1758.755 
1757.605 
1757.215 
1756.065 
1755.5 
1754.32 
1753.8 
1752.175 
1751.62 
1750.39 
1749.82 
1748.655 
1748.15 
1746.96 
1746.53 
1745.885 
1745.39 
1744.31 
1744.08 
1743.065 
1742.9 
1741.9 
1741.865 
1740.77 
1740.77 
1740.215 
1740.26 
1739.69 
1739.975 
1739.58 
1739.93 
1740.095 
1740.64 
1740.375 
1741.0 
1741.055 
1741.775 
1741.865 
1742.755 
1742.585 
1743.535 
1743.845 
1744.92 
1745.39 
1746.57 
1747.06 
1748.3 
1749.385 
1750.74 
1751.36 
1752.765 
1753.47 
1754.87 
1755.61 
1757.075 
1757.505 
1758.975 
1759.665 
1761.14 
1761.865 
1763.31 
1764.08 
1765.425 
1766.56 
1767.865 
1768.38 
1769.705 
1770.26 
1771.415 
1771.83 
1772.86 
1772.75 
1773.675 
1773.845 
1774.655 
1774.66 
1775.325 
1775.165 
1775.695 
1775.885 
1776.255 
1775.78 
1775.985 
1775.495 
1775.51 
1774.84 
1774.77 
1773.505 
1773.235 
1772.19 
1771.81 
1770.785 
1770.19 
1768.89 
1768.37 
1767.445 
1766.85 
1765.335 
1764.605 
1763.105 
1762.285 
1760.72 
1759.92 
1758.02 
1757.12 
1755.605 
1754.69 
1753.14 
1752.325 
1750.815 
1750.1 
1749.045 
1748.315 
1746.925 
1746.36 
1745.035 
1744.495 
1743.245 
1742.805 
1741.33 
1740.995 
1739.99 
1739.8 
1738.925 
1738.83 
1738.05 
1738.09 
1738.03 
1738.22 
1737.655 
1738.0 
1737.72 
1738.12 
1737.965 
1738.555 
1738.035 
1738.765 
1738.775 
1739.605 
1739.82 
1740.715 
1740.915 
1741.895 
1742.73 
1743.8 
1744.29 
1745.485 
1745.925 
1747.205 
1747.715 
1748.98 
1749.29 
1750.6 
1751.2 
1752.485 
1753.12 
1754.355 
1754.96 
1756.305 
1757.285 
1758.525 
1759.06 
1760.265 
1760.7 
1761.82 
1762.175 
1763.205 
1763.14 
1764.06 
1764.26 
1765.11 
1765.145 
1765.815 
1765.73 
1766.31 
1766.595 
1767.02 
1766.725 
1766.975 
1766.555 
1766.7 
1766.13 
1766.235 
1765.055 
1765.005 
1764.165 
1763.96 
1763.07 
1762.775 
1761.715 
1761.245 
1760.595 
1760.17 
1758.965 
1758.46 
1757.23 
1756.645 
1755.365 
1754.875 
1753.2 
1752.605 
1751.3 
1750.715 
1749.45 
1748.93 
1747.785 
1747.26 
1746.535 
1746.01 
1745.03 
1744.71 
1743.785 
1743.52 
1742.585 
1742.51 
1741.28 
1741.26 
1740.59 
1740.655 
1740.135 
1740.36 
1739.88 
1740.26 
1740.43 
1740.895 
1740.685 
1741.315 
1741.33 
1742.025 
1742.13 
1743.015 
1742.82 
1743.735 
1744.085 
1745.165 
1745.605 
1746.765 
1747.285 
1748.54 
1749.585 
1750.96 
1751.615 
1753.055 
1753.84 
1755.235 
1756.045 
1757.54 
1758.02 
1759.485 
1760.295 
1761.785 
1762.615 
1764.14 
1764.965 
1766.45 
1767.605 
1769.01 
1769.76 
1771.145 
1771.8 
1773.065 
1773.63 
1774.845 
1774.905 
1776.005 
1776.36 
1777.34 
1777.57 
1778.345 
1778.38 
1779.155 
1779.62 
1780.22 
1780.01 
1780.38 
1780.14 
1780.44 
1779.985 
1780.155 
1779.18 
1779.24 
1778.445 
1778.375 
1777.575 
1777.385 
1776.39 
1776.1 
1775.505 
1775.155 
1774.005 
1773.555 
1772.39 
1771.86 
1770.61 
1770.085 
1768.465 
