Run 0 on 20200811 on sample T20-5d, LT thermometer,  dT/T0 = 0.02
Time per point = 3.125e-05 seconds
-313.49 
-313.745 
-313.01 
-313.01 
-312.42 
-312.41 
-311.725 
-312.185 
-311.495 
-311.665 
-311.015 
-311.125 
-310.54 
-310.76 
-310.17 
-309.83 
-309.345 
-309.585 
-309.055 
-309.36 
-308.895 
-309.195 
-308.81 
-309.455 
-309.14 
-309.57 
-309.29 
-309.685 
-309.44 
-309.885 
-309.675 
-309.7 
-309.595 
-310.135 
-310.0 
-310.565 
-310.48 
-311.21 
-310.99 
-311.995 
-311.985 
-312.725 
-312.695 
-313.38 
-313.35 
-314.07 
-314.12 
-314.39 
-314.33 
-315.125 
-315.105 
-315.855 
-315.88 
-316.61 
-316.495 
-317.63 
-317.655 
-318.355 
-318.31 
-318.97 
-318.9 
-319.545 
-319.455 
-319.585 
-319.455 
-320.07 
-319.95 
-320.37 
-320.25 
-320.645 
-320.405 
-321.215 
-320.995 
-321.385 
-321.065 
-321.365 
-321.05 
-321.37 
-320.945 
-320.75 
-320.33 
-320.645 
-320.125 
-320.21 
-319.68 
-319.91 
-319.295 
-319.805 
-319.23 
-319.335 
-318.725 
-318.795 
-318.165 
-318.1 
-317.455 
-317.125 
-316.38 
-316.425 
-315.77 
-315.745 
-315.08 
-315.12 
-314.39 
-314.88 
-314.235 
-314.31 
-313.68 
-313.725 
-313.1 
-313.245 
-312.62 
-312.31 
-311.785 
-311.97 
-311.44 
-311.56 
-311.085 
-311.355 
-310.95 
-311.575 
-311.15 
-311.58 
-311.25 
-311.5 
-311.215 
-311.595 
-311.38 
-311.385 
-311.14 
-311.605 
-311.395 
-311.93 
-311.745 
-312.31 
-312.185 
-313.13 
-313.04 
-313.72 
-313.495 
-314.175 
-314.075 
-314.67 
-314.685 
-314.765 
-314.83 
-315.405 
-315.325 
-315.88 
-315.88 
-316.49 
-316.405 
-317.45 
-317.35 
-317.93 
-317.855 
-318.375 
-318.25 
-318.76 
-318.675 
-318.665 
-318.47 
-318.985 
-318.72 
-319.105 
-318.905 
-319.25 
-318.93 
-319.64 
-319.355 
-319.545 
-319.25 
-319.515 
-319.045 
-319.34 
-318.84 
-318.595 
-318.025 
-318.245 
-317.685 
-317.745 
-317.11 
-317.295 
-316.68 
-317.1 
-316.43 
-316.545 
-315.78 
-315.855 
-315.155 
-315.135 
-314.52 
-313.96 
-313.215 
-313.315 
-312.58 
-312.51 
-311.83 
-311.81 
-311.095 
-311.48 
-310.815 
-310.87 
-310.18 
-310.23 
-309.645 
-309.75 
-309.13 
-308.795 
-308.245 
-308.435 
-307.885 
-308.08 
-307.595 
-307.87 
-307.325 
-308.07 
-307.69 
-308.01 
-307.635 
-308.0 
-307.74 
-308.115 
-307.93 
-307.87 
-307.635 
-308.15 
-307.99 
-308.46 
-308.29 
-308.9 
-308.715 
-309.705 
-309.62 
-310.27 
-310.155 
-310.815 
-310.755 
-311.345 
-311.285 
-311.51 
-311.455 
-312.155 
-312.09 
-312.695 
-312.595 
-313.245 
-313.135 
-314.23 
-314.12 
-314.72 
-314.65 
-315.16 
-315.075 
-315.635 
-315.46 
-315.525 
-315.375 
-315.845 
-315.57 
-315.99 
-315.73 
-316.125 
-315.86 
-316.59 
-316.27 
-316.615 
-316.205 
-316.495 
-316.1 
-316.32 
-315.815 
-315.63 
-315.055 
-315.29 
-314.75 
-314.86 
-314.29 
-314.385 
-313.755 
-314.22 
-313.615 
-313.72 
-313.05 
-313.055 
-312.42 
-312.44 
-311.805 
-311.335 
-310.66 
-310.675 
-310.035 
-309.98 
-309.36 
-309.34 
-308.69 
-309.12 
-308.53 
-308.545 
-307.92 
-307.975 
-307.41 
-307.54 
-307.035 
-306.69 
-306.16 
-306.415 
-305.97 
-306.175 
-305.745 
-306.085 
-305.66 
-306.42 
-306.04 
-306.475 
-306.185 
-306.54 
-306.325 
-306.795 
-306.52 
-306.63 
-306.44 
-306.92 
-306.805 
-307.34 
-307.21 
-307.77 
-307.75 
-308.725 
-308.715 
-309.38 
-309.255 
-309.91 
-309.85 
-310.555 
-310.5 
-310.745 
-310.66 
-311.375 
-311.26 
-311.93 
-311.855 
-312.505 
-312.395 
-313.495 
-313.38 
-314.035 
-313.87 
-314.395 
-314.25 
-314.84 
-314.555 
-314.61 
-314.53 
-314.965 
-314.65 
-314.965 
-314.725 
-315.1 
-314.745 
-315.435 
-315.015 
-315.32 
-314.935 
-315.075 
-314.585 
-314.82 
-314.24 
-313.985 
-313.34 
-313.495 
-312.84 
-312.84 
-312.185 
-312.185 
-311.49 
-311.8 
-311.19 
-311.08 
-310.29 
-310.195 
-309.385 
-309.3 
-308.565 
-307.935 
-307.105 
-307.015 
-306.2 
-306.02 
-305.21 
-305.025 
-304.23 
-304.505 
-303.705 
-303.515 
-302.795 
-302.655 
-301.87 
-301.77 
-301.015 
-300.48 
-299.79 
-299.785 
-299.05 
-299.02 
-298.325 
-298.345 
-297.695 
-298.135 
-297.56 
-297.595 
-297.005 
-297.095 
-296.59 
-296.76 
-296.135 
-295.93 
-295.355 
-295.52 
-295.115 
-295.29 
-294.72 
-294.985 
-294.505 
-295.075 
-294.62 
-294.86 
-294.34 
-294.58 
-294.07 
-294.43 
-293.91 
-293.61 
-293.175 
-293.41 
-292.89 
-293.02 
-292.49 
-292.68 
-292.1 
-292.58 
-292.02 
-292.14 
-291.525 
-291.49 
-290.825 
-290.895 
-290.175 
-289.605 
-288.9 
-288.725 
-288.02 
-287.76 
-286.955 
-286.735 
-285.815 
-285.915 
-284.935 
-284.6 
-283.575 
-283.18 
-282.17 
-281.685 
-280.62 
-279.655 
-278.52 
-278.0 
-276.76 
-276.11 
-274.845 
-274.33 
-273.005 
-272.73 
-271.45 
-270.815 
-269.42 
-268.725 
-267.325 
-266.705 
-265.265 
-264.045 
-262.605 
-261.905 
-260.5 
-259.67 
-258.28 
-257.605 
-256.13 
-255.76 
-254.325 
-253.745 
-252.38 
-251.64 
-250.15 
-249.625 
-248.33 
-247.25 
-245.92 
-245.38 
-244.085 
-243.5 
-242.215 
-241.75 
-240.58 
-240.45 
-239.32 
-238.89 
-237.75 
-237.32 
-236.315 
-235.92 
-234.81 
-234.025 
-233.005 
-232.71 
-231.745 
-231.41 
-230.47 
-230.235 
-229.25 
-229.405 
-228.52 
-228.2 
-227.33 
-227.08 
-226.13 
-225.97 
-225.07 
-224.43 
-223.55 
-223.33 
-222.365 
-222.135 
-221.185 
-220.925 
-219.975 
-220.15 
-219.21 
-218.88 
-217.91 
-217.575 
-216.575 
-216.21 
-215.16 
-214.285 
-213.195 
-212.78 
-211.605 
-211.16 
-210.01 
-209.465 
-208.28 
-208.06 
-206.75 
-206.23 
-204.905 
-204.285 
-202.905 
-202.315 
-200.875 
-199.77 
-198.25 
-197.625 
-196.155 
-195.34 
-193.86 
-193.115 
-191.535 
-191.09 
-189.595 
-188.76 
-187.215 
-186.34 
-184.76 
-183.94 
-182.355 
-181.005 
-179.42 
-178.625 
-177.045 
-176.08 
-174.57 
-173.765 
-172.215 
-171.725 
-170.295 
-169.445 
-168.01 
-167.27 
-165.785 
-165.01 
-163.7 
-162.53 
-161.155 
-160.505 
-159.18 
-158.535 
-157.245 
-156.675 
-155.44 
-155.335 
-154.165 
-153.775 
-152.63 
-152.115 
-151.08 
-150.685 
-149.655 
-148.87 
-147.885 
-147.61 
-146.65 
-146.355 
-145.39 
-145.24 
-144.275 
-144.46 
-143.605 
-143.465 
-142.5 
-142.45 
-141.58 
-141.545 
-140.65 
-140.12 
-139.235 
-139.165 
-138.365 
-138.215 
-137.37 
-137.245 
-136.405 
-136.625 
-135.825 
-135.655 
-134.78 
-134.6 
-133.69 
-133.565 
-132.585 
-131.935 
-131.02 
-130.76 
-129.8 
-129.49 
-128.445 
-128.14 
-127.115 
-127.115 
-126.055 
-125.67 
-124.55 
-124.17 
-122.985 
-122.57 
-121.44 
-120.49 
-119.26 
-118.75 
-117.51 
-116.975 
-115.665 
-115.145 
-113.825 
-113.7 
-112.455 
-111.805 
-110.54 
-109.925 
-108.645 
-108.05 
-106.755 
-105.69 
-104.41 
-103.845 
-102.515 
-101.895 
-100.65 
-100.13 
-98.84 
-98.65 
-97.4 
-96.925 
-95.76 
-95.305 
-94.115 
-93.72 
-92.575 
-91.735 
-90.64 
-90.31 
-89.255 
-88.945 
-87.91 
-87.71 
-86.685 
-86.915 
-86.015 
-85.83 
-85.02 
-84.815 
-84.02 
-83.97 
-83.185 
-82.69 
-81.91 
-81.915 
-81.185 
-81.075 
-80.415 
-80.505 
-79.86 
-80.26 
-79.595 
-79.705 
-79.005 
-79.13 
-78.555 
-78.61 
-78.0 
-77.645 
-76.92 
-77.08 
-76.42 
-76.54 
-75.85 
-75.91 
-75.265 
-75.74 
-75.055 
-75.06 
-74.365 
-74.26 
-73.605 
-73.535 
-72.785 
-72.26 
-71.455 
-71.355 
-70.46 
-70.385 
-69.535 
-69.265 
-68.4 
-68.555 
-67.57 
-67.34 
-66.35 
-66.0 
-65.025 
-64.745 
-63.605 
-62.795 
-61.67 
-61.31 
-60.165 
-59.725 
-58.625 
-58.17 
-56.92 
-56.85 
-55.685 
-55.21 
-53.99 
-53.505 
-52.275 
-51.78 
-50.59 
-49.59 
-48.335 
-47.945 
-46.755 
-46.195 
-45.095 
-44.59 
-43.445 
-43.41 
-42.285 
-41.81 
-40.805 
-40.47 
-39.36 
-39.04 
-38.07 
-37.245 
-36.36 
-36.105 
-35.195 
-34.93 
-34.11 
-33.96 
-33.085 
-33.38 
-32.62 
-32.58 
-31.87 
-31.795 
-31.075 
-31.135 
-30.5 
-30.1 
-29.58 
-29.63 
-28.98 
-29.125 
-28.58 
-28.74 
-28.26 
-28.76 
-28.26 
-28.49 
-27.98 
-28.225 
-27.785 
-27.945 
-27.54 
-27.345 
-26.785 
-27.115 
-26.535 
-26.745 
-26.265 
-26.48 
-25.95 
-26.52 
-26.035 
-26.205 
-25.665 
-25.81 
-25.265 
-25.385 
-24.765 
-24.32 
-23.72 
-23.755 
-23.09 
-23.03 
-22.395 
-22.215 
-21.535 
-21.84 
-21.075 
-20.94 
-20.15 
-19.96 
-19.105 
-18.92 
-17.945 
-17.275 
-16.39 
-16.06 
-15.155 
-14.755 
-13.795 
-13.47 
-12.42 
-12.475 
-11.555 
-11.195 
-10.085 
-9.755 
-8.695 
-8.315 
-7.255 
-6.465 
-5.39 
-5.09 
-4.04 
-3.59 
-2.59 
-2.27 
-1.29 
-1.43 
-0.435 
-0.165 
0.685 
0.995 
1.92 
2.085 
3.0 
3.595 
4.355 
4.49 
5.3 
5.455 
6.15 
6.09 
6.855 
6.45 
7.035 
7.015 
7.585 
7.605 
8.015 
7.955 
8.53 
8.775 
9.23 
9.035 
9.51 
9.305 
9.73 
9.465 
9.89 
9.075 
9.47 
9.205 
9.58 
9.26 
9.58 
9.295 
9.685 
9.83 
10.175 
9.84 
10.195 
9.955 
10.305 
10.025 
10.44 
9.785 
10.135 
9.855 
10.375 
10.185 
10.71 
10.45 
10.98 
11.225 
11.8 
11.675 
12.33 
12.225 
12.76 
12.73 
13.445 
13.135 
13.82 
13.805 
14.555 
14.675 
15.44 
15.53 
16.355 
16.965 
17.89 
17.98 
18.865 
19.12 
20.025 
20.29 
21.18 
21.06 
22.01 
22.255 
23.235 
23.53 
24.495 
24.76 
25.72 
26.4 
27.475 
27.705 
28.685 
28.99 
29.85 
30.18 
31.065 
30.85 
31.71 
31.93 
32.77 
32.975 
33.785 
33.885 
34.745 
35.205 
35.865 
35.92 
36.61 
36.685 
37.295 
37.32 
37.905 
37.37 
37.905 
37.825 
38.32 
38.13 
38.6 
38.375 
38.85 
39.015 
39.435 
39.11 
39.52 
39.185 
39.585 
39.215 
39.555 
38.755 
39.065 
38.675 
39.005 
38.62 
38.895 
38.47 
38.8 
38.865 
39.175 
38.74 
39.04 
38.735 
39.045 
38.655 
39.085 
38.215 
38.63 
38.31 
38.7 
38.47 
38.915 
38.565 
39.07 
39.335 
39.775 
39.605 
40.18 
40.07 
40.6 
40.55 
41.185 
40.65 
41.355 
41.285 
41.95 
42.09 
42.695 
42.85 
43.565 
44.09 
44.935 
45.055 
45.915 
46.065 
46.955 
47.095 
48.06 
47.74 
48.65 
48.85 
49.72 
50.02 
50.88 
51.145 
52.02 
52.675 
53.595 
53.805 
54.66 
54.94 
55.77 
55.91 
56.82 
56.5 
57.29 
57.4 
58.245 
58.245 
59.06 
59.03 
59.8 
60.19 
60.89 
60.785 
61.465 
61.36 
61.93 
61.82 
62.31 
61.7 
62.195 
61.91 
62.36 
62.185 
62.485 
62.16 
62.55 
62.64 
62.97 
62.64 
62.96 
62.58 
62.82 
62.41 
62.61 
61.705 
61.84 
61.46 
61.67 
61.175 
61.395 
60.895 
61.08 
61.035 
61.23 
60.785 
60.935 
60.59 
60.805 
60.305 
60.6 
59.705 
59.985 
59.61 
59.895 
59.55 
59.865 
59.47 
59.825 
59.995 
60.375 
60.12 
60.56 
60.46 
60.84 
60.665 
61.2 
60.62 
61.185 
61.015 
61.615 
61.645 
62.21 
62.215 
62.84 
63.315 
64.01 
64.105 
64.86 
64.945 
65.75 
65.87 
66.665 
66.385 
67.185 
67.325 
68.12 
68.325 
69.125 
69.315 
70.075 
70.675 
71.505 
71.74 
72.525 
72.69 
73.42 
73.55 
74.42 
74.015 
74.71 
74.805 
75.515 
75.57 
76.245 
76.185 
76.82 
77.27 
77.785 
77.7 
78.275 
78.18 
78.65 
78.51 
78.96 
78.305 
78.765 
78.49 
78.875 
78.6 
78.83 
78.53 
78.79 
78.885 
79.16 
78.78 
79.01 
78.6 
78.835 
78.315 
78.595 
77.66 
77.79 
77.275 
77.46 
76.895 
77.145 
76.605 
76.76 
76.73 
76.96 
76.395 
76.6 
76.145 
76.36 
75.905 
76.155 
75.245 
75.48 
75.095 
75.355 
75.08 
75.41 
75.005 
75.36 
75.47 
75.915 
75.65 
76.085 
75.905 
76.36 
76.2 
76.675 
76.135 
76.705 
76.665 
77.215 
77.2 
77.805 
77.83 
78.59 
79.0 
79.72 
79.7 
80.465 
80.67 
81.385 
81.465 
82.36 
82.02 
82.77 
82.885 
83.76 
83.93 
84.765 
84.925 
85.725 
86.325 
87.09 
87.235 
88.075 
88.265 
88.97 
89.02 
89.835 
89.4 
90.095 
90.14 
90.835 
90.82 
91.465 
91.435 
92.045 
92.395 
92.915 
92.8 
93.365 
93.185 
93.61 
93.435 
93.81 
93.095 
93.48 
93.08 
93.455 
93.15 
93.345 
93.05 
93.245 
93.265 
93.43 
93.045 
93.175 
92.745 
92.83 
92.33 
92.485 
91.47 
91.54 
91.035 
91.1 
90.545 
90.615 
90.105 
90.165 
89.985 
90.09 
89.485 
89.645 
89.11 
89.205 
88.64 
88.825 
87.86 
88.01 
87.535 
87.745 
87.355 
87.53 
87.06 
87.345 
87.48 
87.72 
87.3 
87.795 
87.47 
87.87 
87.595 
87.965 
87.355 
87.855 
87.65 
88.2 
88.12 
88.655 
88.59 
89.195 
89.535 
90.205 
90.235 
90.845 
90.935 
91.625 
91.67 
92.365 
92.005 
92.745 
92.895 
93.6 
93.72 
94.51 
94.605 
95.35 
95.915 
96.565 
96.71 
97.415 
97.655 
98.29 
98.305 
98.99 
98.63 
99.26 
99.255 
99.875 
99.905 
100.465 
100.31 
100.865 
101.19 
101.665 
101.495 
102.005 
101.77 
102.255 
101.925 
102.355 
101.6 
101.925 
101.555 
101.88 
101.49 
101.68 
101.25 
101.495 
101.45 
101.585 
101.065 
101.22 
100.725 
100.825 
100.24 
100.37 
99.355 
99.355 
98.81 
98.86 
98.245 
98.325 
97.74 
97.79 
97.58 
97.665 
97.1 
97.145 
96.64 
96.66 
96.175 
96.32 
95.265 
95.39 
95.005 
95.165 
94.68 
94.82 
94.425 
94.645 
94.71 
94.955 
94.64 
95.005 
94.665 
95.065 
94.8 
95.19 
94.525 
94.99 
94.835 
95.315 
95.17 
95.675 
95.615 
96.18 
96.55 
97.14 
97.15 
97.815 
97.865 
98.53 
98.5 
99.27 
98.905 
99.58 
99.56 
100.4 
100.42 
101.22 
101.24 
101.985 
102.485 
103.325 
103.265 
104.06 
104.03 
104.775 
104.715 
105.44 
105.045 
105.73 
105.67 
106.215 
106.25 
106.8 
106.58 
107.22 
107.43 
107.965 
107.735 
108.22 
107.92 
108.39 
108.06 
108.42 
107.665 
107.95 
107.54 
107.85 
107.415 
107.67 
107.23 
107.365 
107.36 
107.465 
107.025 
107.11 
106.54 
106.675 
106.075 
106.18 
105.175 
105.21 
104.725 
104.745 
104.12 
104.14 
103.56 
103.645 
103.425 
103.555 
102.865 
103.02 
102.415 
102.555 
101.92 
102.13 
101.205 
101.4 
100.86 
101.01 
100.635 
100.86 
100.32 
100.595 
100.69 
100.975 
100.565 
101.025 
100.675 
101.105 
100.8 
101.27 
100.685 
101.15 
100.95 
101.49 
101.405 
101.98 
101.85 
102.48 
102.87 
103.58 
103.555 
104.22 
104.255 
104.935 
104.94 
105.74 
105.29 
106.005 
106.1 
106.885 
106.995 
107.715 
107.74 
108.475 
108.97 
109.735 
109.695 
110.475 
110.585 
111.215 
111.175 
111.925 
111.505 
112.11 
112.07 
112.67 
112.52 
113.15 
112.925 
113.475 
113.8 
114.19 
113.945 
114.415 
114.08 
114.51 
114.14 
114.48 
113.76 
114.05 
113.565 
113.84 
113.375 
113.58 
113.055 
113.235 
113.115 
113.37 
112.72 
112.805 
112.205 
112.345 
111.615 
111.78 
110.875 
110.86 
110.21 
110.22 
109.64 
109.655 
109.01 
109.085 
108.89 
108.895 
108.32 
108.44 
107.87 
107.885 
107.325 
107.4 
106.44 
106.53 
106.08 
106.225 
105.71 
105.92 
105.52 
105.695 
105.845 
106.09 
105.695 
106.015 
105.71 
106.11 
105.74 
106.22 
105.655 
106.055 
105.87 
106.425 
106.31 
106.79 
106.66 
107.235 
107.63 
108.245 
108.18 
108.845 
108.915 
109.57 
109.445 
110.245 
109.92 
110.61 
110.57 
111.31 
111.355 
112.065 
112.09 
112.82 
113.375 
114.07 
114.035 
114.685 
114.755 
115.4 
115.305 
115.95 
115.575 
116.115 
116.095 
116.645 
116.5 
117.035 
116.855 
117.345 
117.575 
117.985 
117.725 
118.155 
117.8 
118.165 
117.73 
118.135 
117.245 
117.52 
117.02 
117.245 
116.775 
116.935 
116.34 
116.53 
116.36 
116.525 
115.805 
115.97 
115.315 
115.41 
114.66 
114.685 
113.73 
113.715 
113.005 
113.08 
112.345 
112.37 
111.63 
111.64 
111.485 
111.58 
110.74 
110.875 
110.225 
110.265 
109.64 
109.795 
108.795 
108.94 
108.29 
108.475 
107.97 
108.17 
107.565 
107.79 
107.855 
108.165 
107.715 
108.075 
107.755 
108.07 
107.7 
108.19 
107.58 
108.09 
107.74 
108.33 
108.085 
108.62 
108.42 
109.035 
109.35 
109.975 
109.855 
110.495 
110.475 
111.195 
111.045 
111.78 
111.395 
112.13 
111.995 
112.825 
112.775 
113.495 
113.435 
114.145 
114.61 
115.325 
115.21 
115.89 
115.905 
116.57 
116.505 
117.135 
116.69 
117.215 
117.045 
117.56 
117.465 
117.955 
117.695 
118.175 
118.34 
118.835 
118.485 
118.81 
118.485 
118.82 
118.405 
118.73 
117.85 
118.12 
117.555 
117.78 
117.305 
117.41 
116.83 
116.955 
116.805 
116.855 
116.3 
116.32 
115.71 
115.71 
115.04 
115.125 
114.025 
114.0 
113.22 
113.3 
112.545 
112.64 
111.89 
111.88 
111.655 
111.78 
111.025 
111.13 
110.49 
110.53 
109.89 
110.015 
108.93 
109.18 
108.545 
108.76 
108.24 
108.455 
107.9 
108.165 
108.21 
108.415 
108.075 
108.455 
108.12 
108.46 
108.275 
108.65 
108.05 
108.475 
108.23 
108.805 
108.72 
109.195 
109.085 
109.71 
110.005 
110.685 
110.635 
111.335 
111.285 
111.99 
111.99 
112.755 
112.325 
112.99 
112.975 
113.79 
113.845 
114.535 
114.575 
115.305 
115.785 
116.5 
116.45 
117.21 
117.235 
117.88 
117.815 
118.54 
118.045 
118.715 
118.56 
119.08 
118.97 
119.51 
119.2 
119.7 
119.96 
120.43 
120.005 
120.445 
120.105 
120.52 
120.15 
120.355 
119.545 
119.885 
119.325 
119.49 
119.02 
119.155 
118.62 
118.78 
118.62 
118.685 
118.17 
118.205 
117.595 
117.59 
116.97 
116.975 
115.89 
115.87 
115.28 
115.22 
114.53 
114.615 
113.875 
113.925 
113.64 
113.71 
113.005 
113.085 
112.475 
112.47 
111.905 
112.045 
110.99 
111.05 
110.565 
110.705 
110.19 
110.465 
109.915 
110.09 
110.155 
110.425 
110.08 
110.375 
110.055 
110.38 
110.18 
110.515 
109.875 
110.345 
110.025 
110.635 
110.42 
110.955 
110.785 
111.44 
111.655 
112.38 
112.355 
112.87 
112.955 
113.575 
113.585 
114.245 
113.87 
114.57 
114.555 
115.24 
115.265 
115.95 
115.965 
116.63 
117.175 
117.79 
117.76 
118.455 
118.46 
119.05 
119.08 
119.705 
119.095 
119.685 
119.63 
120.075 
119.97 
120.49 
120.255 
120.725 
120.955 
121.345 
121.01 
121.405 
121.13 
121.45 
121.05 
121.36 
120.475 
120.685 
120.185 
120.55 
119.97 
120.105 
119.615 
119.7 
119.61 
119.73 
119.145 
119.13 
118.635 
118.625 
118.04 
118.06 
117.13 
117.15 
116.54 
116.54 
115.87 
115.94 
115.245 
115.325 
115.19 
115.205 
114.51 
114.645 
113.975 
114.13 
113.475 
113.69 
112.83 
112.935 
112.325 
112.555 
112.055 
112.4 
111.85 
112.135 
112.25 
112.63 
112.17 
112.59 
112.25 
112.635 
112.355 
112.83 
112.285 
112.76 
112.505 
113.135 
112.925 
113.52 
113.4 
114.01 
114.27 
115.045 
114.885 
115.605 
115.6 
116.32 
116.285 
116.985 
116.59 
117.32 
117.3 
118.04 
118.045 
118.715 
118.695 
119.385 
119.79 
120.585 
120.46 
121.145 
121.2 
121.735 
121.7 
122.27 
121.795 
122.405 
122.145 
122.675 
122.475 
122.975 
122.63 
123.12 
123.32 
123.81 
123.325 
123.71 
123.265 
123.6 
123.115 
123.405 
122.595 
122.85 
122.27 
122.385 
121.91 
121.965 
121.41 
121.535 
121.345 
121.4 
120.72 
120.85 
120.235 
120.235 
119.55 
119.55 
118.495 
118.565 
117.79 
117.765 
117.13 
117.13 
116.405 
116.455 
116.185 
116.305 
115.585 
115.635 
115.05 
115.09 
114.525 
114.61 
113.6 
113.77 
113.185 
113.325 
112.85 
113.1 
112.595 
112.86 
112.89 
113.095 
112.76 
113.14 
112.82 
113.17 
112.89 
113.335 
112.795 
113.26 
113.015 
113.475 
113.295 
113.825 
113.685 
114.25 
114.64 
115.225 
115.065 
115.735 
115.715 
116.345 
116.26 
117.01 
116.545 
117.285 
117.13 
117.87 
117.84 
118.565 
118.505 
119.1 
119.5 
120.185 
120.11 
120.735 
120.725 
121.265 
121.15 
121.775 
121.21 
121.72 
121.5 
121.965 
121.805 
122.285 
121.925 
122.39 
122.535 
122.875 
122.56 
122.84 
122.505 
122.69 
122.265 
122.565 
121.665 
121.865 
121.255 
121.47 
120.91 
121.02 
120.43 
120.595 
120.405 
120.47 
119.82 
119.855 
119.2 
119.24 
118.59 
118.595 
117.525 
117.55 
116.78 
116.86 
116.185 
116.215 
115.465 
115.55 
115.315 
115.4 
114.72 
114.81 
114.195 
114.25 
113.7 
113.865 
112.845 
113.07 
112.505 
112.615 
112.245 
112.45 
112.01 
112.275 
112.34 
112.715 
112.32 
112.665 
112.445 
112.825 
112.59 
112.96 
112.435 
112.86 
112.68 
113.225 
113.03 
113.67 
113.55 
114.175 
114.53 
115.115 
115.12 
115.735 
115.755 
116.4 
116.475 
117.135 
116.725 
117.35 
117.33 
118.035 
118.11 
118.765 
118.785 
119.47 
119.885 
120.535 
120.55 
121.12 
121.175 
121.73 
121.615 
122.22 
121.73 
122.405 
122.155 
122.66 
122.46 
122.975 
122.57 
123.08 
123.22 
123.71 
123.24 
123.58 
123.215 
123.575 
123.125 
123.385 
122.53 
122.795 
122.18 
122.415 
121.85 
122.085 
121.435 
121.54 
121.425 
121.56 
120.87 
121.005 
120.395 
120.405 
119.855 
119.745 
118.79 
118.84 
118.165 
118.2 
117.53 
117.56 
116.915 
117.0 
116.85 
116.885 
116.19 
116.32 
115.795 
115.83 
115.22 
115.46 
114.465 
114.605 
114.14 
114.38 
113.83 
114.145 
113.67 
113.97 
114.04 
114.335 
113.965 
114.36 
114.065 
114.5 
114.19 
114.66 
114.035 
114.605 
114.27 
114.82 
114.68 
115.285 
115.065 
115.73 
116.03 
116.695 
116.575 
117.235 
117.195 
117.925 
117.78 
118.45 
117.99 
118.75 
118.655 
119.3 
119.265 
119.935 
119.995 
120.61 
120.975 
121.62 
121.545 
122.15 
122.07 
122.715 
122.53 
123.1 
122.535 
123.005 
122.82 
123.27 
123.08 
123.525 
123.18 
123.65 
123.715 
124.065 
123.675 
124.045 
123.66 
123.875 
123.45 
123.685 
122.79 
122.94 
122.37 
122.525 
121.98 
122.1 
121.46 
121.615 
121.475 
121.47 
120.875 
120.905 
120.275 
120.22 
119.545 
119.595 
118.565 
118.63 
117.815 
117.825 
117.135 
117.165 
116.515 
116.495 
116.3 
116.42 
115.645 
115.75 
115.17 
115.235 
114.63 
114.825 
113.8 
113.945 
113.355 
113.575 
113.12 
113.355 
112.845 
113.165 
113.175 
113.46 
113.09 
113.46 
113.19 
113.515 
113.3 
113.675 
113.085 
113.525 
113.34 
113.915 
113.74 
114.275 
114.115 
114.69 
115.025 
115.725 
115.565 
116.21 
116.24 
116.825 
116.78 
117.52 
117.035 
117.61 
117.615 
118.33 
118.24 
118.955 
118.95 
119.51 
119.96 
120.66 
120.56 
121.15 
121.165 
121.645 
121.6 
122.145 
121.49 
122.035 
121.745 
122.295 
122.055 
122.53 
122.3 
122.72 
122.825 
123.145 
122.79 
123.18 
122.77 
123.015 
122.61 
122.82 
121.98 
122.19 
121.625 
121.775 
121.3 
121.395 
120.835 
120.94 
120.79 
120.85 
120.28 
120.37 
119.735 
119.795 
119.19 
119.18 
118.07 
118.11 
117.48 
117.51 
116.91 
116.86 
116.305 
116.315 
116.17 
116.21 
115.58 
115.645 
115.135 
115.195 
114.665 
114.85 
113.88 
114.005 
113.625 
113.78 
113.345 
113.63 
113.165 
113.49 
113.545 
113.85 
113.51 
113.96 
113.61 
114.035 
113.78 
114.27 
113.675 
114.21 
114.02 
114.575 
114.39 
114.95 
114.77 
115.395 
115.755 
116.4 
116.245 
116.905 
116.79 
117.535 
117.375 
118.115 
117.75 
118.35 
118.29 
118.975 
118.905 
119.555 
119.545 
120.15 
120.54 
121.175 
120.98 
121.605 
121.495 
122.085 
121.925 
122.48 
121.965 
122.49 
122.22 
122.655 
122.405 
122.905 
122.53 
122.915 
123.01 
123.365 
122.91 
123.245 
122.855 
123.085 
122.63 
122.8 
121.93 
122.13 
121.545 
121.675 
121.13 
121.275 
120.63 
120.745 
120.55 
120.66 
119.97 
120.045 
119.41 
119.465 
118.77 
118.81 
117.825 
117.795 
117.125 
117.175 
116.41 
116.495 
115.79 
115.855 
115.715 
115.79 
115.145 
115.18 
114.66 
114.755 
114.185 
114.33 
113.435 
113.615 
113.075 
113.33 
112.875 
113.125 
112.67 
113.01 
113.105 
113.51 
113.13 
113.55 
113.24 
113.665 
113.465 
113.905 
113.355 
113.86 
113.64 
114.28 
114.185 
114.745 
114.59 
115.23 
115.595 
116.24 
116.21 
116.85 
116.865 
117.5 
117.485 
118.165 
117.795 
118.465 
118.425 
119.1 
119.125 
119.85 
119.785 
120.44 
120.895 
121.48 
121.47 
122.11 
122.015 
122.55 
122.435 
123.05 
122.605 
123.04 
122.825 
123.355 
123.14 
123.565 
123.185 
123.64 
123.755 
124.095 
123.625 
124.0 
123.55 
123.825 
123.365 
123.64 
122.705 
122.945 
122.275 
122.53 
121.965 
122.02 
121.405 
121.51 
121.315 
121.38 
120.78 
120.76 
120.13 
120.195 
119.485 
119.59 
118.48 
118.52 
117.815 
117.85 
117.21 
117.175 
116.61 
116.61 
116.36 
116.435 
115.775 
115.855 
115.315 
115.375 
114.815 
115.005 
114.01 
114.155 
113.7 
113.855 
113.465 
113.72 
113.255 
113.54 
113.675 
113.93 
113.615 
113.985 
113.75 
114.1 
113.895 
114.37 
113.65 
114.26 
113.965 
114.565 
114.425 
114.98 
114.79 
115.465 
115.795 
116.46 
116.36 
117.02 
116.93 
117.65 
117.575 
118.3 
117.86 
118.535 
118.49 
119.175 
119.115 
119.745 
119.785 
120.385 
120.77 
121.435 
121.315 
121.915 
121.84 
122.44 
122.25 
122.815 
122.17 
122.72 
122.52 
122.94 
122.71 
123.2 
122.82 
123.215 
123.29 
123.66 
123.27 
123.54 
123.115 
123.35 
122.905 
123.12 
122.14 
122.32 
121.765 
121.86 
121.365 
121.435 
120.76 
120.875 
120.69 
120.745 
120.115 
120.07 
119.52 
119.46 
118.81 
118.835 
117.795 
117.835 
117.005 
117.075 
116.32 
116.395 
115.745 
115.74 
115.545 
115.65 
114.925 
115.035 
114.44 
114.54 
113.98 
114.095 
113.12 
113.34 
112.81 
112.995 
112.565 
112.815 
112.36 
112.625 
112.68 
113.095 
112.68 
113.1 
112.835 
113.275 
113.025 
113.47 
112.905 
113.38 
113.14 
113.745 
113.655 
114.165 
114.11 
114.67 
115.045 
115.695 
115.65 
116.335 
116.27 
116.955 
116.93 
117.595 
117.21 
117.825 
117.815 
118.51 
118.51 
119.145 
119.135 
119.79 
120.165 
120.795 
120.7 
121.355 
121.295 
121.79 
121.725 
122.28 
121.615 
122.155 
121.93 
122.345 
122.11 
122.585 
122.22 
122.605 
122.685 
123.03 
122.655 
122.895 
122.53 
122.735 
122.32 
122.535 
121.57 
121.73 
121.17 
121.34 
120.81 
120.905 
120.26 
120.345 
120.15 
120.2 
119.55 
119.535 
118.96 
119.01 
118.36 
118.345 
117.26 
117.25 
116.55 
116.6 
115.94 
115.995 
115.355 
115.32 
115.195 
115.205 
114.605 
114.72 
114.135 
114.285 
113.705 
113.84 
112.885 
113.07 
112.58 
112.805 
112.4 
112.65 
112.24 
112.565 
112.635 
112.98 
112.665 
113.125 
112.83 
113.235 
113.02 
113.525 
112.93 
113.5 
113.28 
113.845 
113.82 
114.345 
114.22 
114.855 
115.22 
115.87 
115.805 
116.535 
116.485 
117.2 
117.11 
117.905 
117.48 
118.155 
118.095 
118.82 
118.755 
119.465 
119.355 
120.06 
120.5 
121.09 
120.975 
121.55 
121.545 
122.085 
121.99 
122.505 
121.875 
122.395 
122.15 
122.61 
122.39 
122.785 
122.4 
122.81 
122.91 
123.23 
122.775 
123.07 
122.675 
122.835 
122.41 
122.585 
121.625 
121.775 
121.22 
121.24 
120.725 
120.795 
120.145 
120.23 
119.99 
119.99 
119.34 
119.42 
118.695 
118.78 
118.03 
118.02 
116.885 
116.815 
116.115 
116.1 
115.455 
115.44 
114.79 
114.75 
114.575 
114.6 
114.025 
113.99 
113.515 
113.57 
112.99 
113.19 
112.21 
112.355 
111.94 
112.055 
111.64 
111.915 
111.505 
111.765 
111.945 
112.255 
111.925 
112.34 
112.17 
112.515 
112.395 
112.805 
112.225 
112.735 
112.58 
113.07 
113.055 
113.625 
113.555 
114.185 
114.555 
115.17 
115.24 
115.865 
115.925 
116.57 
116.57 
117.245 
116.88 
117.54 
117.435 
118.21 
118.21 
118.845 
118.84 
119.47 
119.91 
120.54 
120.485 
121.035 
121.015 
121.535 
121.365 
121.99 
121.465 
121.95 
121.65 
122.12 
121.83 
122.26 
121.825 
122.235 
122.315 
122.655 
122.12 
122.44 
121.925 
122.255 
121.725 
121.905 
121.035 
