Run 0 on 20200811 on sample T20-5d, LT thermometer,  dT/T0 = 0.02
Time per point = 3.125e-05 seconds
751.79 
751.765 
752.51 
752.515 
753.07 
753.01 
753.645 
753.04 
753.555 
753.255 
753.56 
753.275 
753.59 
753.185 
753.35 
753.26 
753.425 
752.765 
752.87 
752.26 
752.245 
751.485 
751.39 
750.19 
750.03 
749.185 
749.03 
748.1 
747.925 
746.945 
746.775 
746.24 
745.98 
744.97 
744.75 
743.795 
743.5 
742.575 
742.25 
741.135 
740.905 
739.955 
739.75 
738.935 
738.78 
737.915 
737.845 
737.59 
737.61 
736.825 
736.9 
736.27 
736.43 
735.895 
736.14 
735.355 
735.62 
735.17 
735.545 
735.265 
735.805 
735.515 
736.04 
736.42 
737.065 
736.955 
737.62 
737.725 
738.445 
738.595 
739.35 
739.17 
740.05 
740.235 
741.105 
741.355 
742.35 
742.59 
743.525 
744.3 
745.23 
745.575 
746.535 
746.91 
747.865 
748.12 
749.115 
748.985 
749.945 
750.16 
751.055 
751.3 
752.055 
752.2 
752.94 
753.505 
754.265 
754.235 
754.895 
754.91 
755.365 
755.255 
755.75 
755.1 
755.525 
755.165 
755.46 
755.01 
755.305 
754.755 
754.895 
754.77 
754.815 
754.085 
754.125 
753.43 
753.245 
752.37 
752.28 
750.92 
750.76 
749.835 
749.49 
748.57 
748.22 
747.17 
746.835 
746.235 
745.855 
744.83 
744.42 
743.385 
742.945 
741.985 
741.61 
740.205 
739.805 
738.81 
738.5 
737.605 
737.33 
736.405 
736.21 
735.8 
735.695 
734.91 
734.94 
734.245 
734.2 
733.585 
733.695 
732.69 
732.89 
732.39 
732.63 
732.265 
732.67 
732.37 
732.825 
733.035 
733.5 
733.34 
733.96 
733.955 
734.485 
734.565 
735.25 
735.0 
735.78 
735.82 
736.63 
736.805 
737.64 
737.81 
738.725 
739.315 
740.225 
740.425 
741.37 
741.59 
742.475 
742.655 
743.575 
743.38 
744.27 
744.35 
745.215 
745.31 
746.13 
746.215 
746.915 
747.34 
748.095 
747.96 
748.51 
748.515 
748.97 
748.755 
749.275 
748.595 
748.93 
748.5 
748.83 
748.35 
748.61 
748.065 
748.155 
747.985 
748.025 
747.28 
747.33 
746.575 
746.365 
745.57 
745.38 
744.14 
743.86 
742.925 
742.615 
741.655 
741.33 
740.335 
739.96 
739.4 
739.005 
737.935 
737.595 
736.575 
736.145 
735.195 
734.885 
733.44 
733.125 
732.05 
731.855 
730.91 
730.66 
729.78 
729.625 
729.23 
729.18 
728.32 
728.335 
727.705 
727.655 
727.075 
727.225 
726.295 
726.49 
726.035 
726.28 
725.95 
726.315 
726.055 
726.485 
726.75 
727.295 
727.2 
727.765 
727.785 
728.41 
728.48 
729.18 
728.89 
729.74 
729.775 
730.61 
730.845 
731.645 
731.855 
732.81 
733.47 
734.34 
734.585 
735.51 
735.76 
736.735 
736.945 
737.795 
737.65 
738.455 
738.73 
739.485 
739.635 
740.44 
740.54 
741.29 
741.74 
742.415 
742.38 
742.965 
742.905 
743.445 
743.235 
743.715 
743.03 
743.395 
743.02 
743.31 
742.81 
743.08 
742.53 
742.61 
742.465 
742.47 
741.725 
741.76 
741.005 
740.875 
740.025 
739.845 
738.495 
738.275 
737.31 
737.055 
736.055 
735.725 
734.66 
734.335 
733.78 
733.445 
732.335 
731.98 
730.95 
730.595 
729.64 
729.265 
727.89 
727.52 
726.525 
726.26 
725.38 
725.125 
724.265 
724.09 
723.68 
723.645 
722.88 
722.895 
722.27 
722.225 
721.69 
721.8 
720.955 
721.12 
720.68 
721.04 
720.705 
721.13 
720.825 
721.31 
721.565 
722.13 
722.07 
722.745 
722.72 
723.41 
723.525 
724.25 
723.945 
724.75 
724.93 
725.785 
725.99 
726.915 
727.175 
728.145 
728.765 
729.645 
729.945 
730.96 
731.27 
732.21 
732.485 
733.41 
733.2 
734.075 
734.315 
735.175 
735.295 
736.19 
736.27 
736.995 
737.555 
738.22 
738.25 
738.82 
738.84 
739.325 
739.155 
739.695 
738.925 
739.25 
738.89 
739.165 
738.81 
738.98 
738.435 
738.51 
738.335 
738.265 
737.645 
737.595 
736.815 
736.655 
735.825 
735.645 
734.25 
733.89 
732.975 
732.69 
731.68 
731.275 
730.235 
729.82 
729.205 
728.76 
727.625 
727.22 
726.095 
725.68 
724.52 
724.165 
722.72 
722.3 
721.215 
720.9 
719.87 
719.505 
718.45 
718.26 
717.73 
717.495 
716.555 
716.43 
715.62 
715.465 
714.695 
714.655 
713.71 
713.725 
712.97 
713.155 
712.555 
712.81 
712.24 
712.485 
712.495 
712.835 
712.4 
712.795 
712.475 
712.85 
712.57 
713.01 
712.44 
712.9 
712.68 
713.185 
713.0 
713.485 
713.335 
713.855 
714.06 
714.56 
714.325 
714.795 
714.595 
714.975 
714.685 
715.15 
714.44 
714.635 
714.245 
714.475 
714.065 
714.195 
713.64 
713.73 
713.505 
713.515 
712.75 
712.6 
711.825 
711.54 
710.605 
710.24 
708.835 
708.33 
707.09 
706.5 
705.15 
704.505 
702.92 
702.14 
701.08 
700.12 
698.375 
697.395 
695.67 
694.465 
692.63 
691.38 
688.98 
687.8 
685.6 
684.24 
682.17 
680.75 
678.49 
677.02 
675.275 
673.74 
671.475 
669.955 
667.66 
666.08 
663.87 
662.23 
659.67 
658.04 
655.84 
654.235 
652.07 
650.52 
648.39 
646.9 
645.285 
643.835 
641.765 
640.36 
638.39 
637.13 
635.165 
633.94 
631.655 
630.475 
628.735 
627.6 
625.91 
624.945 
623.245 
622.405 
621.255 
620.36 
618.865 
618.045 
616.69 
615.94 
614.575 
613.905 
612.19 
611.645 
610.23 
609.66 
608.395 
607.795 
606.55 
606.025 
605.25 
604.73 
603.545 
602.975 
601.7 
601.155 
599.925 
599.36 
597.7 
597.075 
595.765 
595.12 
593.675 
593.015 
591.595 
590.815 
589.755 
588.98 
587.35 
586.47 
584.84 
583.76 
582.065 
581.07 
578.865 
577.66 
575.77 
574.46 
572.54 
571.225 
569.08 
567.665 
565.98 
564.48 
562.26 
560.715 
558.4 
556.8 
554.37 
552.68 
549.885 
548.185 
545.64 
543.855 
541.38 
539.51 
536.98 
535.12 
533.09 
531.245 
528.695 
526.885 
524.37 
522.53 
519.98 
518.26 
515.385 
513.595 
511.13 
509.48 
507.085 
505.415 
503.115 
501.55 
499.725 
498.245 
495.96 
494.595 
492.555 
491.23 
489.2 
487.98 
485.67 
484.465 
482.62 
481.535 
479.86 
478.88 
477.195 
476.41 
475.27 
474.475 
472.99 
472.28 
470.895 
470.24 
468.95 
468.35 
466.77 
466.24 
465.035 
464.515 
463.405 
463.005 
461.78 
461.385 
460.74 
460.355 
459.225 
458.855 
457.79 
457.435 
456.29 
455.91 
454.405 
453.925 
452.765 
452.3 
451.1 
450.62 
449.39 
448.74 
447.955 
447.32 
445.93 
445.27 
443.87 
443.04 
441.63 
440.725 
438.9 
437.965 
436.275 
435.245 
433.5 
432.455 
430.665 
429.485 
428.07 
426.83 
424.76 
423.595 
421.59 
420.31 
418.225 
416.755 
414.265 
412.865 
410.7 
409.275 
407.125 
405.605 
403.45 
401.955 
400.235 
398.765 
396.565 
395.11 
393.01 
391.575 
389.36 
388.03 
385.545 
384.19 
382.14 
380.815 
378.87 
377.605 
375.76 
374.57 
373.24 
372.11 
370.365 
369.38 
367.76 
366.81 
365.3 
364.45 
362.525 
361.835 
360.455 
359.75 
358.575 
357.96 
356.72 
356.24 
355.575 
355.155 
354.09 
353.77 
352.95 
352.58 
351.73 
351.53 
350.305 
350.09 
349.32 
349.185 
348.495 
348.36 
347.64 
347.56 
347.25 
347.205 
346.44 
346.395 
345.665 
345.585 
344.805 
344.705 
343.5 
343.315 
342.49 
342.325 
341.47 
341.295 
340.18 
340.02 
339.395 
339.005 
337.86 
337.495 
336.345 
335.78 
334.515 
333.95 
332.175 
331.47 
330.065 
329.24 
327.805 
326.95 
325.36 
324.415 
323.275 
322.26 
320.46 
319.52 
317.73 
316.635 
314.765 
313.555 
311.39 
310.165 
308.215 
307.025 
305.18 
303.88 
301.91 
300.655 
299.235 
297.975 
296.06 
294.87 
292.985 
291.83 
289.97 
288.86 
286.71 
285.555 
283.81 
282.79 
281.13 
280.135 
278.565 
277.68 
276.645 
275.84 
274.38 
273.665 
272.32 
271.705 
270.455 
269.95 
268.385 
267.96 
266.88 
266.565 
265.605 
265.36 
264.51 
264.33 
263.995 
263.865 
263.105 
263.12 
262.545 
262.625 
261.985 
262.145 
261.14 
261.34 
260.775 
261.03 
260.56 
260.765 
260.335 
260.61 
260.6 
260.825 
260.39 
260.625 
260.205 
260.41 
259.935 
260.085 
259.15 
259.29 
258.73 
258.745 
258.22 
258.205 
257.535 
257.49 
257.235 
257.035 
256.255 
256.055 
255.18 
254.875 
253.905 
253.525 
252.11 
251.59 
250.43 
249.9 
248.705 
248.075 
246.78 
246.07 
245.145 
244.345 
242.89 
242.09 
240.605 
239.735 
238.075 
237.23 
235.23 
234.26 
232.605 
231.565 
229.965 
228.985 
227.265 
226.275 
225.135 
224.14 
222.455 
221.55 
219.935 
219.01 
217.46 
216.55 
214.56 
213.71 
212.235 
211.45 
210.09 
209.385 
208.115 
207.395 
206.625 
206.125 
204.885 
204.475 
203.445 
203.105 
202.06 
201.84 
200.48 
200.29 
199.45 
199.385 
198.67 
198.635 
198.015 
198.085 
197.935 
198.09 
197.605 
197.785 
197.39 
197.67 
197.31 
197.54 
196.89 
197.175 
196.86 
197.305 
197.035 
197.39 
197.115 
197.52 
197.71 
198.12 
197.79 
198.24 
197.995 
198.26 
197.91 
198.345 
197.49 
197.7 
197.23 
197.475 
197.005 
197.205 
196.6 
196.715 
196.505 
196.46 
195.755 
195.675 
194.895 
194.69 
193.815 
193.565 
192.21 
191.87 
190.715 
190.39 
189.265 
188.705 
187.51 
186.99 
186.145 
185.515 
184.14 
183.495 
182.075 
181.34 
179.92 
179.175 
177.245 
176.435 
174.905 
174.075 
172.595 
171.765 
170.225 
169.455 
168.445 
167.535 
166.14 
165.325 
163.9 
163.175 
161.81 
161.17 
159.355 
158.765 
157.45 
156.825 
155.765 
155.225 
154.05 
153.685 
153.07 
152.74 
151.76 
151.59 
150.795 
150.585 
149.88 
149.79 
148.685 
148.825 
148.185 
148.34 
147.855 
148.025 
147.62 
147.88 
148.06 
148.335 
148.045 
148.525 
148.32 
148.76 
148.66 
149.08 
148.54 
149.045 
148.91 
149.435 
149.45 
149.945 
149.83 
150.395 
150.775 
151.31 
151.125 
151.66 
151.595 
152.06 
151.78 
152.26 
151.585 
151.925 
151.61 
151.98 
151.52 
151.74 
151.31 
151.445 
151.3 
151.445 
150.775 
150.78 
150.095 
149.95 
149.19 
148.95 
147.61 
147.39 
146.34 
146.0 
144.95 
144.53 
143.3 
142.815 
142.025 
141.43 
140.125 
139.475 
138.195 
137.485 
136.125 
135.39 
133.555 
132.86 
131.335 
130.585 
129.14 
128.335 
126.91 
126.195 
125.2 
124.455 
123.07 
122.36 
121.03 
120.415 
119.115 
118.525 
116.855 
116.315 
115.085 
114.685 
113.56 
113.085 
112.16 
111.815 
111.355 
111.145 
110.235 
110.19 
109.46 
109.36 
108.77 
108.885 
107.835 
107.965 
107.5 
107.73 
107.295 
107.67 
107.315 
107.755 
107.96 
108.42 
108.245 
108.77 
108.665 
109.265 
109.15 
109.78 
109.26 
109.92 
109.91 
110.515 
110.58 
111.18 
111.265 
111.825 
112.225 
112.85 
112.89 
113.54 
113.455 
114.055 
113.96 
114.495 
113.8 
114.255 
114.08 
114.425 
114.17 
114.49 
114.15 
114.355 
114.425 
114.5 
113.955 
114.06 
113.465 
113.395 
112.715 
112.58 
111.34 
111.115 
110.21 
109.945 
108.94 
108.61 
107.555 
107.12 
106.455 
105.91 
104.76 
104.22 
103.03 
102.425 
101.155 
100.575 
98.77 
98.16 
96.8 
96.095 
94.855 
94.155 
92.855 
92.175 
91.28 
90.68 
89.38 
88.77 
87.52 
87.035 
85.775 
85.35 
83.735 
83.35 
82.24 
81.92 
80.915 
80.63 
79.78 
79.52 
79.13 
79.01 
78.325 
78.29 
77.685 
77.725 
77.175 
77.305 
76.505 
76.76 
76.315 
76.735 
76.485 
76.865 
76.7 
77.21 
77.5 
77.975 
77.96 
78.585 
78.62 
79.24 
79.335 
80.04 
79.695 
80.4 
80.55 
81.265 
81.405 
82.11 
82.275 
83.035 
83.575 
84.31 
84.395 
85.08 
85.195 
85.86 
85.85 
86.545 
85.99 
86.57 
86.485 
86.95 
86.845 
87.24 
86.975 
87.42 
87.45 
87.73 
87.265 
87.49 
87.055 
87.075 
86.48 
86.575 
85.455 
85.41 
84.61 
84.42 
83.66 
83.405 
82.525 
82.23 
81.665 
81.335 
80.315 
79.88 
78.79 
78.4 
77.32 
76.8 
75.17 
74.66 
73.505 
72.95 
71.87 
71.315 
70.185 
69.665 
68.935 
68.42 
67.355 
66.86 
65.8 
65.41 
64.415 
64.01 
62.63 
62.28 
61.395 
61.23 
60.405 
60.245 
59.465 
59.365 
59.11 
59.18 
58.53 
58.655 
58.165 
58.335 
57.865 
58.2 
57.415 
57.76 
57.51 
57.87 
57.735 
58.265 
58.13 
58.755 
59.105 
59.825 
59.8 
60.51 
60.54 
61.295 
61.395 
62.195 
61.895 
62.725 
62.8 
63.6 
63.815 
64.6 
64.735 
65.55 
66.12 
66.895 
67.045 
67.77 
67.835 
68.5 
68.545 
69.185 
68.73 
69.285 
69.215 
69.77 
69.645 
70.005 
69.815 
70.11 
70.255 
70.535 
70.15 
70.36 
69.865 
69.99 
69.39 
69.4 
68.275 
68.18 
67.475 
67.225 
66.5 
66.275 
65.34 
65.065 
64.53 
64.18 
63.095 
62.765 
61.71 
61.23 
60.065 
59.655 
58.035 
57.565 
56.39 
55.885 
54.76 
54.22 
53.035 
52.595 
51.865 
51.4 
50.32 
49.92 
48.825 
48.41 
47.38 
47.105 
45.75 
45.435 
44.545 
44.37 
43.535 
43.405 
42.735 
42.67 
42.41 
42.475 
41.945 
42.08 
41.655 
41.865 
41.43 
41.8 
41.02 
41.37 
41.18 
41.625 
41.53 
42.115 
42.035 
42.645 
43.125 
43.735 
43.8 
44.565 
44.635 
45.4 
45.575 
46.42 
46.045 
46.895 
47.02 
47.91 
48.125 
49.045 
49.115 
49.94 
50.575 
51.385 
51.505 
52.265 
52.375 
53.185 
53.145 
53.845 
53.5 
54.015 
53.975 
54.55 
54.44 
54.85 
54.615 
55.075 
55.175 
55.54 
55.08 
55.37 
54.865 
55.01 
54.44 
54.58 
53.645 
53.625 
52.835 
52.76 
51.885 
51.79 
50.87 
50.65 
50.19 
49.9 
48.815 
48.535 
47.55 
47.13 
46.01 
45.75 
44.15 
43.815 
42.625 
42.2 
41.12 
40.67 
39.535 
39.11 
38.53 
38.135 
37.06 
36.79 
35.75 
35.45 
34.505 
34.255 
32.995 
32.8 
32.015 
31.895 
31.15 
31.095 
30.43 
30.41 
30.325 
30.535 
29.975 
30.155 
29.79 
30.09 
29.62 
30.095 
29.485 
29.905 
29.74 
30.32 
30.215 
30.82 
30.74 
31.455 
31.975 
32.735 
32.68 
33.595 
33.69 
34.47 
34.68 
35.525 
35.33 
36.2 
36.365 
37.305 
37.5 
38.41 
38.51 
39.365 
40.065 
40.885 
40.985 
41.77 
41.935 
42.645 
42.71 
43.415 
42.98 
43.61 
43.505 
44.08 
43.98 
44.43 
44.21 
44.66 
44.72 
45.155 
44.61 
44.875 
44.475 
44.555 
43.91 
44.06 
43.07 
42.995 
42.275 
42.185 
41.4 
41.24 
40.255 
40.085 
39.59 
39.35 
38.23 
37.94 
36.865 
36.59 
35.475 
35.005 
33.555 
33.195 
32.005 
31.645 
30.525 
30.085 
28.935 
28.61 
27.97 
27.6 
26.555 
26.225 
25.255 
24.945 
23.99 
23.755 
22.615 
22.475 
21.65 
21.565 
20.855 
20.865 
20.185 
20.265 
20.11 
20.345 
19.79 
20.09 
19.72 
19.99 
19.66 
20.205 
19.475 
19.985 
19.815 
20.475 
20.36 
20.985 
21.015 
21.715 
22.21 
22.93 
23.03 
23.925 
24.045 
24.915 
25.135 
26.02 
25.845 
26.79 
26.925 
27.94 
28.13 
29.02 
29.175 
30.155 
30.765 
31.625 
31.735 
32.625 
32.725 
33.575 
33.575 
34.375 
34.025 
34.65 
34.55 
35.235 
35.045 
35.57 
35.355 
35.85 
35.995 
36.355 
35.915 
36.185 
35.845 
36.07 
35.51 
35.605 
34.615 
34.655 
33.955 
33.92 
33.175 
33.04 
32.205 
32.08 
31.63 
31.46 
30.43 
30.26 
29.265 
29.03 
27.97 
27.705 
26.255 
25.89 
24.86 
24.515 
23.55 
23.19 
22.19 
21.855 
21.32 
21.085 
20.135 
19.875 
19.03 
18.8 
17.945 
17.86 
16.705 
16.695 
15.825 
15.875 
15.335 
15.39 
14.815 
14.95 
14.955 
15.2 
14.78 
15.14 
14.805 
15.255 
15.03 
15.53 
15.0 
15.595 
15.51 
16.125 
16.07 
16.835 
16.88 
17.675 
18.18 
19.075 
19.22 
20.11 
20.345 
21.205 
21.48 
22.4 
22.305 
23.23 
23.465 
24.445 
24.73 
25.675 
25.855 
26.79 
27.45 
28.355 
28.505 
29.36 
29.465 
30.31 
30.34 
31.12 
30.75 
31.425 
31.31 
31.96 
31.805 
32.32 
32.155 
32.595 
32.735 
33.12 
32.7 
32.93 
32.53 
32.75 
32.18 
32.275 
31.225 
31.315 
30.57 
30.505 
29.735 
29.62 
28.715 
28.57 
28.08 
27.805 
26.85 
26.655 
25.635 
25.255 
24.305 
23.935 
22.495 
22.07 
21.095 
20.74 
19.67 
19.305 
18.25 
17.935 
17.44 
17.145 
16.195 
15.89 
14.96 
14.82 
13.91 
13.805 
12.615 
12.495 
11.76 
11.76 
11.075 
11.19 
10.605 
10.725 
10.63 
10.905 
10.425 
10.77 
10.5 
10.9 
10.6 
11.095 
10.495 
11.03 
10.905 
11.515 
11.495 
12.245 
12.22 
13.02 
13.52 
14.315 
14.38 
15.335 
15.58 
16.37 
16.64 
17.515 
17.305 
18.175 
18.415 
19.355 
19.57 
20.495 
20.66 
21.6 
22.16 
23.025 
23.185 
23.965 
24.15 
24.85 
24.865 
25.575 
25.22 
25.8 
25.665 
26.28 
26.1 
26.54 
26.41 
26.75 
26.88 
27.19 
26.79 
27.045 
26.585 
26.67 
26.115 
26.165 
25.155 
25.21 
24.46 
24.375 
23.575 
23.4 
22.505 
22.34 
21.85 
21.635 
20.58 
20.345 
19.345 
19.015 
17.99 
17.68 
16.155 
15.835 
14.765 
14.415 
13.39 
13.08 
12.06 
11.775 
11.2 
10.925 
9.965 
9.79 
8.885 
8.68 
7.835 
7.745 
6.55 
6.465 
5.775 
5.775 
5.195 
5.295 
4.73 
4.9 
4.88 
5.14 
4.765 
5.12 
4.945 
5.36 
5.12 
5.69 
5.15 
5.74 
5.66 
6.28 
6.37 
7.1 
7.205 
8.01 
8.635 
9.41 
9.665 
10.58 
10.795 
11.715 
12.07 
12.92 
12.85 
13.775 
14.09 
15.0 
15.375 
16.32 
16.48 
17.37 
18.12 
19.09 
19.175 
20.145 
20.29 
21.105 
21.165 
21.945 
21.535 
22.245 
22.19 
22.785 
22.745 
23.215 
23.0 
23.515 
23.64 
23.96 
23.645 
23.885 
23.535 
23.675 
23.195 
23.33 
22.26 
22.31 
21.6 
21.515 
20.835 
20.72 
19.885 
19.72 
19.345 
19.115 
18.13 
17.855 
16.995 
16.645 
15.735 
15.42 
14.04 
13.665 
12.67 
12.355 
11.35 
11.04 
10.055 
9.835 
9.37 
9.13 
8.155 
7.985 
7.19 
6.995 
6.22 
6.17 
5.175 
5.1 
4.495 
4.475 
3.935 
4.1 
3.53 
3.815 
3.87 
4.18 
3.8 
4.31 
4.04 
4.515 
4.32 
4.9 
4.39 
5.105 
5.085 
5.795 
5.885 
6.69 
6.76 
7.67 
8.28 
9.175 
9.34 
10.385 
10.61 
11.555 
11.855 
12.845 
12.815 
13.76 
14.0 
15.05 
15.37 
16.285 
16.54 
17.52 
18.23 
19.155 
19.325 
20.21 
20.4 
21.215 
21.295 
22.05 
21.755 
22.34 
22.265 
22.92 
22.83 
23.35 
23.12 
23.5 
23.74 
24.055 
23.645 
23.93 
23.47 
23.645 
23.045 
23.12 
22.17 
22.16 
21.36 
21.36 
20.535 
20.395 
19.5 
19.355 
18.835 
18.58 
17.545 
17.315 
16.31 
15.955 
14.91 
14.555 
13.145 
12.805 
11.725 
11.345 
10.315 
10.05 
9.02 
8.685 
8.12 
7.92 
6.96 
6.715 
5.9 
5.66 
4.795 
4.695 
3.62 
3.625 
2.89 
2.875 
2.285 
2.425 
1.89 
2.105 
2.11 
2.41 
2.055 
2.49 
2.26 
2.72 
2.55 
3.185 
2.665 
3.33 
3.295 
4.005 
4.115 
4.85 
4.92 
5.765 
6.43 
7.33 
7.575 
8.525 
8.84 
9.8 
10.075 
11.04 
11.02 
12.045 
12.3 
13.295 
13.615 
14.65 
14.85 
15.81 
16.46 
17.495 
17.64 
18.525 
18.725 
19.53 
19.6 
20.42 
20.03 
20.73 
20.64 
21.27 
21.155 
21.695 
21.46 
21.96 
22.125 
22.48 
22.035 
22.31 
21.865 
22.075 
21.485 
21.605 
20.575 
20.605 
19.84 
19.775 
19.085 
18.865 
18.0 
17.825 
17.35 
17.135 
16.13 
15.87 
14.895 
14.555 
13.565 
13.21 
11.79 
11.49 
10.42 
10.07 
9.12 
8.75 
7.68 
7.445 
6.855 
6.665 
5.79 
5.51 
4.7 
4.59 
3.69 
3.675 
2.53 
2.52 
1.815 
1.87 
1.395 
1.445 
0.935 
1.21 
1.17 
1.535 
1.22 
1.59 
1.355 
1.85 
1.665 
2.32 
1.79 
2.51 
2.44 
3.145 
3.26 
4.075 
4.145 
5.05 
5.725 
6.585 
6.87 
7.835 
8.12 
9.075 
9.35 
10.295 
10.27 
11.265 
11.625 
12.625 
12.86 
13.83 
14.155 
15.095 
15.78 
16.74 
16.915 
17.8 
17.99 
18.78 
18.925 
19.65 
19.25 
19.89 
19.82 
20.44 
20.37 
20.825 
20.625 
21.01 
21.225 
21.535 
21.105 
21.375 
20.985 
21.1 
20.48 
20.62 
19.635 
19.665 
18.9 
18.825 
17.99 
17.875 
16.995 
16.83 
16.295 
16.105 
15.08 
14.875 
13.8 
13.525 
12.53 
12.18 
10.81 
10.455 
9.355 
9.085 
8.045 
7.775 
6.7 
6.455 
5.94 
5.67 
4.76 
4.565 
3.79 
3.645 
2.815 
2.795 
1.725 
1.71 
1.015 
1.15 
0.515 
0.735 
0.255 
0.485 
0.545 
0.94 
0.55 
1.03 
0.8 
1.35 
1.205 
1.85 
1.36 
2.035 
2.075 
2.78 
2.915 
3.675 
3.895 
4.735 
5.375 
6.32 
6.59 
7.535 
7.88 
8.885 
9.205 
10.135 
10.08 
11.095 
11.34 
12.43 
12.73 
13.67 
13.935 
14.915 
15.59 
16.635 
16.735 
17.625 
17.74 
18.61 
18.615 
19.42 
19.06 
19.695 
19.635 
20.16 
20.085 
20.535 
20.345 
20.8 
20.96 
21.22 
20.81 
21.105 
20.63 
20.775 
20.185 
20.23 
19.165 
19.15 
18.42 
18.305 
17.5 
17.395 
16.475 
16.26 
15.815 
15.52 
14.56 
14.275 
13.35 
12.975 
11.915 
11.615 
10.15 
9.815 
8.82 
8.46 
7.535 
7.17 
6.215 
5.87 
5.415 
5.14 
4.275 
4.085 
3.21 
3.115 
2.3 
2.265 
1.2 
1.27 
0.51 
0.755 
0.14 
0.315 
-0.155 
0.14 
0.195 
0.6 
0.215 
0.75 
0.555 
1.06 
0.92 
1.58 
1.12 
1.83 
1.86 
2.595 
2.71 
3.575 
3.675 
4.66 
5.32 
6.305 
6.5 
7.47 
7.795 
8.79 
9.12 
10.095 
10.055 
11.11 
11.425 
12.5 
12.76 
13.73 
14.035 
14.955 
15.675 
16.57 
16.755 
17.66 
17.835 
18.685 
18.72 
19.53 
19.08 
19.745 
19.715 
20.29 
20.15 
20.65 
20.45 
20.79 
21.015 
21.31 
20.9 
21.11 
20.655 
20.855 
20.225 
20.23 
19.17 
19.185 
18.355 
18.235 
17.53 
17.35 
16.455 
16.215 
15.81 
15.485 
14.495 
14.17 
13.26 
12.905 
11.845 
11.58 
10.125 
9.815 
8.71 
8.38 
7.395 
7.07 
5.985 
5.815 
5.295 
5.04 
4.165 
3.98 
3.165 
3.035 
2.265 
2.17 
1.105 
1.125 
0.49 
0.575 
0.035 
0.23 
-0.265 
0.015 
0.075 
0.455 
0.19 
0.625 
0.445 
0.94 
0.87 
1.47 
0.95 
1.635 
1.77 
2.43 
2.55 
3.41 
3.49 
4.415 
5.14 
5.995 
6.26 
7.245 
7.495 
8.53 
8.8 
9.76 
9.855 
10.815 
11.11 
12.085 
12.37 
13.405 
13.6 
14.605 
15.185 
16.165 
16.25 
17.135 
17.285 
18.06 
18.035 
18.805 
18.42 
19.06 
18.92 
19.52 
19.28 
19.81 
19.465 
19.895 
20.015 
20.355 
19.785 
20.04 
19.515 
19.67 
18.97 
19.05 
17.98 
17.945 
17.145 
17.025 
16.25 
16.045 
15.11 
14.855 
14.375 
14.05 
13.035 
12.745 
11.745 
11.44 
10.395 
10.03 
8.55 
8.195 
7.14 
6.795 
5.805 
5.44 
4.5 
4.15 
3.64 
3.445 
2.52 
2.225 
1.475 
1.31 
0.51 
0.5 
-0.6 
-0.585 
-1.225 
-1.18 
-1.695 
-1.45 
-2.02 
-1.755 
-1.68 
-1.275 
-1.7 
-1.16 
-1.39 
-0.83 
-1.105 
-0.35 
-0.865 
-0.09 
-0.12 
0.59 
0.735 
1.525 
1.645 
2.545 
3.195 
4.11 
4.28 
5.265 
5.56 
6.545 
6.82 
7.775 
7.745 
8.665 
8.92 
9.93 
10.23 
11.155 
11.375 
12.3 
13.035 
13.9 
14.02 
14.87 
14.98 
15.74 
15.8 
16.485 
16.115 
16.65 
16.505 
17.09 
16.915 
17.3 
17.07 
17.48 
17.53 
17.855 
17.315 
17.57 
17.04 
17.16 
16.475 
16.545 
15.595 
15.545 
14.7 
14.55 
13.7 
13.585 
12.595 
12.41 
11.935 
11.645 
10.615 
10.43 
9.375 
9.1 
7.98 
7.72 
6.305 
6.005 
4.945 
4.62 
3.655 
3.385 
2.38 
2.2 
1.73 
1.505 
0.63 
0.42 
-0.265 
-0.325 
-1.135 
-1.07 
-2.12 
-2.05 
-2.62 
-2.44 
-2.955 
-2.695 
-3.075 
-2.74 
-2.575 
-2.14 
-2.405 
-1.865 
-1.96 
-1.315 
-1.465 
-0.74 
-1.135 
-0.39 
-0.285 
0.54 
0.79 
1.615 
1.8 
2.74 
3.525 
4.46 
4.805 
5.785 
6.21 
7.19 
7.575 
8.59 
8.52 
9.595 
9.895 
11.025 
11.3 
12.28 
12.55 
13.565 
14.285 
15.13 
15.355 
16.21 
16.39 
17.155 
17.275 
17.985 
17.605 
18.28 
18.12 
18.72 
18.625 
19.14 
18.85 
19.205 
19.36 
19.66 
19.245 
19.455 
18.98 
19.085 
18.45 
18.51 
17.43 
17.425 
16.65 
16.54 
15.755 
15.6 
14.74 
14.525 
14.06 
13.775 
12.765 
12.59 
11.535 
11.27 
10.25 
9.89 
8.5 
8.16 
7.185 
6.815 
5.895 
5.63 
4.67 
4.42 
3.995 
3.745 
2.915 
2.75 
2.02 
1.86 
1.16 
1.135 
0.19 
0.24 
-0.365 
-0.22 
-0.665 
-0.455 
-0.925 
-0.565 
-0.435 
-0.02 
-0.36 
0.19 
0.05 
0.625 
0.44 
1.125 
0.76 
1.48 
1.48 
2.225 
2.375 
3.23 
3.4 
4.305 
4.965 
5.865 
6.105 
7.09 
7.435 
8.385 
8.685 
9.645 
9.515 
10.5 
10.765 
11.74 
12.035 
13.025 
13.16 
14.08 
14.68 
15.595 
15.665 
16.495 
16.655 
17.32 
17.345 
18.045 
17.605 
18.195 
18.0 
18.57 
18.32 
18.765 
18.455 
18.775 
18.845 
19.07 
18.585 
18.795 
18.285 
18.31 
17.665 
17.67 
16.58 
16.515 
15.71 
15.56 
14.705 
14.565 
13.615 
13.325 
12.82 
12.545 
11.54 
11.235 
10.285 
9.925 
8.88 
8.54 
7.14 
6.855 
5.805 
5.46 
4.52 
4.19 
3.27 
2.97 
2.58 
2.31 
1.475 
1.365 
0.59 
0.475 
-0.21 
-0.155 
-1.23 
-1.205 
-1.775 
-1.55 
-2.075 
-1.9 
-2.315 
-1.965 
-1.815 
-1.43 
-1.675 
-1.135 
-1.235 
-0.695 
-0.785 
-0.06 
-0.46 
0.28 
0.25 
1.08 
1.265 
2.085 
2.28 
3.215 
3.91 
4.875 
5.125 
6.115 
6.41 
7.37 
7.7 
8.76 
8.695 
9.71 
9.94 
10.92 
11.295 
12.24 
12.43 
13.325 
13.975 
14.885 
15.075 
15.85 
16.005 
16.76 
16.7 
17.43 
16.95 
17.57 
17.43 
17.94 
17.74 
18.195 
17.905 
18.29 
18.37 
18.62 
18.135 
18.28 
17.8 
17.86 
17.26 
17.29 
16.145 
16.06 
15.295 
15.185 
14.315 
14.175 
13.235 
13.065 
12.595 
12.245 
11.295 
10.97 
10.0 
9.72 
8.68 
8.375 
6.94 
6.625 
5.63 
5.3 
4.42 
4.085 
3.17 
2.905 
2.445 
2.31 
1.425 
1.33 
0.635 
0.54 
-0.18 
-0.15 
-1.255 
-1.18 
-1.75 
-1.62 
-2.085 
-1.85 
-2.2 
-1.895 
-1.725 
-1.24 
-1.51 
-1.04 
-1.105 
-0.59 
-0.59 
0.125 
-0.385 
0.385 
0.46 
1.255 
1.46 
2.3 
2.545 
3.385 
4.13 
5.01 
5.325 
6.26 
6.615 
7.61 
7.88 
8.94 
8.815 
9.81 
10.085 
11.055 
11.37 
12.28 
12.565 
13.47 
14.15 
14.95 
15.17 
15.95 
16.065 
16.89 
16.85 
17.575 
17.065 
17.64 
17.575 
18.12 
17.88 
18.345 
18.04 
18.375 
18.45 
18.67 
18.22 
18.46 
17.885 
17.995 
17.33 
17.375 
16.44 
16.305 
15.515 
15.41 
14.555 
14.435 
13.48 
13.33 
12.845 
12.575 
11.565 
11.38 
10.285 
10.035 
9.035 
8.7 
7.345 
