Run 0 on 20200811 on sample T20-5d, LT thermometer,  dT/T0 = 0.02
Time per point = 3.125e-05 seconds
777.835 
777.33 
777.455 
777.14 
777.355 
776.97 
777.25 
776.46 
776.74 
776.45 
776.795 
776.5 
776.925 
776.53 
777.02 
777.21 
777.67 
777.485 
777.955 
777.795 
778.295 
778.14 
778.74 
778.195 
778.785 
778.64 
779.25 
779.27 
779.76 
779.695 
780.35 
780.685 
781.42 
781.355 
781.975 
782.005 
782.63 
782.61 
783.135 
782.78 
783.465 
783.365 
783.99 
783.885 
784.47 
784.335 
784.955 
785.235 
785.77 
785.56 
786.07 
785.94 
786.44 
786.215 
786.725 
785.99 
786.41 
786.06 
786.435 
786.15 
786.54 
786.13 
786.505 
786.47 
786.795 
786.375 
786.605 
786.195 
786.345 
785.98 
786.135 
785.24 
785.33 
784.81 
785.0 
784.395 
784.535 
783.96 
784.055 
783.99 
784.02 
783.505 
783.555 
783.05 
783.105 
782.5 
782.55 
781.63 
781.74 
781.135 
781.265 
780.695 
780.77 
780.25 
780.51 
780.35 
780.5 
779.985 
780.265 
779.88 
780.015 
779.53 
779.855 
779.07 
779.295 
778.905 
779.25 
778.925 
779.195 
778.89 
779.255 
779.465 
779.94 
779.635 
780.14 
779.9 
780.33 
780.19 
780.74 
780.12 
780.635 
780.525 
780.975 
780.995 
781.395 
781.325 
781.96 
782.3 
782.83 
782.82 
783.385 
783.295 
783.82 
783.77 
784.32 
783.82 
784.425 
784.28 
784.74 
784.645 
785.11 
785.01 
785.51 
785.815 
786.285 
785.97 
786.42 
786.305 
786.705 
786.36 
786.785 
786.035 
786.335 
786.015 
786.345 
785.96 
786.25 
785.78 
785.97 
786.015 
786.235 
785.72 
785.87 
785.39 
785.535 
785.03 
785.12 
784.26 
784.35 
783.625 
783.695 
783.11 
783.18 
782.515 
782.645 
782.425 
782.47 
781.77 
781.9 
781.23 
781.275 
780.635 
780.655 
779.65 
779.705 
779.04 
779.165 
778.485 
778.52 
778.05 
778.125 
778.025 
778.135 
777.565 
777.735 
777.28 
777.47 
777.02 
777.205 
776.385 
776.615 
776.24 
776.495 
776.2 
776.49 
776.09 
776.43 
776.59 
777.05 
776.75 
777.16 
776.95 
777.4 
777.21 
777.725 
777.15 
777.705 
777.5 
778.02 
777.91 
778.47 
778.345 
778.84 
779.255 
779.77 
779.75 
780.28 
780.275 
780.825 
780.67 
781.195 
780.795 
781.31 
781.195 
781.745 
781.6 
782.11 
781.97 
782.42 
782.74 
783.22 
782.94 
783.395 
783.21 
783.585 
783.355 
783.745 
783.015 
783.355 
783.02 
783.315 
782.975 
783.26 
782.895 
783.05 
783.08 
783.295 
782.87 
783.015 
782.56 
782.67 
782.26 
782.325 
781.345 
781.47 
780.9 
780.95 
780.4 
780.43 
779.81 
779.885 
779.77 
779.745 
779.185 
779.225 
778.655 
778.715 
778.07 
778.125 
777.105 
777.185 
776.585 
776.66 
776.11 
776.19 
775.665 
775.73 
775.695 
775.825 
775.25 
775.44 
775.055 
775.21 
774.775 
775.01 
774.25 
774.5 
774.07 
774.39 
774.045 
774.395 
774.045 
774.375 
774.595 
774.965 
774.76 
775.165 
774.965 
775.48 
775.305 
775.785 
775.235 
775.69 
775.615 
776.145 
776.06 
776.57 
776.48 
777.095 
777.435 
777.955 
777.955 
778.525 
778.5 
779.095 
778.965 
779.54 
779.05 
779.62 
779.515 
780.025 
779.945 
780.465 
780.305 
780.84 
781.11 
781.64 
781.385 
781.85 
781.73 
782.11 
781.805 
782.27 
781.6 
781.935 
781.575 
781.955 
781.595 
781.865 
781.515 
781.705 
781.83 
782.055 
781.62 
781.78 
781.37 
781.485 
781.1 
781.26 
780.31 
780.44 
779.885 
779.95 
779.46 
779.54 
779.05 
779.13 
779.01 
778.965 
778.515 
778.58 
778.02 
778.09 
777.51 
777.625 
776.68 
776.715 
776.21 
776.33 
775.8 
775.86 
775.405 
775.545 
775.56 
775.595 
775.21 
775.385 
775.03 
775.3 
774.895 
775.17 
774.27 
774.57 
774.235 
774.57 
774.305 
774.585 
774.32 
774.68 
774.895 
775.33 
775.065 
775.545 
775.415 
775.845 
775.64 
776.265 
775.645 
776.15 
776.0 
776.525 
776.485 
777.035 
776.895 
777.53 
777.89 
778.425 
778.36 
778.885 
778.84 
779.335 
779.195 
779.74 
779.35 
779.885 
779.715 
780.23 
780.015 
780.525 
780.28 
780.705 
781.005 
781.4 
781.065 
781.455 
781.12 
781.525 
781.12 
781.41 
780.67 
780.86 
780.365 
780.57 
780.07 
780.23 
779.66 
779.745 
779.69 
779.71 
779.08 
779.12 
778.405 
778.335 
777.645 
777.595 
776.48 
776.36 
775.465 
775.37 
774.59 
774.455 
773.53 
773.295 
772.795 
772.57 
771.635 
771.435 
770.455 
770.175 
769.215 
768.91 
767.585 
767.275 
766.25 
765.925 
764.985 
764.595 
763.615 
763.315 
762.74 
762.47 
761.385 
761.085 
760.185 
759.855 
758.825 
758.63 
757.25 
756.945 
755.925 
755.675 
754.74 
754.485 
753.47 
753.19 
752.75 
752.475 
751.46 
751.28 
750.37 
750.05 
749.17 
749.04 
747.74 
747.485 
746.52 
746.21 
745.34 
745.12 
744.14 
743.96 
743.45 
743.15 
742.15 
741.845 
740.94 
740.585 
739.54 
739.255 
737.865 
737.525 
736.365 
735.995 
734.875 
734.39 
733.275 
732.79 
732.075 
731.45 
730.17 
729.57 
728.385 
727.775 
726.345 
725.78 
723.92 
723.16 
721.69 
720.955 
719.485 
718.66 
717.005 
716.13 
714.975 
714.08 
712.435 
711.49 
709.8 
708.705 
707.075 
705.965 
703.96 
702.85 
700.985 
699.875 
698.125 
696.98 
695.055 
693.955 
692.515 
691.33 
689.46 
688.31 
686.46 
685.26 
683.335 
682.155 
679.935 
678.745 
676.85 
675.655 
673.91 
672.71 
670.825 
669.715 
668.36 
667.255 
665.45 
664.35 
662.72 
661.565 
659.855 
658.88 
656.81 
655.77 
654.18 
653.185 
651.54 
650.67 
649.05 
648.155 
647.095 
646.205 
644.635 
643.875 
642.47 
641.605 
640.18 
639.495 
637.65 
636.905 
635.53 
634.785 
633.42 
632.735 
631.42 
630.715 
629.865 
629.13 
627.835 
627.245 
625.965 
625.255 
623.95 
623.325 
621.525 
620.945 
619.45 
618.86 
617.435 
616.835 
615.42 
614.695 
613.705 
613.025 
611.575 
610.795 
609.34 
608.635 
607.13 
606.345 
604.37 
603.555 
601.96 
601.135 
599.65 
598.625 
597.085 
596.095 
594.985 
593.995 
592.375 
591.34 
589.715 
588.655 
586.915 
585.935 
583.815 
582.8 
581.03 
579.93 
578.225 
577.14 
575.41 
574.325 
572.975 
571.885 
570.155 
569.11 
567.4 
566.375 
564.555 
563.565 
561.36 
560.375 
558.7 
557.705 
555.995 
555.005 
553.32 
552.465 
551.29 
550.38 
548.76 
547.855 
546.335 
545.5 
543.99 
543.15 
541.38 
540.57 
539.115 
538.445 
537.04 
536.315 
534.975 
534.375 
533.49 
532.89 
531.615 
531.045 
529.835 
529.305 
528.055 
527.61 
526.07 
525.59 
524.41 
523.965 
522.89 
522.45 
521.315 
521.005 
520.275 
519.865 
518.785 
518.41 
517.42 
517.03 
515.905 
515.435 
514.155 
513.705 
512.595 
512.17 
511.17 
510.66 
509.52 
509.07 
508.425 
507.965 
506.76 
506.275 
505.155 
504.62 
503.425 
502.865 
501.21 
500.6 
499.325 
498.77 
497.515 
496.775 
495.495 
494.775 
493.915 
493.195 
491.805 
491.175 
489.795 
488.99 
487.58 
486.85 
485.03 
484.265 
482.745 
481.96 
480.54 
479.775 
478.265 
477.45 
476.405 
475.63 
474.07 
473.405 
471.88 
471.145 
469.615 
468.885 
467.065 
466.35 
464.82 
464.14 
462.755 
462.01 
460.65 
459.925 
459.05 
458.445 
457.11 
456.43 
455.19 
454.625 
453.35 
452.865 
451.23 
450.705 
449.495 
448.98 
447.92 
447.44 
446.285 
445.875 
445.32 
444.94 
443.825 
443.53 
442.53 
442.19 
441.2 
440.975 
439.485 
439.195 
438.285 
438.005 
437.135 
436.9 
436.035 
435.69 
435.25 
435.03 
434.135 
433.86 
433.065 
432.775 
431.785 
431.575 
430.35 
430.09 
429.1 
428.89 
427.85 
427.53 
426.59 
426.275 
425.73 
425.365 
424.28 
423.94 
422.865 
422.495 
421.325 
421.03 
419.46 
418.97 
417.855 
417.375 
416.17 
415.675 
414.425 
413.81 
413.125 
412.535 
411.205 
410.65 
409.445 
408.76 
407.49 
406.835 
405.145 
404.44 
403.16 
402.435 
401.18 
400.5 
399.14 
398.46 
397.59 
396.875 
395.58 
394.94 
393.595 
392.99 
391.63 
391.035 
389.325 
388.68 
387.42 
386.845 
385.675 
385.015 
383.77 
383.185 
382.535 
381.99 
380.89 
380.35 
379.255 
378.84 
377.75 
377.355 
375.905 
375.47 
374.54 
374.205 
373.2 
372.96 
372.0 
371.7 
371.23 
370.985 
370.11 
369.94 
369.105 
368.895 
368.04 
367.995 
366.835 
366.68 
365.84 
365.755 
365.02 
364.92 
364.11 
363.985 
363.72 
363.65 
362.835 
362.86 
362.105 
361.98 
361.16 
361.17 
359.99 
359.81 
359.125 
358.935 
358.14 
357.995 
357.185 
356.985 
356.685 
356.48 
355.595 
355.38 
354.47 
354.245 
353.385 
353.11 
351.715 
351.34 
350.46 
350.105 
349.18 
348.795 
347.73 
347.315 
346.77 
346.31 
345.235 
344.9 
343.81 
343.31 
342.265 
341.79 
340.265 
339.795 
338.64 
338.14 
337.06 
336.52 
335.45 
335.015 
334.265 
333.73 
332.7 
332.225 
331.145 
330.655 
329.5 
329.01 
327.55 
327.155 
326.05 
325.615 
324.595 
324.23 
323.21 
322.875 
322.29 
321.945 
321.04 
320.73 
319.825 
319.575 
318.675 
318.45 
317.185 
316.98 
316.08 
315.925 
315.16 
315.08 
314.205 
314.145 
313.85 
313.755 
313.03 
312.97 
312.355 
312.3 
311.63 
311.64 
310.63 
310.58 
309.88 
309.935 
309.38 
309.43 
308.785 
308.83 
308.64 
308.72 
308.11 
308.12 
307.52 
307.61 
306.885 
306.93 
305.955 
305.945 
305.31 
305.335 
304.64 
304.555 
303.875 
303.86 
303.6 
303.54 
302.715 
302.62 
301.865 
301.765 
300.96 
300.795 
299.57 
299.36 
298.485 
298.33 
297.425 
297.21 
296.205 
295.915 
295.545 
295.215 
294.21 
294.01 
293.005 
292.66 
291.635 
291.375 
290.035 
289.665 
288.63 
288.25 
287.21 
286.945 
285.845 
285.53 
284.97 
284.61 
283.545 
283.26 
282.345 
281.95 
280.945 
280.675 
279.335 
279.01 
278.035 
277.775 
276.86 
276.575 
275.73 
275.505 
275.135 
274.94 
274.045 
273.88 
273.145 
273.015 
272.215 
272.135 
271.12 
270.955 
270.29 
270.27 
269.555 
269.515 
268.83 
268.8 
268.745 
268.735 
268.125 
268.225 
267.615 
267.79 
267.125 
267.33 
266.38 
266.525 
265.895 
266.06 
265.515 
265.745 
265.19 
265.285 
265.275 
265.4 
264.8 
265.045 
264.47 
264.645 
264.08 
264.185 
263.35 
263.505 
262.83 
262.975 
262.325 
262.425 
261.84 
261.915 
261.735 
261.715 
261.07 
261.08 
260.405 
260.355 
259.68 
259.63 
258.46 
258.4 
257.595 
257.515 
256.7 
256.53 
255.73 
255.57 
255.225 
255.04 
254.115 
253.92 
253.145 
252.88 
251.99 
251.76 
250.495 
250.22 
249.335 
249.09 
248.175 
247.92 
247.0 
246.835 
246.375 
246.06 
245.185 
244.955 
244.095 
243.875 
242.965 
242.74 
241.525 
241.335 
240.505 
240.295 
239.575 
239.39 
238.6 
238.49 
238.195 
238.115 
237.345 
237.275 
236.645 
236.64 
235.9 
235.935 
234.835 
234.895 
234.285 
234.34 
233.77 
233.88 
233.325 
233.43 
233.365 
233.495 
233.025 
233.18 
232.74 
232.84 
232.41 
232.64 
231.765 
232.02 
231.52 
231.735 
231.305 
231.6 
231.14 
231.45 
231.395 
231.585 
231.17 
231.435 
231.07 
231.275 
230.76 
231.0 
230.17 
230.33 
229.865 
230.035 
229.535 
229.62 
229.155 
229.285 
229.22 
229.275 
228.615 
228.735 
228.215 
228.23 
227.555 
227.625 
226.505 
226.415 
225.775 
225.805 
225.115 
224.985 
224.245 
224.115 
223.87 
223.705 
223.015 
222.805 
222.115 
221.89 
221.14 
220.99 
219.685 
219.51 
218.695 
218.465 
217.745 
217.54 
216.69 
216.555 
216.17 
215.965 
215.15 
215.035 
214.28 
214.155 
213.33 
213.175 
212.0 
211.86 
211.13 
211.045 
210.375 
210.245 
209.57 
209.545 
209.3 
209.325 
208.645 
208.68 
208.09 
208.12 
207.46 
207.635 
206.6 
206.68 
206.19 
206.3 
205.84 
205.98 
205.615 
205.725 
205.745 
205.855 
205.565 
205.78 
205.455 
205.625 
205.21 
205.59 
204.73 
204.99 
204.65 
204.985 
204.64 
204.86 
204.58 
204.82 
204.97 
205.18 
204.855 
205.16 
204.795 
205.095 
204.655 
204.91 
204.055 
204.225 
203.845 
204.045 
203.625 
203.795 
203.35 
203.495 
203.455 
203.565 
203.07 
203.185 
202.655 
202.74 
202.16 
202.245 
201.175 
201.145 
200.55 
200.535 
199.89 
199.885 
199.185 
199.09 
198.815 
198.79 
197.995 
197.99 
197.275 
197.13 
196.365 
196.31 
195.065 
194.935 
194.16 
194.025 
193.3 
193.11 
192.42 
192.285 
191.96 
191.7 
191.03 
190.935 
190.25 
190.17 
189.445 
189.35 
188.205 
188.13 
187.49 
187.415 
186.79 
186.72 
186.16 
186.21 
186.025 
186.03 
185.48 
185.6 
185.085 
185.245 
184.585 
184.83 
183.87 
184.0 
183.625 
183.795 
183.375 
183.69 
183.205 
183.515 
183.555 
183.925 
183.575 
183.84 
183.56 
183.875 
183.62 
184.01 
183.27 
183.565 
183.305 
183.68 
183.46 
183.805 
183.52 
183.955 
184.045 
184.44 
184.225 
184.615 
184.31 
184.645 
184.4 
184.685 
183.98 
184.25 
183.975 
184.26 
183.95 
184.115 
183.8 
184.065 
184.115 
184.24 
183.825 
183.99 
183.635 
183.75 
183.225 
183.42 
182.46 
182.44 
181.91 
182.02 
181.515 
181.515 
180.83 
180.885 
180.735 
180.705 
180.035 
180.085 
179.405 
179.39 
178.615 
178.63 
177.56 
177.385 
176.725 
176.655 
176.065 
175.91 
175.25 
175.125 
174.9 
174.82 
174.14 
174.065 
173.5 
173.465 
172.685 
172.785 
171.68 
171.685 
171.035 
171.15 
170.565 
170.62 
170.0 
170.17 
170.08 
170.155 
169.635 
169.805 
169.27 
169.52 
169.03 
169.325 
168.475 
168.705 
168.345 
168.64 
168.37 
168.61 
168.355 
168.62 
168.77 
169.06 
168.805 
169.245 
168.955 
169.35 
169.035 
169.5 
168.795 
169.235 
168.945 
169.37 
169.25 
169.66 
169.365 
169.79 
170.025 
170.42 
170.1 
170.61 
170.245 
170.775 
170.31 
170.76 
170.06 
170.395 
170.14 
170.455 
170.11 
170.335 
170.005 
170.305 
170.335 
170.6 
170.195 
170.33 
169.94 
170.19 
169.595 
169.78 
168.865 
168.885 
168.355 
168.475 
167.96 
168.015 
167.36 
167.4 
167.24 
167.23 
166.495 
166.565 
165.93 
165.835 
165.135 
165.08 
164.11 
164.01 
163.355 
163.32 
162.6 
162.525 
161.79 
161.805 
161.53 
161.465 
160.755 
160.765 
160.06 
160.075 
159.35 
159.38 
158.325 
158.275 
157.645 
157.75 
157.125 
157.165 
156.52 
156.665 
156.595 
156.72 
156.02 
156.26 
155.74 
155.96 
155.4 
155.655 
154.865 
155.035 
154.655 
154.95 
154.565 
154.845 
154.44 
154.795 
154.915 
155.225 
154.86 
155.23 
154.935 
155.32 
155.0 
155.5 
154.8 
155.205 
154.955 
155.295 
155.11 
155.54 
155.21 
155.65 
155.88 
156.255 
155.895 
156.38 
156.03 
156.515 
156.13 
156.57 
155.89 
156.21 
155.96 
156.255 
155.965 
156.235 
155.835 
156.145 
156.2 
156.42 
155.985 
156.215 
155.715 
156.0 
155.455 
155.66 
154.725 
154.775 
154.29 
154.445 
153.84 
153.98 
153.335 
153.375 
153.22 
153.25 
152.655 
152.655 
151.985 
152.035 
151.335 
151.365 
150.385 
150.3 
149.66 
149.595 
149.04 
148.965 
148.22 
148.265 
148.07 
147.99 
147.39 
147.385 
146.775 
146.785 
146.11 
146.21 
145.24 
145.275 
144.64 
144.745 
144.185 
144.26 
143.68 
143.89 
143.87 
144.05 
143.5 
143.705 
143.32 
143.54 
143.025 
143.415 
142.7 
142.865 
142.56 
142.94 
142.585 
142.96 
142.61 
143.045 
143.23 
143.655 
143.36 
143.84 
143.645 
144.045 
143.805 
144.395 
143.71 
144.17 
143.975 
144.49 
144.345 
144.81 
144.585 
145.135 
145.41 
145.865 
145.67 
146.165 
145.925 
146.485 
146.15 
146.63 
146.115 
146.485 
146.255 
146.68 
146.46 
146.8 
146.445 
146.865 
147.015 
147.38 
146.935 
147.265 
146.93 
147.2 
146.775 
147.075 
146.28 
146.51 
145.99 
146.16 
145.7 
145.92 
145.295 
145.515 
145.445 
145.62 
144.97 
145.1 
144.52 
144.585 
144.06 
144.08 
143.22 
143.295 
142.605 
142.71 
142.115 
142.21 
141.47 
141.59 
141.455 
141.545 
140.84 
141.015 
140.35 
140.495 
139.845 
139.945 
139.075 
139.3 
138.62 
138.775 
138.24 
138.37 
137.84 
138.135 
138.105 
138.31 
137.785 
138.05 
137.705 
138.005 
137.555 
137.87 
137.205 
137.52 
137.12 
137.505 
137.255 
137.645 
137.32 
137.765 
137.915 
138.39 
138.165 
138.645 
138.415 
138.915 
138.705 
139.195 
138.61 
139.085 
138.885 
139.435 
139.24 
139.77 
139.59 
140.135 
140.355 
140.83 
140.7 
141.185 
141.04 
141.465 
141.28 
141.67 
141.17 
141.585 
141.255 
141.71 
141.41 
141.845 
141.48 
141.88 
141.97 
142.365 
141.88 
142.25 
141.865 
142.15 
141.66 
141.91 
141.125 
141.345 
140.81 
141.015 
140.55 
140.67 
140.055 
140.205 
140.11 
140.23 
139.645 
139.755 
139.185 
139.215 
138.64 
138.705 
137.68 
137.76 
137.095 
137.145 
136.48 
136.54 
135.91 
135.95 
135.735 
135.745 
135.21 
135.23 
134.655 
134.765 
134.095 
134.185 
133.175 
133.335 
132.8 
132.845 
132.345 
132.47 
132.06 
132.185 
132.17 
132.315 
131.875 
132.085 
131.77 
132.035 
131.635 
131.95 
131.34 
131.58 
131.16 
131.555 
131.29 
131.65 
131.3 
131.665 
131.95 
132.47 
132.1 
132.645 
132.445 
132.81 
132.635 
133.185 
132.545 
133.11 
132.905 
133.365 
133.26 
133.72 
133.55 
134.115 
134.305 
134.805 
134.64 
135.155 
135.015 
135.445 
135.275 
135.675 
135.125 
135.58 
135.265 
135.725 
135.44 
135.8 
135.55 
135.9 
135.985 
136.305 
135.925 
136.265 
135.88 
136.195 
135.725 
136.045 
135.195 
135.295 
134.825 
135.005 
134.555 
134.64 
134.1 
134.225 
134.085 
134.25 
133.69 
133.75 
133.19 
133.185 
132.61 
132.64 
131.575 
131.7 
131.015 
131.005 
130.375 
130.41 
129.755 
129.8 
129.615 
129.64 
129.0 
129.1 
128.5 
128.525 
127.925 
128.06 
127.015 
127.175 
126.54 
126.7 
126.165 
126.365 
125.82 
125.975 
125.95 
126.145 
125.725 
125.9 
125.585 
125.81 
125.455 
125.745 
124.975 
125.265 
124.975 
125.335 
125.115 
125.48 
125.22 
125.63 
125.82 
126.245 
126.065 
126.525 
126.37 
126.825 
126.67 
127.135 
126.55 
127.055 
126.88 
127.43 
127.315 
127.815 
127.68 
128.23 
128.47 
128.985 
128.855 
129.37 
129.245 
129.765 
129.535 
129.98 
129.495 
129.94 
129.75 
130.205 
129.95 
130.355 
130.01 
130.445 
130.62 
131.015 
130.58 
130.915 
130.575 
130.93 
130.38 
130.82 
130.06 
130.33 
129.775 
130.01 
129.565 
129.76 
129.145 
129.375 
129.345 
129.51 
128.85 
129.035 
128.505 
128.61 
128.02 
128.175 
127.25 
127.435 
126.71 
126.835 
126.23 
126.385 
125.775 
125.82 
125.72 
125.82 
125.23 
125.44 
124.85 
124.99 
124.395 
124.525 
123.72 
123.9 
123.345 
123.555 
123.055 
123.28 
122.785 
123.085 
123.17 
123.42 
123.0 
123.31 
122.965 
123.33 
122.985 
123.385 
122.775 
123.13 
122.79 
123.315 
123.03 
123.56 
123.17 
123.69 
123.94 
124.565 
124.25 
124.86 
124.67 
125.195 
124.99 
125.66 
125.14 
125.72 
125.53 
126.045 
125.99 
126.56 
126.375 
127.005 
127.22 
127.825 
127.65 
128.245 
128.11 
128.705 
128.45 
128.99 
128.415 
128.955 
128.73 
129.155 
128.945 
129.405 
129.18 
129.55 
129.76 
130.17 
129.745 
130.165 
129.83 
130.155 
129.715 
130.09 
129.26 
129.52 
129.05 
129.32 
128.89 
129.09 
128.59 
128.8 
128.73 
128.935 
128.365 
128.58 
128.04 
128.12 
127.67 
127.77 
127.02 
127.08 
126.47 
126.575 
125.98 
126.2 
125.51 
125.685 
125.555 
125.71 
125.095 
125.29 
124.725 
124.925 
124.31 
124.535 
123.65 
123.87 
123.38 
123.575 
123.175 
123.335 
122.86 
123.19 
123.235 
123.59 
123.13 
123.455 
123.17 
123.485 
123.185 
123.545 
122.885 
123.31 
123.04 
123.49 
123.225 
123.75 
123.47 
123.87 
124.135 
124.65 
124.43 
124.985 
124.82 
125.345 
125.185 
125.715 
125.185 
125.715 
125.525 
126.075 
125.915 
126.475 
126.32 
126.845 
127.125 
127.6 
127.395 
127.94 
127.775 
128.25 
127.995 
128.44 
127.87 
128.315 
127.915 
128.415 
128.11 
128.425 
128.105 
128.435 
128.565 
128.915 
128.45 
128.73 
128.33 
128.655 
128.12 
128.405 
127.51 
127.68 
127.2 
127.35 
126.87 
126.93 
126.395 
126.455 
126.39 
126.5 
125.895 
126.01 
125.385 
125.435 
124.815 
124.88 
123.87 
123.96 
123.28 
123.28 
122.745 
122.78 
122.135 
122.15 
122.035 
122.02 
121.44 
121.55 
121.02 
121.095 
120.47 
120.64 
119.63 
119.8 
119.225 
119.37 
118.875 
119.02 
118.61 
118.82 
118.835 
119.065 
118.66 
118.875 
118.57 
118.925 
118.505 
118.86 
118.265 
118.65 
118.225 
118.685 
118.395 
118.81 
118.485 
118.91 
119.23 
119.69 
119.38 
119.845 
119.66 
120.23 
119.95 
120.475 
119.96 
120.475 
120.205 
120.7 
120.595 
121.135 
120.895 
121.425 
121.74 
122.2 
121.95 
122.49 
122.27 
122.695 
122.46 
122.975 
122.35 
122.75 
122.51 
122.945 
122.61 
123.02 
122.65 
123.015 
123.075 
123.425 
123.02 
123.35 
122.88 
123.2 
122.73 
122.99 
122.095 
122.28 
121.78 
121.975 
121.49 
121.655 
121.08 
121.195 
121.1 
121.235 
120.65 
120.775 
120.23 
120.26 
119.725 
119.815 
118.9 
118.995 
118.235 
118.295 
117.75 
117.895 
117.165 
117.35 
117.185 
117.305 
116.705 
116.82 
116.26 
116.405 
115.815 
116.05 
115.13 
115.33 
114.78 
114.995 
114.56 
114.81 
114.325 
114.595 
114.695 
115.03 
114.62 
114.95 
114.68 
114.99 
114.685 
115.08 
114.45 
114.815 
114.62 
115.07 
114.835 
115.31 
115.12 
115.63 
115.97 
116.435 
116.265 
116.77 
116.69 
117.24 
117.12 
117.71 
117.185 
117.73 
117.54 
118.125 
118.035 
118.675 
118.56 
119.065 
119.355 
119.9 
119.8 
120.325 
120.265 
120.745 
120.585 
121.045 
120.565 
121.04 
120.745 
121.245 
120.98 
121.31 
121.055 
121.47 
121.61 
122.01 
121.62 
121.99 
121.62 
121.94 
121.53 
121.81 
120.97 
121.285 
120.775 
120.98 
120.615 
120.725 
120.165 
120.36 
120.325 
120.455 
119.96 
120.11 
119.575 
119.655 
119.17 
119.33 
118.365 
118.5 
117.89 
117.96 
117.48 
117.625 
117.03 
117.12 
117.02 
117.175 
116.68 
116.82 
116.375 
116.505 
116.03 
116.15 
115.245 
115.505 
115.08 
115.28 
114.86 
115.115 
114.675 
115.065 
115.185 
115.53 
115.135 
115.48 
115.25 
115.63 
115.315 
115.73 
115.08 
115.46 
115.21 
115.77 
115.59 
116.035 
115.805 
116.335 
116.655 
117.15 
116.995 
117.57 
117.49 
118.01 
117.955 
118.54 
118.025 
118.56 
118.47 
119.005 
118.93 
119.49 
119.43 
119.935 
120.28 
120.795 
120.705 
121.265 
121.17 
121.62 
121.485 
122.025 
121.44 
121.82 
121.57 
122.095 
121.855 
122.21 
121.96 
122.31 
122.47 
122.815 
122.43 
122.785 
122.48 
122.805 
122.38 
122.61 
121.72 
121.945 
121.555 
121.765 
121.22 
121.405 
120.825 
120.99 
120.98 
121.08 
120.575 
120.665 
120.09 
120.23 
119.685 
119.745 
118.91 
118.89 
118.385 
118.43 
117.945 
118.035 
117.37 
117.51 
117.455 
117.55 
116.89 
117.065 
116.5 
116.695 
115.985 
116.23 
115.435 
115.555 
115.085 
115.325 
114.815 
115.11 
114.585 
114.89 
114.955 
115.26 
114.775 
115.12 
114.765 
115.205 
114.815 
115.225 
114.645 
115.025 
114.71 
115.225 
114.975 
115.4 
115.185 
115.605 
115.845 
116.415 
116.175 
116.69 
116.56 
117.08 
116.845 
117.465 
116.885 
117.475 
117.215 
117.77 
117.625 
118.175 
117.92 
118.485 
118.665 
119.27 
119.035 
119.55 
119.34 
119.785 
119.515 
119.97 
119.525 
119.87 
119.51 
120.0 
119.64 
119.955 
119.6 
119.98 
120.075 
120.44 
119.895 
120.21 
119.84 
120.125 
119.555 
119.82 
118.965 
119.145 
118.565 
118.785 
118.22 
118.41 
117.795 
117.875 
117.81 
118.04 
117.34 
117.45 
116.83 
116.945 
116.34 
116.46 
115.54 
115.64 
114.975 
115.01 
114.455 
114.555 
113.925 
113.995 
113.9 
114.075 
113.465 
113.655 
113.175 
113.255 
112.725 
112.865 
111.995 
112.215 
111.76 
111.93 
111.535 
111.72 
111.34 
111.67 
111.745 
112.04 
111.645 
112.045 
111.76 
112.105 
111.86 
112.26 
111.8 
112.125 
111.905 
112.365 
112.15 
112.68 
112.385 
112.88 
113.23 
113.78 
113.52 
114.12 
113.945 
114.51 
114.295 
114.96 
114.45 
115.005 
114.81 
115.37 
115.265 
115.835 
115.58 
116.185 
116.525 
117.055 
116.825 
117.405 
117.19 
117.715 
117.515 
117.985 
117.465 
117.955 
117.585 
118.035 
117.75 
118.12 
117.85 
118.24 
118.365 
118.685 
118.27 
118.605 
118.26 
118.52 
118.055 
118.31 
117.475 
117.68 
117.165 
117.375 
116.945 
117.075 
116.53 
116.675 
116.615 
116.75 
116.255 
116.35 
115.805 
115.9 
115.425 
115.53 
114.61 
114.75 
114.115 
114.24 
113.66 
113.815 
113.18 
113.385 
113.27 
113.525 
112.81 
113.08 
112.515 
112.795 
112.16 
112.44 
111.615 
111.965 
111.39 
111.735 
111.33 
111.56 
111.22 
111.525 
111.65 
112.08 
111.645 
112.045 
111.795 
112.205 
111.975 
112.45 
111.915 
112.275 
112.115 
112.64 
112.49 
113.045 
112.9 
113.355 
113.695 
114.32 
114.145 
114.78 
114.64 
115.265 
115.195 
115.755 
115.315 
115.86 
115.81 
116.365 
116.325 
116.915 
116.825 
117.365 
117.72 
118.28 
118.13 
118.725 
118.64 
119.145 
118.975 
119.495 
118.995 
119.545 
119.25 
119.725 
119.49 
119.895 
119.61 
120.035 
120.205 
120.55 
120.17 
120.555 
120.155 
120.58 
120.06 
120.39 
119.625 
119.865 
119.375 
119.62 
119.135 
119.41 
118.84 
119.01 
118.935 
119.235 
118.655 
118.795 
118.32 
118.455 
117.91 
118.155 
117.22 
117.31 
116.725 
116.875 
116.425 
116.56 
116.03 
116.185 
116.085 
116.21 
115.71 
115.97 
115.505 
115.65 
115.2 
115.37 
114.565 
114.74 
114.35 
114.62 
114.22 
114.515 
114.135 
114.455 
114.555 
114.86 
114.635 
114.93 
114.73 
115.125 
114.88 
115.31 
114.645 
115.1 
114.795 
115.38 
115.165 
115.575 
115.455 
115.97 
116.245 
116.89 
116.645 
117.255 
117.12 
117.615 
117.57 
118.1 
117.535 
118.15 
117.995 
118.505 
118.415 
119.0 
118.845 
119.365 
119.695 
120.24 
120.01 
120.56 
120.445 
120.91 
120.715 
121.105 
120.61 
121.025 
120.735 
121.15 
120.865 
121.245 
120.975 
121.29 
121.405 
121.75 
121.35 
121.65 
121.265 
121.505 
121.1 
121.29 
120.46 
120.63 
120.125 
120.355 
119.87 
120.015 
119.495 
119.595 
119.54 
119.605 
119.055 
119.165 
118.655 
118.7 
118.155 
118.21 
117.27 
117.385 
116.68 
116.82 
116.24 
116.38 
115.68 
115.805 
115.695 
115.78 
115.185 
115.385 
114.79 
114.93 
114.395 
114.54 
113.66 
113.88 
113.38 
113.56 
113.11 
113.335 
112.945 
113.225 
113.28 
113.545 
113.155 
113.475 
113.23 
113.505 
113.235 
113.555 
112.945 
113.285 
112.975 
113.395 
113.275 
113.705 
113.415 
113.92 
114.16 
114.705 
114.425 
114.995 
114.855 
115.325 
115.09 
115.675 
115.095 
115.62 
115.395 
115.95 
115.825 
116.31 
116.195 
116.645 
116.94 
117.41 
117.225 
117.71 
117.525 
118.015 
117.765 
118.15 
117.505 
117.94 
117.59 
118.05 
117.675 
118.05 
117.705 
118.07 
118.145 
118.45 
118.09 
118.33 
117.955 
118.205 
117.755 
117.99 
117.06 
117.265 
116.79 
116.92 
116.41 
116.555 
116.015 
116.14 
116.1 
116.205 
115.605 
115.71 
115.19 
115.25 
114.745 
114.795 
113.81 
113.91 
113.3 
113.355 
112.84 
112.9 
112.38 
112.47 
112.38 
112.475 
112.015 
112.08 
111.64 
111.745 
111.265 
111.445 
110.535 
110.74 
110.285 
110.555 
110.14 
110.345 
109.96 
110.335 
110.36 
110.705 
110.38 
110.73 
110.505 
110.825 
110.595 
110.975 
110.535 
110.94 
110.665 
111.195 
111.0 
111.54 
111.195 
111.75 
112.09 
112.705 
112.46 
113.105 
112.88 
113.53 
113.295 
113.93 
113.485 
