Run 0 on 20200811 on sample T20-5d, LT thermometer,  dT/T0 = 0.02
Time per point = 3.125e-05 seconds
-887.92 
-888.5 
-888.115 
-888.465 
-888.155 
-888.47 
-888.155 
-888.82 
-888.49 
-888.825 
-888.395 
-888.66 
-888.24 
-888.52 
-888.045 
-887.88 
-887.345 
-887.66 
-887.135 
-887.3 
-886.82 
-887.095 
-886.5 
-887.185 
-886.63 
-886.87 
-886.29 
-886.38 
-885.935 
-886.135 
-885.625 
-885.295 
-884.815 
-884.97 
-884.475 
-884.65 
-884.18 
-884.4 
-883.885 
-884.5 
-883.95 
-884.27 
-883.825 
-884.105 
-883.665 
-883.955 
-883.495 
-883.475 
-883.125 
-883.47 
-883.105 
-883.415 
-883.09 
-883.605 
-883.26 
-884.1 
-883.79 
-884.3 
-883.99 
-884.545 
-884.295 
-884.82 
-884.625 
-884.685 
-884.535 
-885.055 
-884.88 
-885.365 
-885.24 
-885.765 
-885.61 
-886.555 
-886.34 
-886.94 
-886.765 
-887.325 
-887.135 
-887.75 
-887.6 
-887.645 
-887.45 
-888.075 
-887.755 
-888.31 
-888.09 
-888.59 
-888.35 
-889.295 
-889.015 
-889.48 
-889.245 
-889.63 
-889.355 
-889.775 
-889.49 
-889.37 
-889.035 
-889.405 
-889.03 
-889.225 
-888.92 
-889.255 
-888.8 
-889.52 
-889.02 
-889.28 
-888.855 
-889.015 
-888.555 
-888.785 
-888.195 
-887.975 
-887.46 
-887.54 
-886.94 
-887.02 
-886.435 
-886.565 
-885.925 
-886.39 
-885.795 
-885.88 
-885.25 
-885.22 
-884.635 
-884.705 
-884.095 
-883.655 
-883.07 
-883.085 
-882.48 
-882.49 
-881.905 
-881.985 
-881.42 
-881.875 
-881.33 
-881.475 
-880.905 
-880.99 
-880.475 
-880.645 
-880.06 
-879.865 
-879.385 
-879.565 
-879.115 
-879.305 
-878.915 
-879.17 
-878.715 
-879.445 
-879.045 
-879.42 
-879.01 
-879.345 
-879.05 
-879.37 
-879.06 
-878.92 
-878.625 
-879.02 
-878.755 
-879.095 
-878.815 
-879.275 
-878.88 
-879.685 
-879.425 
-879.84 
-879.54 
-879.94 
-879.625 
-880.09 
-879.7 
-879.66 
-879.345 
-879.77 
-879.36 
-879.815 
-879.39 
-879.79 
-879.42 
-880.13 
-879.755 
-880.125 
-879.685 
-879.92 
-879.55 
-879.76 
-879.335 
-879.135 
-878.72 
-878.9 
-878.345 
-878.495 
-878.06 
-878.23 
-877.63 
-878.195 
-877.62 
-877.735 
-877.17 
-877.23 
-876.67 
-876.69 
-876.085 
-875.705 
-875.075 
-875.13 
-874.44 
-874.435 
-873.845 
-873.845 
-873.2 
-873.64 
-872.975 
-872.965 
-872.295 
-872.275 
-871.65 
-871.73 
-871.005 
-870.585 
-870.005 
-870.05 
-869.42 
-869.5 
-868.895 
-868.99 
-868.38 
-868.93 
-868.33 
-868.57 
-868.035 
-868.205 
-867.72 
-867.98 
-867.505 
-867.335 
-866.87 
-867.215 
-866.75 
-867.08 
-866.735 
-867.075 
-866.785 
-867.56 
-867.315 
-867.755 
-867.525 
-867.89 
-867.6 
-868.115 
-867.925 
-867.93 
-867.71 
-868.255 
-868.03 
-868.55 
-868.33 
-868.855 
-868.695 
-869.585 
-869.425 
-869.95 
-869.8 
-870.255 
-870.025 
-870.6 
-870.41 
-870.44 
-870.205 
-870.695 
-870.435 
-870.83 
-870.63 
-871.05 
-870.84 
-871.605 
-871.28 
-871.75 
-871.42 
-871.755 
-871.43 
-871.77 
-871.36 
-871.265 
-870.875 
-871.125 
-870.655 
-870.895 
-870.455 
-870.655 
-870.155 
-870.74 
-870.17 
-870.435 
-869.84 
-870.0 
-869.405 
-869.54 
-868.955 
-868.56 
-867.94 
-868.02 
-867.435 
-867.42 
-866.78 
-866.83 
-866.145 
-866.615 
-865.94 
-865.995 
-865.39 
-865.405 
-864.71 
-864.735 
-864.055 
-863.705 
-863.01 
-863.15 
-862.485 
-862.49 
-861.885 
-861.96 
-861.375 
-861.9 
-861.37 
-861.515 
-860.97 
-861.12 
-860.645 
-860.91 
-860.425 
-860.25 
-859.74 
-860.06 
-859.66 
-859.895 
-859.575 
-859.915 
-859.52 
-860.28 
-860.05 
-860.405 
-860.115 
-860.505 
-860.265 
-860.675 
-860.46 
-860.405 
-860.21 
-860.675 
-860.415 
-860.79 
-860.67 
-861.08 
-860.885 
-861.735 
-861.58 
-862.005 
-861.755 
-862.19 
-861.925 
-862.42 
-862.145 
-862.05 
-861.795 
-862.26 
-861.83 
-862.22 
-861.9 
-862.31 
-861.83 
-862.65 
-862.235 
-862.5 
-862.065 
-862.275 
-861.805 
-862.08 
-861.65 
-861.35 
-860.82 
-860.945 
-860.395 
-860.51 
-859.905 
-859.935 
-859.32 
-859.805 
-859.075 
-859.085 
-858.39 
-858.355 
-857.625 
-857.56 
-856.8 
-856.265 
-855.425 
-855.365 
-854.555 
-854.33 
-853.42 
-853.31 
-852.35 
-852.54 
-851.745 
-851.51 
-850.6 
-850.325 
-849.41 
-849.215 
-848.225 
-847.56 
-846.615 
-846.385 
-845.41 
-845.135 
-844.13 
-843.95 
-842.995 
-843.035 
-842.075 
-841.89 
-840.87 
-840.65 
-839.67 
-839.48 
-838.555 
-837.81 
-836.845 
-836.685 
-835.755 
-835.475 
-834.535 
-834.35 
-833.275 
-833.445 
-832.46 
-832.28 
-831.2 
-830.94 
-829.895 
-829.665 
-828.69 
-827.845 
-826.78 
-826.42 
-825.32 
-824.88 
-823.71 
-823.29 
-822.1 
-821.95 
-820.68 
-820.145 
-818.83 
-818.185 
-816.8 
-816.18 
-814.765 
-813.54 
-812.02 
-811.225 
-809.59 
-808.685 
-807.035 
-806.06 
-804.32 
-803.67 
-801.85 
-800.785 
-798.915 
-797.665 
-795.71 
-794.37 
-792.355 
-790.54 
-788.435 
-786.955 
-784.76 
-783.23 
-780.94 
-779.295 
-777.02 
-775.67 
-773.23 
-771.525 
-769.005 
-767.235 
-764.695 
-762.795 
-760.105 
-757.755 
-755.07 
-753.175 
-750.355 
-748.25 
-745.475 
-743.42 
-740.53 
-738.79 
-735.93 
-733.795 
-730.86 
-728.665 
-725.775 
-723.525 
-720.53 
-717.86 
-714.905 
-712.62 
-709.545 
-707.295 
-704.315 
-702.055 
-699.03 
-697.115 
-694.11 
-691.86 
-688.875 
-686.53 
-683.64 
-681.38 
-678.34 
-675.755 
-672.79 
-670.5 
-667.605 
-665.315 
-662.41 
-660.295 
-657.31 
-655.53 
-652.685 
-650.52 
-647.6 
-645.43 
-642.59 
-640.365 
-637.58 
-634.945 
-632.11 
-629.92 
-627.105 
-624.825 
-622.06 
-619.865 
-616.94 
-615.155 
-612.32 
-610.165 
-607.295 
-605.1 
-602.11 
-600.03 
-597.055 
-594.45 
-591.49 
-589.34 
-586.34 
-584.145 
-581.115 
-578.895 
-575.915 
-574.025 
-571.0 
-568.765 
-565.76 
-563.4 
-560.38 
-558.145 
-555.05 
-552.205 
-549.155 
-546.86 
-543.785 
-541.405 
-538.29 
-536.015 
-532.905 
-530.875 
-527.69 
-525.405 
-522.325 
-519.91 
-516.79 
-514.45 
-511.34 
-508.525 
-505.385 
-503.125 
-499.95 
-497.55 
-494.47 
-492.155 
-489.025 
-487.175 
-484.195 
-481.885 
-478.84 
-476.465 
-473.555 
-471.3 
-468.285 
-465.66 
-462.725 
-460.52 
-457.58 
-455.435 
-452.625 
-450.535 
-447.68 
-446.075 
-443.255 
-441.39 
-438.615 
-436.625 
-434.01 
-432.09 
-429.405 
-427.16 
-424.58 
-422.775 
-420.245 
-418.46 
-415.965 
-414.315 
-411.875 
-410.58 
-408.16 
-406.61 
-404.265 
-402.595 
-400.285 
-398.705 
-396.39 
-394.465 
-392.145 
-390.655 
-388.325 
-386.825 
-384.64 
-383.125 
-380.845 
-379.73 
-377.555 
-376.115 
-373.84 
-372.285 
-370.09 
-368.61 
-366.395 
-364.44 
-362.27 
-360.69 
-358.385 
-356.835 
-354.615 
-353.065 
-350.77 
-349.615 
-347.335 
-345.755 
-343.445 
-341.815 
-339.49 
-337.91 
-335.605 
-333.545 
-331.135 
-329.49 
-327.145 
-325.485 
-323.105 
-321.38 
-319.04 
-317.68 
-315.335 
-313.62 
-311.245 
-309.525 
-307.065 
-305.44 
-302.97 
-300.86 
-298.385 
-296.71 
-294.33 
-292.59 
-290.19 
-288.455 
-286.015 
-284.735 
-282.355 
-280.735 
-278.355 
-276.61 
-274.3 
-272.71 
-270.35 
-268.235 
-265.935 
-264.385 
-262.07 
-260.485 
-258.22 
-256.74 
-254.485 
-253.335 
-251.165 
-249.715 
-247.605 
-246.155 
-244.04 
-242.745 
-240.625 
-238.925 
-236.825 
-235.61 
-233.55 
-232.31 
-230.355 
-229.18 
-227.235 
-226.525 
-224.615 
-223.475 
-221.64 
-220.46 
-218.59 
-217.555 
-215.715 
-214.275 
-212.465 
-211.405 
-209.625 
-208.56 
-206.925 
-205.78 
-204.01 
-203.335 
-201.62 
-200.615 
-198.815 
-197.795 
-196.02 
-195.06 
-193.21 
-191.685 
-189.915 
-188.87 
-187.06 
-185.93 
-184.17 
-183.075 
-181.21 
-180.555 
-178.715 
-177.55 
-175.715 
-174.57 
-172.705 
-171.525 
-169.725 
-168.02 
-166.185 
-165.0 
-163.07 
-161.885 
-159.905 
-158.76 
-156.815 
-155.995 
-154.085 
-152.83 
-150.88 
-149.695 
-147.75 
-146.55 
-144.565 
-142.86 
-140.95 
-139.7 
-137.76 
-136.465 
-134.56 
-133.355 
-131.43 
-130.615 
-128.75 
-127.555 
-125.595 
-124.415 
-122.475 
-121.335 
-119.56 
-117.895 
-116.09 
-115.03 
-113.2 
-112.06 
-110.31 
-109.25 
-107.54 
-106.83 
-105.095 
-104.125 
-102.495 
-101.485 
-99.845 
-98.995 
-97.32 
-96.05 
-94.48 
-93.645 
-92.175 
-91.295 
-89.84 
-89.07 
-87.615 
-87.32 
-85.91 
-85.22 
-83.805 
-83.145 
-81.76 
-81.135 
-79.785 
-78.665 
-77.345 
-76.79 
-75.445 
-74.795 
-73.505 
-72.84 
-71.595 
-71.335 
-70.075 
-69.48 
-68.17 
-67.56 
-66.25 
-65.675 
-64.305 
-63.23 
-61.89 
-61.31 
-59.905 
-59.305 
-57.915 
-57.24 
-55.825 
-55.62 
-54.225 
-53.55 
-52.085 
-51.355 
-50.025 
-49.33 
-47.875 
-46.635 
-45.255 
-44.495 
-43.055 
-42.23 
-40.805 
-40.095 
-38.53 
-38.135 
-36.69 
-35.975 
-34.44 
-33.645 
-32.145 
-31.375 
-29.815 
-28.565 
-26.995 
-26.225 
-24.745 
-23.85 
-22.275 
-21.485 
-20.045 
-19.605 
-18.175 
-17.355 
-15.905 
-15.085 
-13.655 
-12.87 
-11.405 
-10.17 
-8.81 
-8.05 
-6.7 
-5.91 
-4.595 
-3.885 
-2.495 
-2.325 
-0.975 
-0.4 
0.925 
1.535 
2.75 
3.24 
4.5 
5.38 
6.605 
7.06 
8.21 
8.655 
9.78 
10.145 
11.22 
11.22 
12.19 
12.565 
13.62 
13.925 
14.92 
15.215 
16.23 
16.94 
17.965 
18.115 
19.115 
19.435 
20.42 
20.575 
21.565 
21.465 
22.44 
22.62 
23.63 
23.84 
24.85 
25.085 
26.1 
26.82 
27.825 
28.09 
29.175 
29.52 
30.48 
30.775 
31.845 
31.815 
32.925 
33.275 
34.375 
34.765 
35.865 
36.31 
37.44 
38.335 
39.485 
39.97 
41.08 
41.635 
42.75 
43.36 
44.5 
44.66 
45.885 
46.41 
47.63 
48.26 
49.53 
50.095 
51.355 
52.415 
53.7 
54.315 
55.62 
56.225 
57.51 
58.155 
59.49 
59.655 
60.94 
61.595 
62.895 
63.595 
64.79 
65.45 
66.745 
67.775 
69.06 
69.7 
70.94 
71.55 
72.75 
73.325 
74.575 
74.635 
75.875 
76.315 
77.54 
77.97 
79.14 
79.545 
80.66 
81.48 
82.625 
83.025 
84.015 
84.405 
85.465 
85.78 
86.685 
86.595 
87.54 
87.79 
88.735 
89.06 
89.9 
90.15 
91.055 
91.685 
92.54 
92.7 
93.63 
93.86 
94.65 
94.88 
95.77 
95.525 
96.36 
96.5 
97.41 
97.495 
98.45 
98.635 
99.465 
100.14 
100.98 
101.19 
102.16 
102.355 
103.285 
103.535 
104.46 
104.26 
105.2 
105.52 
106.445 
106.835 
107.71 
108.0 
109.05 
109.805 
110.775 
111.19 
112.18 
112.555 
113.64 
113.935 
115.06 
115.04 
116.12 
116.415 
117.655 
117.99 
119.125 
119.445 
120.645 
121.495 
122.68 
123.06 
124.245 
124.735 
125.875 
126.275 
127.5 
127.52 
128.61 
129.08 
130.195 
130.67 
131.705 
132.22 
133.315 
134.27 
135.305 
135.745 
136.855 
137.305 
138.28 
138.7 
139.785 
139.65 
140.665 
140.98 
141.93 
142.245 
143.235 
143.46 
144.355 
145.035 
145.87 
146.09 
146.935 
147.055 
147.94 
148.05 
148.88 
148.435 
149.175 
149.255 
149.96 
150.025 
150.665 
150.69 
151.375 
151.79 
152.45 
152.365 
153.025 
153.06 
153.66 
153.61 
154.305 
153.725 
154.315 
154.235 
154.89 
154.82 
155.485 
155.365 
155.965 
156.39 
157.065 
156.935 
157.67 
157.635 
158.305 
158.305 
159.0 
158.535 
159.225 
159.205 
159.905 
159.985 
160.705 
160.75 
161.435 
162.0 
162.76 
162.825 
163.62 
163.74 
164.525 
164.64 
165.455 
165.16 
165.975 
166.14 
167.015 
167.125 
168.025 
168.21 
169.085 
169.715 
170.625 
170.81 
171.705 
171.995 
172.89 
173.11 
174.045 
173.81 
174.72 
174.92 
175.9 
176.09 
177.035 
177.21 
178.145 
178.745 
179.66 
179.93 
180.795 
180.92 
181.81 
182.02 
182.805 
182.575 
183.365 
183.49 
184.305 
184.345 
185.115 
185.125 
185.82 
186.32 
187.045 
186.985 
187.675 
187.605 
188.27 
188.215 
188.725 
188.18 
188.74 
188.615 
189.17 
189.0 
189.445 
189.265 
189.785 
190.045 
190.5 
190.275 
190.735 
190.595 
190.95 
190.76 
191.225 
190.485 
190.985 
190.64 
191.125 
190.92 
191.375 
191.115 
191.55 
191.825 
192.285 
192.065 
192.515 
192.32 
192.82 
192.69 
193.245 
192.72 
193.205 
193.015 
193.575 
193.5 
194.08 
194.035 
194.635 
195.03 
195.56 
195.64 
196.25 
196.245 
196.945 
196.94 
197.62 
197.3 
197.98 
198.06 
198.83 
198.9 
199.67 
199.79 
200.585 
201.09 
201.935 
202.035 
202.93 
203.11 
203.96 
204.14 
204.945 
204.76 
205.565 
205.72 
206.615 
206.805 
207.655 
207.875 
208.765 
209.4 
210.18 
210.4 
211.26 
211.41 
212.2 
212.295 
213.17 
212.805 
213.64 
213.71 
214.38 
214.475 
215.215 
215.23 
215.89 
216.325 
216.95 
216.925 
217.565 
217.52 
218.115 
217.95 
218.535 
217.96 
218.525 
218.315 
218.77 
218.65 
219.035 
218.785 
219.28 
219.475 
219.975 
219.595 
220.08 
219.795 
220.17 
219.89 
220.325 
219.615 
220.05 
219.655 
220.075 
219.84 
220.225 
219.845 
220.32 
220.475 
220.895 
220.56 
221.05 
220.885 
221.32 
221.065 
221.51 
220.88 
221.35 
221.155 
221.635 
221.495 
222.04 
221.915 
222.475 
222.73 
223.35 
223.2 
223.79 
223.78 
224.395 
224.31 
224.985 
224.505 
225.23 
225.16 
225.825 
225.91 
226.58 
226.63 
227.37 
227.865 
228.65 
228.665 
229.445 
229.56 
230.32 
230.43 
231.235 
230.88 
231.76 
231.835 
232.68 
232.76 
233.57 
233.645 
234.45 
235.005 
235.795 
235.85 
236.645 
236.685 
237.46 
237.465 
238.265 
237.795 
238.465 
238.435 
239.145 
239.14 
239.78 
239.64 
240.27 
240.59 
241.1 
240.95 
241.48 
241.355 
241.8 
241.49 
241.98 
241.37 
241.725 
241.425 
241.79 
241.51 
241.86 
241.42 
241.805 
241.865 
242.235 
241.74 
242.105 
241.655 
241.955 
241.53 
241.83 
241.01 
241.255 
240.885 
241.12 
240.73 
241.035 
240.61 
240.95 
241.025 
241.305 
240.92 
241.265 
240.93 
241.28 
240.945 
241.3 
240.59 
240.955 
240.73 
241.08 
240.875 
241.36 
241.075 
241.615 
241.835 
242.3 
242.125 
242.71 
242.585 
243.06 
243.0 
243.62 
243.25 
243.81 
243.765 
244.45 
244.4 
245.085 
245.055 
245.73 
246.215 
246.95 
246.98 
247.715 
247.81 
248.56 
248.455 
249.37 
248.985 
249.73 
249.82 
250.59 
250.655 
251.41 
251.445 
252.245 
252.695 
253.495 
253.47 
254.24 
254.24 
254.885 
254.905 
255.6 
255.13 
255.825 
255.7 
256.295 
256.24 
256.725 
256.605 
257.15 
257.39 
257.8 
257.6 
258.05 
257.8 
258.21 
257.805 
258.235 
257.38 
257.74 
257.34 
257.64 
257.265 
257.475 
256.98 
257.25 
257.2 
257.43 
256.895 
257.095 
256.595 
256.795 
256.14 
256.41 
255.53 
255.685 
255.18 
255.34 
254.82 
255.02 
254.51 
254.7 
254.66 
254.875 
254.345 
254.62 
254.145 
254.4 
253.92 
254.255 
253.48 
253.78 
253.355 
253.73 
253.355 
253.72 
253.39 
253.83 
254.065 
254.46 
254.105 
254.67 
254.45 
254.965 
254.73 
255.31 
254.78 
255.325 
255.225 
255.88 
255.775 
256.385 
256.245 
256.94 
257.375 
258.055 
258.02 
258.745 
258.73 
259.48 
259.465 
260.23 
259.805 
260.56 
260.64 
261.335 
261.385 
262.07 
262.035 
262.83 
263.39 
264.045 
263.925 
264.665 
264.62 
265.315 
265.27 
265.915 
265.525 
266.145 
265.965 
266.55 
266.405 
266.94 
266.69 
267.205 
267.38 
267.82 
267.52 
267.93 
267.565 
268.0 
267.545 
267.945 
267.15 
267.37 
266.97 
267.18 
266.71 
266.98 
266.45 
266.645 
266.525 
266.73 
266.16 
266.365 
265.795 
265.965 
265.4 
265.515 
264.615 
264.74 
264.21 
264.355 
263.835 
263.99 
263.395 
263.625 
263.535 
263.74 
263.205 
263.43 
262.935 
263.25 
262.745 
263.065 
262.31 
262.6 
262.135 
262.55 
262.16 
262.56 
262.17 
262.61 
262.705 
263.245 
262.94 
263.49 
263.3 
263.86 
263.585 
264.21 
263.69 
264.235 
264.065 
264.74 
264.59 
265.31 
265.25 
265.975 
266.355 
267.04 
267.005 
267.755 
267.8 
268.51 
268.45 
269.315 
268.915 
269.64 
269.635 
270.42 
270.405 
271.175 
271.195 
271.96 
272.435 
273.14 
273.095 
273.795 
273.795 
274.45 
274.375 
275.06 
274.635 
275.19 
275.01 
275.57 
275.43 
275.965 
275.755 
276.21 
276.45 
276.885 
276.47 
276.94 
276.6 
276.985 
276.53 
276.84 
276.09 
276.29 
275.775 
276.015 
275.51 
275.715 
275.22 
275.4 
275.32 
275.495 
274.835 
275.015 
274.39 
274.555 
273.99 
274.115 
273.17 
273.315 
272.745 
272.84 
272.29 
272.5 
271.93 
272.09 
271.985 
272.18 
271.6 
271.825 
271.4 
271.645 
271.165 
271.44 
270.65 
270.955 
270.485 
270.8 
270.54 
270.885 
270.59 
270.955 
271.125 
271.565 
271.32 
271.77 
271.55 
272.115 
271.89 
272.465 
271.94 
272.475 
272.415 
272.985 
272.93 
273.575 
273.465 
274.16 
274.63 
275.28 
275.205 
276.03 
276.03 
276.74 
276.74 
277.51 
277.11 
277.84 
277.845 
278.54 
278.585 
279.37 
279.395 
280.06 
280.54 
281.235 
281.195 
281.885 
281.88 
282.53 
282.425 
283.09 
282.515 
283.175 
283.005 
283.555 
283.39 
283.915 
283.59 
284.055 
284.285 
284.65 
284.355 
284.73 
284.415 
284.765 
284.225 
284.625 
283.815 
284.01 
283.575 
283.81 
283.32 
283.505 
282.945 
283.13 
283.06 
283.23 
282.645 
282.835 
282.365 
282.425 
281.835 
282.03 
281.065 
281.195 
280.655 
280.88 
280.33 
280.51 
279.895 
280.155 
280.095 
280.325 
279.775 
280.055 
279.645 
279.94 
279.48 
279.83 
279.03 
279.34 
279.0 
279.345 
279.07 
279.405 
279.105 
279.645 
279.805 
280.28 
280.035 
280.63 
280.435 
280.99 
280.845 
281.4 
280.985 
281.575 
281.39 
282.08 
281.98 
282.6 
282.655 
283.275 
283.72 
284.465 
284.39 
285.135 
285.15 
285.94 
285.915 
286.63 
286.215 
286.91 
286.95 
287.615 
287.655 
288.405 
288.375 
289.03 
289.42 
290.095 
290.07 
290.695 
290.625 
291.16 
291.13 
291.66 
291.085 
291.57 
291.39 
291.92 
291.665 
292.095 
291.785 
292.205 
292.24 
292.61 
292.16 
292.48 
292.135 
292.38 
291.83 
292.08 
291.18 
291.335 
290.75 
290.945 
290.32 
290.44 
289.865 
290.025 
289.775 
289.9 
289.17 
289.265 
288.65 
288.78 
288.05 
288.17 
287.08 
287.11 
286.52 
286.615 
285.98 
286.095 
285.515 
285.57 
285.43 
285.54 
285.0 
285.15 
284.565 
284.83 
284.275 
284.505 
283.675 
283.895 
283.42 
283.735 
283.42 
283.63 
283.315 
283.655 
283.78 
284.08 
283.82 
284.235 
284.01 
284.475 
284.165 
284.725 
284.03 
284.56 
284.415 
284.91 
284.795 
285.355 
285.26 
285.76 
286.17 
286.72 
286.555 
287.19 
287.185 
287.76 
287.735 
288.35 
287.9 
288.44 
288.425 
289.015 
288.98 
289.595 
289.5 
290.06 
290.4 
290.99 
290.855 
291.44 
291.32 
291.815 
291.625 
292.155 
291.5 
292.06 
291.66 
292.15 
291.82 
292.2 
291.845 
292.175 
292.23 
292.57 
292.1 
292.415 
291.98 
292.225 
291.715 
291.885 
290.975 
291.085 
290.565 
290.72 
290.1 
290.265 
289.63 
289.745 
289.63 
289.67 
289.015 
289.16 
288.57 
288.64 
288.01 
288.16 
287.145 
287.31 
286.715 
286.785 
286.225 
286.375 
285.79 
285.995 
285.91 
286.09 
285.545 
285.79 
285.315 
285.665 
285.14 
285.465 
284.695 
285.01 
284.57 
284.915 
284.615 
284.975 
284.675 
285.14 
285.325 
285.835 
285.515 
286.035 
285.86 
286.42 
286.245 
286.815 
286.26 
286.875 
286.7 
287.35 
287.265 
287.845 
287.83 
288.43 
288.845 
289.505 
289.54 
290.095 
290.165 
290.8 
290.775 
291.505 
291.03 
291.705 
291.65 
292.38 
292.37 
293.01 
292.92 
293.51 
294.0 
294.54 
294.49 
295.065 
294.995 
295.495 
295.36 
295.89 
295.29 
295.825 
295.505 
295.94 
295.71 
296.07 
295.71 
296.085 
296.23 
296.56 
296.14 
296.435 
296.02 
296.325 
295.81 
296.035 
295.1 
295.23 
294.71 
294.885 
294.345 
294.435 
293.825 
294.02 
293.815 
293.925 
293.28 
293.415 
292.84 
292.89 
292.295 
292.395 
291.51 
291.555 
290.98 
291.095 
290.515 
290.635 
290.08 
290.195 
290.125 
290.275 
289.735 
289.93 
289.525 
289.66 
289.235 
289.475 
288.69 
288.92 
288.46 
288.785 
288.44 
288.675 
288.375 
288.74 
288.865 
289.245 
288.985 
289.37 
289.1 
289.58 
289.255 
289.835 
289.205 
289.74 
289.485 
290.0 
289.885 
290.35 
290.245 
290.805 
291.095 
291.645 
291.51 
292.135 
292.115 
292.66 
292.58 
293.235 
292.64 
293.29 
293.19 
293.73 
293.655 
294.25 
294.085 
294.66 
294.915 
295.575 
295.305 
295.94 
295.755 
296.19 
296.05 
296.53 
295.89 
296.34 
296.055 
296.46 
296.18 
296.56 
296.22 
296.57 
296.64 
296.915 
296.545 
296.78 
296.415 
296.635 
296.19 
296.37 
295.46 
295.575 
295.15 
295.27 
294.79 
294.89 
294.335 
294.485 
294.445 
294.55 
293.895 
294.03 
293.485 
293.615 
293.1 
293.27 
292.265 
292.36 
291.8 
292.045 
291.43 
291.64 
291.1 
291.33 
291.265 
291.515 
290.98 
291.335 
290.85 
291.115 
290.675 
291.01 
290.17 
290.49 
290.115 
290.45 
290.135 
290.54 
290.185 
290.62 
290.755 
291.185 
290.935 
291.385 
291.23 
291.64 
291.4 
291.95 
291.47 
291.96 
291.81 
292.315 
292.22 
292.725 
292.63 
293.28 
293.57 
294.085 
294.02 
294.61 
294.54 
295.165 
295.04 
295.675 
295.155 
295.73 
295.655 
296.24 
296.185 
296.73 
296.62 
297.135 
297.515 
298.1 
297.845 
298.385 
298.29 
298.71 
298.505 
298.985 
298.265 
298.725 
298.43 
298.805 
298.515 
298.91 
298.54 
298.92 
298.95 
299.22 
298.775 
299.0 
298.595 
298.875 
298.38 
298.515 
297.675 
297.85 
297.24 
297.41 
296.81 
296.985 
296.41 
296.475 
296.38 
296.51 
295.865 
295.94 
295.375 
295.515 
294.825 
295.03 
294.0 
294.105 
293.54 
293.64 
293.055 
293.17 
292.615 
292.78 
292.695 
292.845 
292.24 
292.47 
291.99 
292.185 
291.67 
291.95 
291.005 
291.275 
290.855 
291.1 
290.71 
291.005 
290.58 
290.955 
291.035 
291.31 
290.975 
291.38 
291.06 
291.465 
291.09 
291.58 
290.845 
291.315 
291.045 
291.49 
291.24 
291.785 
291.52 
292.085 
292.29 
292.81 
292.58 
293.07 
293.015 
293.525 
293.375 
293.885 
293.295 
293.905 
293.685 
294.165 
294.05 
294.665 
294.46 
294.965 
295.295 
295.81 
295.49 
296.115 
295.875 
296.36 
296.085 
296.575 
296.015 
296.47 
296.17 
296.575 
296.3 
296.675 
296.3 
296.665 
296.74 
297.035 
296.605 
296.95 
296.545 
296.78 
296.315 
296.57 
295.76 
295.895 
295.45 
295.65 
295.195 
295.32 
294.84 
295.025 
294.91 
295.1 
294.585 
294.75 
294.22 
294.39 
293.85 
294.125 
293.08 
293.32 
292.79 
292.925 
292.465 
292.66 
292.115 
292.415 
292.39 
292.69 
292.145 
292.45 
292.04 
292.335 
291.865 
292.22 
291.455 
291.76 
291.38 
291.755 
291.395 
291.805 
291.485 
291.855 
291.975 
292.435 
292.13 
292.585 
292.395 
292.885 
292.655 
293.19 
292.57 
293.06 
292.91 
293.445 
293.28 
293.78 
293.68 
294.355 
294.635 
295.21 
295.05 
295.705 
295.65 
296.23 
296.075 
296.81 
296.295 
296.865 
296.745 
297.4 
297.32 
297.955 
297.815 
298.38 
298.77 
299.32 
299.2 
299.795 
299.64 
300.195 
300.055 
300.59 
299.95 
300.435 
300.18 
300.59 
300.495 
300.8 
300.555 
300.965 
301.105 
301.42 
301.14 
301.48 
301.16 
301.45 
301.035 
301.3 
300.44 
300.69 
300.18 
300.505 
299.955 
300.225 
299.64 
299.89 
299.82 
299.99 
299.47 
299.655 
299.195 
299.235 
298.705 
298.975 
298.075 
298.23 
297.655 
297.815 
297.29 
297.47 
296.98 
297.165 
297.095 
297.3 
296.775 
297.01 
296.54 
296.76 
296.24 
296.565 
295.675 
295.92 
295.47 
295.76 
295.32 
295.625 
295.18 
295.58 
295.62 
295.995 
295.6 
295.93 
295.705 
296.01 
295.71 
296.085 
295.46 
295.88 
295.54 
295.98 
295.775 
296.26 
295.995 
296.46 
296.635 
297.245 
296.915 
297.48 
297.28 
297.865 
297.575 
298.145 
297.55 
298.09 
297.9 
298.445 
298.255 
298.77 
298.535 
298.98 
299.3 
299.795 
299.585 
300.08 
299.865 
300.33 
300.07 
300.505 
299.825 
300.295 
299.915 
300.34 
300.055 
300.38 
299.985 
300.265 
300.37 
300.635 
300.185 
300.505 
300.065 
300.265 
299.8 
300.025 
299.1 
299.275 
298.7 
298.91 
298.395 
298.495 
297.92 
298.05 
297.995 
298.095 
297.475 
297.545 
297.05 
297.11 
296.495 
296.655 
295.69 
295.77 
295.185 
295.31 
294.7 
294.885 
294.25 
294.44 
294.36 
294.47 
293.9 
294.125 
293.565 
293.845 
293.285 
293.485 
292.665 
292.88 
292.35 
292.655 
292.245 
292.52 
292.14 
292.465 
292.49 
292.845 
292.47 
292.805 
292.52 
292.95 
292.575 
293.045 
292.425 
292.81 
292.52 
292.995 
292.8 
293.275 
292.99 
293.565 
293.745 
294.325 
294.115 
294.675 
294.48 
295.05 
294.82 
295.505 
294.88 
295.4 
295.2 
295.815 
295.655 
296.175 
296.045 
296.615 
296.86 
297.405 
297.215 
297.75 
297.52 
298.07 
297.845 
298.365 
297.585 
298.08 
297.795 
298.185 
297.965 
298.245 
297.905 
298.265 
298.36 
298.655 
298.2 
298.555 
298.18 
298.445 
297.965 
298.16 
297.295 
297.485 
296.92 
297.16 
296.56 
296.78 
296.19 
296.365 
296.245 
296.44 
295.815 
295.975 
295.385 
295.52 
294.935 
295.08 
294.085 
294.185 
293.575 
293.755 
293.24 
293.325 
292.785 
292.965 
292.895 
293.055 
292.495 
292.69 
292.24 
292.44 
291.935 
292.155 
291.315 
291.57 
291.085 
291.4 
290.955 
291.245 
290.915 
291.2 
291.3 
291.655 
291.33 
291.68 
291.435 
291.765 
291.51 
291.935 
291.275 
291.69 
291.445 
291.975 
291.68 
292.25 
291.99 
292.51 
292.8 
293.295 
293.09 
293.695 
293.56 
294.17 
293.94 
294.605 
294.0 
294.63 
294.435 
294.995 
294.88 
295.43 
295.255 
295.895 
296.145 
296.64 
296.44 
297.065 
296.815 
297.29 
297.115 
297.58 
297.0 
297.355 
297.075 
297.51 
297.23 
297.615 
297.235 
297.605 
297.68 
297.945 
297.505 
297.845 
297.465 
297.66 
297.1 
297.41 
296.475 
296.6 
296.13 
296.315 
295.74 
295.955 
295.36 
295.445 
295.38 
295.51 
294.93 
295.01 
294.435 
294.58 
293.975 
294.095 
293.185 
293.26 
292.69 
292.78 
292.235 
292.395 
291.845 
292.02 
291.905 
292.21 
291.625 
291.85 
291.335 
291.61 
291.095 
291.33 
290.595 
290.875 
290.405 
290.715 
290.31 
290.73 
290.34 
290.73 
290.84 
291.26 
291.005 
291.435 
291.185 
291.685 
291.395 
291.89 
291.345 
291.83 
291.7 
292.225 
292.115 
292.62 
292.545 
293.11 
293.435 
294.01 
293.955 
294.585 
294.57 
295.13 
295.05 
295.735 
295.17 
295.825 
295.735 
296.395 
296.33 
296.92 
296.845 
297.49 
297.81 
298.42 
298.25 
298.83 
298.675 
299.245 
299.06 
299.565 
298.825 
299.37 
299.095 
299.505 
299.28 
299.68 
299.35 
299.7 
299.72 
300.025 
299.6 
299.92 
299.555 
299.765 
299.265 
299.46 
298.53 
298.735 
298.105 
298.29 
297.75 
297.855 
297.355 
297.475 
297.275 
297.42 
296.785 
296.88 
296.31 
296.4 
295.805 
295.895 
294.945 
294.97 
294.415 
294.51 
293.905 
294.015 
293.495 
293.61 
293.55 
293.62 
293.075 
293.305 
292.81 
293.01 
292.42 
292.71 
291.81 
292.085 
291.65 
291.89 
291.48 
291.79 
291.415 
291.755 
291.855 
292.245 
291.855 
292.26 
291.97 
292.455 
292.105 
292.645 
291.935 
292.47 
292.205 
292.695 
292.53 
293.075 
292.79 
293.405 
293.69 
294.255 
294.095 
294.695 
294.6 
295.165 
295.0 
295.6 
295.06 
295.635 
295.55 
296.055 
295.94 
296.525 
296.35 
296.9 
297.19 
297.695 
297.485 
298.05 
297.815 
298.28 
298.025 
298.505 
297.775 
298.145 
297.92 
298.215 
297.94 
298.25 
297.86 
298.08 
298.135 
298.335 
297.895 
298.065 
297.615 
297.765 
297.18 
297.39 
296.415 
296.565 
295.85 
295.975 
295.425 
295.5 
294.805 
294.9 
294.73 
294.815 
294.1 
294.18 
293.53 
293.575 
292.925 
293.0 
291.92 
292.095 
291.4 
291.545 
290.91 
291.025 
290.42 
290.575 
290.475 
290.54 
290.075 
290.26 
289.755 
289.97 
289.545 
289.81 
288.88 
289.175 
288.835 
289.06 
288.715 
289.065 
288.665 
289.045 
289.215 
289.655 
289.42 
289.845 
289.58 
290.1 
289.81 
290.395 
289.795 
290.325 
290.165 
290.73 
290.645 
291.2 
291.1 
291.72 
292.055 
292.64 
292.56 
293.19 
293.15 
293.775 
293.695 
294.375 
293.85 
