Run 0 on 20200811 on sample T20-5d, LT thermometer,  dT/T0 = 0.02
Time per point = 3.125e-05 seconds
1661.275 
1660.89 
1661.335 
1661.005 
1661.38 
1661.01 
1661.4 
1660.665 
1661.03 
1660.755 
1661.07 
1660.81 
1661.145 
1660.78 
1661.225 
1661.33 
1661.595 
1661.315 
1661.67 
1661.305 
1661.69 
1661.25 
1661.67 
1660.965 
1661.3 
1660.9 
1661.24 
1660.935 
1661.165 
1660.855 
1661.245 
1661.315 
1661.665 
1661.235 
1661.615 
1661.335 
1661.62 
1661.27 
1661.68 
1660.995 
1661.305 
1660.975 
1661.38 
1660.945 
1661.33 
1661.01 
1661.23 
1661.445 
1661.83 
1661.435 
1661.79 
1661.455 
1661.81 
1661.42 
1661.905 
1661.165 
1661.465 
1661.155 
1661.495 
1661.195 
1661.52 
1661.13 
1661.48 
1661.655 
1661.95 
1661.63 
1662.01 
1661.59 
1661.96 
1661.63 
1661.965 
1661.295 
1661.625 
1661.265 
1661.58 
1661.32 
1661.57 
1661.2 
1661.665 
1661.675 
1662.04 
1661.67 
1662.02 
1661.73 
1662.075 
1661.655 
1662.035 
1661.265 
1661.625 
1661.21 
1661.62 
1661.285 
1661.655 
1661.235 
1661.595 
1661.715 
1662.045 
1661.635 
1662.075 
1661.73 
1661.985 
1661.65 
1662.04 
1661.33 
1661.645 
1661.27 
1661.575 
1661.215 
1661.555 
1661.19 
1661.565 
1661.61 
1661.905 
1661.505 
1661.845 
1661.435 
1661.77 
1661.35 
1661.655 
1660.98 
1661.315 
1660.835 
1661.16 
1660.705 
1661.045 
1660.625 
1661.015 
1661.005 
1661.33 
1660.875 
1661.19 
1660.805 
1661.16 
1660.705 
1661.035 
1660.36 
1660.57 
1660.22 
1660.57 
1660.14 
1660.455 
1660.055 
1660.39 
1660.5 
1660.76 
1660.36 
1660.725 
1660.37 
1660.59 
1660.26 
1660.645 
1659.755 
1660.17 
1659.74 
1660.035 
1659.66 
1660.0 
1659.59 
1659.98 
1660.03 
1660.285 
1659.9 
1660.27 
1659.905 
1660.235 
1659.79 
1660.12 
1659.435 
1659.685 
1659.29 
1659.615 
1659.34 
1659.585 
1659.235 
1659.535 
1659.555 
1659.93 
1659.55 
1659.85 
1659.535 
1659.875 
1659.38 
1659.8 
1659.025 
1659.275 
1658.95 
1659.285 
1658.885 
1659.28 
1658.89 
1659.185 
1659.26 
1659.69 
1659.135 
1659.605 
1659.26 
1659.6 
1659.22 
1659.505 
1658.82 
1659.195 
1658.805 
1659.13 
1658.805 
1659.125 
1658.705 
1659.075 
1659.13 
1659.45 
1659.075 
1659.42 
1659.06 
1659.385 
1658.985 
1659.32 
1658.53 
1658.875 
1658.445 
1658.77 
1658.395 
1658.715 
1658.325 
1658.625 
1658.66 
1659.11 
1658.68 
1658.95 
1658.655 
1658.925 
1658.555 
1658.93 
1658.195 
1658.445 
1658.07 
1658.45 
1658.085 
1658.405 
1658.06 
1658.37 
1658.485 
1658.85 
1658.42 
1658.835 
1658.455 
1658.785 
1658.46 
1658.805 
1658.05 
1658.42 
1658.0 
1658.345 
1658.0 
1658.415 
1657.96 
1658.385 
1658.435 
1658.785 
1658.43 
1658.745 
1658.43 
1658.79 
1658.41 
1658.655 
1658.005 
1658.405 
1657.97 
1658.38 
1658.045 
1658.38 
1658.01 
1658.38 
1658.435 
1658.795 
1658.45 
1658.805 
1658.545 
1658.835 
1658.38 
1658.895 
1658.095 
1658.48 
1658.11 
1658.51 
1658.2 
1658.59 
1658.22 
1658.54 
1658.715 
1659.06 
1658.705 
1659.17 
1658.805 
1659.1 
1658.82 
1659.22 
1658.575 
1658.945 
1658.61 
1658.94 
1658.68 
1659.025 
1658.64 
1659.07 
1659.175 
1659.48 
1659.18 
1659.6 
1659.195 
1659.61 
1659.21 
1659.54 
1658.89 
1659.225 
1658.85 
1659.235 
1658.94 
1659.21 
1658.895 
1659.27 
1659.35 
1659.665 
1659.345 
1659.705 
1659.38 
1659.7 
1659.35 
1659.75 
1659.105 
1659.39 
1659.095 
1659.485 
1659.165 
1659.525 
1659.14 
1659.445 
1659.58 
1659.975 
1659.65 
1660.065 
1659.725 
1660.06 
1659.71 
1660.145 
1659.405 
1659.82 
1659.425 
1659.78 
1659.43 
1659.845 
1659.46 
1659.78 
1659.94 
1660.27 
1659.95 
1660.305 
1659.94 
1660.3 
1660.02 
1660.315 
1659.67 
1659.995 
1659.57 
1659.945 
1659.685 
1659.985 
1659.59 
1660.0 
1660.07 
1660.445 
1660.025 
1660.39 
1660.055 
1660.455 
1660.055 
1660.455 
1659.695 
1660.0 
1659.645 
1660.06 
1659.675 
1660.095 
1659.695 
1660.01 
1660.155 
1660.545 
1660.145 
1660.53 
1660.18 
1660.415 
1660.145 
1660.5 
1659.79 
1660.17 
1659.77 
1660.04 
1659.755 
1660.07 
1659.62 
1659.97 
1660.08 
1660.295 
1659.945 
1660.295 
1659.915 
1660.225 
1659.81 
1660.09 
1659.335 
1659.615 
1659.145 
1659.48 
1659.095 
1659.345 
1658.88 
1659.205 
1659.22 
1659.52 
1659.045 
1659.33 
1658.89 
1659.195 
1658.66 
1659.02 
1658.255 
1658.445 
1658.07 
1658.32 
1657.895 
1658.16 
1657.7 
1657.835 
1657.985 
1658.165 
1657.68 
1657.945 
1657.55 
1657.71 
1657.17 
1657.445 
1656.57 
1656.715 
1656.28 
1656.435 
1655.98 
1656.18 
1655.67 
1655.845 
1655.79 
1655.905 
1655.42 
1655.605 
1655.105 
1655.195 
1654.65 
1654.81 
1653.91 
1654.015 
1653.49 
1653.635 
1653.135 
1653.145 
1652.695 
1652.73 
1652.61 
1652.77 
1652.115 
1652.29 
1651.645 
1651.85 
1651.175 
1651.22 
1650.295 
1650.28 
1649.71 
1649.78 
1649.235 
1649.305 
1648.605 
1648.71 
1648.515 
1648.585 
1647.96 
1648.04 
1647.31 
1647.345 
1646.73 
1646.745 
1645.69 
1645.705 
1644.99 
1645.005 
1644.395 
1644.385 
1643.62 
1643.635 
1643.375 
1643.27 
1642.65 
1642.6 
1641.855 
1641.84 
1641.055 
1641.065 
1639.82 
1639.795 
1639.12 
1639.01 
1638.26 
1638.13 
1637.39 
1637.29 
1636.975 
1636.845 
1636.09 
1635.955 
1635.255 
1635.115 
1634.345 
1634.305 
1633.05 
1632.915 
1632.085 
1632.025 
1631.195 
1631.05 
1630.245 
1630.075 
1629.805 
1629.67 
1628.775 
1628.665 
1627.89 
1627.73 
1626.895 
1626.795 
1625.515 
1625.405 
1624.48 
1624.36 
1623.55 
1623.41 
1622.525 
1622.43 
1622.005 
1621.79 
1620.95 
1620.815 
1619.965 
1619.81 
1618.935 
1618.655 
1617.52 
1617.285 
1616.44 
1616.23 
1615.435 
1615.205 
1614.39 
1614.155 
1613.74 
1613.545 
1612.7 
1612.535 
1611.695 
1611.49 
1610.6 
1610.485 
1609.135 
1608.955 
1608.14 
1607.975 
1607.16 
1606.925 
1606.115 
1605.905 
1605.475 
1605.29 
1604.505 
1604.31 
1603.5 
1603.255 
1602.445 
1602.29 
1600.905 
1600.795 
1599.865 
1599.67 
1598.785 
1598.65 
1597.805 
1597.665 
1597.255 
1597.01 
1596.135 
1595.965 
1595.195 
1595.015 
1594.045 
1593.89 
1592.655 
1592.49 
1591.59 
1591.455 
1590.59 
1590.34 
1589.52 
1589.385 
1588.935 
1588.77 
1587.915 
1587.73 
1586.96 
1586.795 
1585.935 
1585.8 
1584.575 
1584.33 
1583.54 
1583.455 
1582.65 
1582.425 
1581.675 
1581.43 
1581.105 
1580.92 
1580.14 
1579.985 
1579.29 
1579.075 
1578.37 
1578.17 
1576.885 
1576.69 
1575.985 
1575.815 
1575.01 
1574.865 
1574.075 
1573.95 
1573.605 
1573.4 
1572.605 
1572.495 
1571.725 
1571.6 
1570.785 
1570.575 
1569.29 
1569.21 
1568.37 
1568.265 
1567.51 
1567.275 
1566.455 
1566.415 
1565.945 
1565.885 
1565.02 
1564.92 
1564.09 
1564.065 
1563.165 
1563.155 
1561.93 
1561.78 
1561.0 
1560.9 
1560.105 
1560.04 
1559.175 
1559.085 
1558.735 
1558.725 
1557.87 
1557.84 
1557.02 
1556.895 
1556.1 
1556.025 
1554.915 
1554.805 
1554.05 
1553.91 
1553.15 
1553.065 
1552.295 
1552.145 
1551.9 
1551.675 
1550.97 
1550.935 
1550.09 
1549.97 
1549.125 
1549.125 
1547.935 
1547.855 
1547.04 
1546.965 
1546.195 
1546.01 
1545.21 
1545.16 
1544.85 
1544.725 
1543.935 
1543.87 
1543.145 
1543.06 
1542.23 
1542.27 
1541.085 
1540.955 
1540.195 
1540.145 
1539.41 
1539.29 
1538.54 
1538.495 
1538.17 
1538.115 
1537.31 
1537.33 
1536.59 
1536.44 
1535.69 
1535.705 
1534.57 
1534.515 
1533.695 
1533.56 
1532.905 
1532.875 
1532.045 
1532.005 
1531.73 
1531.585 
1530.79 
1530.75 
1530.025 
1529.94 
1529.22 
1529.13 
1527.99 
1527.99 
1527.185 
1527.075 
1526.305 
1526.18 
1525.48 
1525.43 
1525.075 
1525.04 
1524.295 
1524.245 
1523.53 
1523.45 
1522.65 
1522.665 
1521.525 
1521.405 
1520.625 
1520.63 
1519.815 
1519.87 
1519.0 
1518.965 
1518.735 
1518.705 
1517.955 
1517.975 
1517.17 
1517.16 
1516.38 
1516.38 
1515.34 
1515.32 
1514.585 
1514.505 
1513.72 
1513.745 
1512.945 
1513.035 
1512.745 
1512.645 
1511.935 
1511.9 
1511.19 
1511.15 
1510.345 
1510.46 
1509.29 
1509.315 
1508.465 
1508.49 
1507.79 
1507.715 
1506.995 
1507.005 
1506.725 
1506.72 
1505.94 
1506.025 
1505.285 
1505.3 
1504.5 
1504.54 
1503.615 
1503.455 
1502.86 
1502.78 
1502.15 
1502.09 
1501.43 
1501.405 
1501.205 
1501.15 
1500.42 
1500.455 
1499.84 
1499.81 
1499.085 
1499.125 
1498.02 
1498.05 
1497.385 
1497.31 
1496.695 
1496.665 
1495.875 
1495.905 
1495.685 
1495.6 
1494.92 
1495.015 
1494.245 
1494.275 
1493.52 
1493.515 
1492.465 
1492.435 
1491.71 
1491.735 
1491.02 
1490.96 
1490.28 
1490.355 
1490.05 
1490.04 
1489.33 
1489.33 
1488.665 
1488.71 
1488.0 
1488.025 
1486.86 
1486.915 
1486.19 
1486.28 
1485.55 
1485.57 
1484.94 
1484.905 
1484.7 
1484.705 
1484.105 
1484.07 
1483.48 
1483.41 
1482.785 
1482.88 
1481.785 
1481.79 
1481.23 
1481.145 
1480.555 
1480.6 
1479.94 
1479.95 
1479.79 
1479.725 
1479.09 
1479.175 
1478.54 
1478.55 
1477.885 
1477.9 
1476.91 
1476.94 
1476.295 
1476.31 
1475.78 
1475.7 
1475.07 
1475.17 
1474.965 
1474.985 
1474.43 
1474.47 
1473.835 
1473.945 
1473.26 
1473.375 
1472.24 
1472.27 
1471.715 
1471.775 
1471.185 
1471.25 
1470.695 
1470.725 
1470.54 
1470.555 
1469.935 
1470.11 
1469.555 
1469.52 
1469.015 
1469.105 
1468.04 
1468.155 
1467.535 
1467.605 
1467.045 
1467.095 
1466.49 
1466.615 
1466.45 
1466.425 
1465.815 
1465.985 
1465.345 
1465.48 
1464.81 
1464.88 
1463.895 
1464.04 
1463.395 
1463.47 
1462.845 
1462.85 
1462.29 
1462.37 
1462.205 
1462.345 
1461.715 
1461.73 
1461.165 
1461.32 
1460.695 
1460.85 
1459.82 
1459.905 
1459.335 
1459.44 
1458.865 
1459.01 
1458.33 
1458.445 
1458.295 
1458.465 
1457.925 
1457.995 
1457.475 
1457.54 
1457.01 
1457.145 
1456.19 
1456.26 
1455.72 
1455.725 
1455.235 
1455.34 
1454.7 
1454.885 
1454.75 
1454.83 
1454.24 
1454.37 
1453.88 
1453.89 
1453.305 
1453.575 
1452.46 
1452.65 
1452.02 
1452.13 
1451.62 
1451.665 
1451.055 
1451.26 
1451.085 
1451.25 
1450.665 
1450.775 
1450.295 
1450.36 
1449.83 
1449.955 
1449.005 
1449.06 
1448.485 
1448.61 
1448.05 
1448.18 
1447.71 
1447.765 
1447.7 
1447.83 
1447.16 
1447.455 
1446.9 
1446.955 
1446.43 
1446.565 
1445.53 
1445.625 
1445.135 
1445.235 
1444.68 
1444.805 
1444.24 
1444.35 
1444.265 
1444.315 
1443.87 
1443.955 
1443.455 
1443.485 
1443.005 
1443.06 
1442.045 
1442.145 
1441.64 
1441.695 
1441.075 
1441.2 
1440.635 
1440.8 
1440.665 
1440.805 
1440.25 
1440.305 
1439.775 
1439.975 
1439.335 
1439.535 
1438.53 
1438.64 
1438.01 
1438.225 
1437.715 
1437.795 
1437.3 
1437.365 
1437.305 
1437.435 
1436.865 
1437.07 
1436.57 
1436.66 
1436.065 
1436.24 
1435.32 
1435.46 
1434.905 
1435.04 
1434.55 
1434.67 
1434.125 
1434.27 
1434.125 
1434.23 
1433.715 
1433.885 
1433.385 
1433.48 
1432.97 
1433.08 
1432.13 
1432.235 
1431.665 
1431.81 
1431.3 
1431.355 
1430.935 
1431.025 
1430.93 
1431.02 
1430.56 
1430.59 
1430.2 
1430.305 
1429.82 
1429.95 
1428.925 
1429.035 
1428.475 
1428.715 
1428.18 
1428.305 
1427.805 
1427.9 
1427.815 
1428.0 
1427.395 
1427.59 
1427.115 
1427.2 
1426.735 
1426.825 
1425.91 
1426.05 
1425.48 
1425.61 
1425.175 
1425.245 
1424.675 
1424.86 
1424.765 
1424.86 
1424.29 
1424.5 
1423.95 
1424.085 
1423.515 
1423.68 
1422.715 
1422.855 
1422.325 
1422.455 
1421.945 
1422.005 
1421.545 
1421.68 
1421.54 
1421.68 
1421.17 
1421.3 
1420.86 
1420.92 
1420.475 
1420.68 
1419.685 
1419.695 
1419.37 
1419.455 
1419.0 
1419.115 
1418.64 
1418.77 
1418.695 
1418.865 
1418.405 
1418.55 
1418.075 
1418.25 
1417.78 
1417.895 
1416.945 
1417.085 
1416.6 
1416.715 
1416.23 
1416.46 
1415.88 
1416.165 
1416.105 
1416.16 
1415.61 
1415.865 
1415.4 
1415.585 
1414.995 
1415.16 
1414.285 
1414.49 
1413.925 
1414.085 
1413.645 
1413.755 
1413.265 
1413.46 
1413.41 
1413.565 
1413.02 
1413.215 
1412.78 
1412.975 
1412.51 
1412.72 
1411.85 
1412.005 
1411.44 
1411.7 
1411.225 
1411.4 
1410.895 
1411.12 
1411.075 
1411.2 
1410.795 
1410.99 
1410.56 
1410.715 
1410.31 
1410.465 
1409.56 
1409.74 
1409.275 
1409.43 
1409.03 
1409.19 
1408.67 
1408.905 
1408.835 
1409.04 
1408.61 
1408.79 
1408.355 
1408.52 
1408.015 
1408.16 
1407.34 
1407.565 
1407.0 
1407.245 
1406.745 
1406.93 
1406.45 
1406.675 
1406.605 
1406.84 
1406.345 
1406.555 
1406.115 
1406.35 
1405.86 
1406.11 
1405.24 
1405.39 
1404.94 
1405.165 
1404.715 
1405.02 
1404.54 
1404.705 
1404.71 
1404.985 
1404.51 
1404.82 
1404.34 
1404.505 
1404.12 
1404.36 
1403.465 
1403.765 
1403.225 
1403.405 
1403.05 
1403.24 
1402.835 
1403.065 
1403.065 
1403.265 
1402.825 
1403.04 
1402.6 
1402.905 
1402.415 
1402.625 
1401.775 
1402.04 
1401.5 
1401.795 
1401.365 
1401.535 
1401.1 
1401.365 
1401.43 
1401.615 
1401.23 
1401.33 
1401.04 
1401.275 
1400.84 
1401.09 
1400.23 
1400.45 
1400.01 
1400.39 
1399.875 
1400.135 
1399.715 
1399.9 
1399.95 
1400.27 
1399.735 
1399.995 
1399.645 
1399.825 
1399.405 
1399.655 
1398.755 
1399.03 
1398.595 
1398.805 
1398.44 
1398.645 
1398.22 
1398.47 
1398.435 
1398.67 
1398.24 
1398.49 
1398.005 
1398.275 
1397.885 
1398.105 
1397.195 
1397.485 
1396.96 
1397.255 
1396.775 
1396.935 
1396.53 
1396.765 
1396.8 
1397.085 
1396.54 
1396.75 
1396.38 
1396.675 
1396.16 
1396.45 
1395.585 
1395.72 
1395.33 
1395.59 
1395.17 
1395.425 
1394.98 
1395.22 
1395.31 
1395.55 
1395.07 
1395.3 
1394.91 
1395.155 
1394.76 
1395.035 
1394.165 
1394.43 
1394.025 
1394.18 
1393.795 
1394.105 
1393.66 
1393.88 
1393.915 
1394.08 
1393.615 
1393.915 
1393.55 
1393.795 
1393.35 
1393.63 
1392.755 
1392.965 
1392.495 
1392.77 
1392.345 
1392.53 
1392.13 
1392.365 
1392.47 
1392.655 
1392.26 
1392.435 
1392.15 
1392.325 
1391.91 
1392.195 
1391.365 
1391.515 
1391.095 
1391.355 
1390.93 
1391.23 
1390.795 
1390.935 
1391.05 
1391.36 
1390.895 
1391.165 
1390.8 
1390.99 
1390.595 
1390.9 
1389.975 
1390.2 
1389.805 
1389.995 
1389.63 
1389.84 
1389.44 
1389.685 
1389.67 
1389.81 
1389.535 
1389.715 
1389.365 
1389.505 
1389.16 
1389.35 
1388.46 
1388.76 
1388.25 
1388.53 
1388.105 
1388.26 
1387.845 
1388.08 
1388.085 
1388.28 
1387.86 
1388.075 
1387.725 
1387.915 
1387.5 
1387.77 
1386.89 
1387.02 
1386.69 
1386.91 
1386.535 
1386.71 
1386.36 
1386.535 
1386.61 
1386.805 
1386.39 
1386.625 
1386.275 
1386.46 
1386.04 
1386.29 
1385.52 
1385.81 
1385.295 
1385.54 
1385.13 
1385.365 
1384.86 
1385.14 
1385.19 
1385.4 
1384.93 
1385.205 
1384.81 
1385.015 
1384.61 
1384.88 
1383.89 
1384.19 
1383.665 
1383.995 
1383.535 
1383.75 
1383.38 
1383.615 
1383.565 
1383.835 
1383.455 
1383.665 
1383.305 
1383.53 
1383.165 
1383.415 
1382.465 
1382.645 
1382.3 
1382.535 
1382.09 
1382.355 
1382.005 
1382.2 
1382.245 
1382.445 
1382.065 
1382.335 
1381.98 
1382.18 
1381.755 
1382.055 
1381.14 
1381.375 
1381.015 
1381.215 
1380.895 
1381.1 
1380.58 
1380.865 
1380.885 
1381.085 
1380.685 
1381.035 
1380.55 
1380.78 
1380.3 
1380.545 
1379.695 
1380.03 
1379.57 
1379.795 
1379.385 
1379.545 
1379.14 
1379.43 
1379.365 
1379.725 
1379.25 
1379.52 
1379.1 
1379.405 
1378.955 
1379.26 
1378.365 
1378.61 
1378.22 
1378.465 
1378.08 
1378.395 
1378.005 
1378.28 
1378.26 
1378.505 
1378.135 
1378.45 
1378.07 
1378.31 
1377.89 
1378.14 
1377.305 
1377.57 
1377.19 
1377.385 
1377.065 
1377.315 
1376.885 
1377.155 
1377.175 
1377.415 
1377.035 
1377.285 
1376.92 
1377.195 
1376.72 
1376.95 
1376.175 
1376.445 
1376.035 
1376.31 
1375.885 
1376.11 
1375.705 
1376.03 
1376.055 
1376.285 
1375.875 
1376.15 
1375.73 
1376.075 
1375.535 
1375.895 
1375.13 
1375.38 
1374.965 
1375.25 
1374.84 
1375.16 
1374.765 
1374.98 
1375.03 
1375.365 
1374.995 
1375.3 
1374.975 
1375.15 
1374.815 
1375.11 
1374.205 
1374.475 
1374.14 
1374.365 
1374.05 
1374.285 
1373.95 
1374.235 
1374.265 
1374.48 
1374.125 
1374.45 
1374.1 
1374.34 
1373.835 
1374.15 
1373.375 
1373.66 
1373.255 
1373.505 
1373.145 
1373.335 
1373.015 
1373.28 
1373.325 
1373.715 
1373.245 
1373.54 
1373.19 
1373.505 
1373.055 
1373.405 
1372.62 
1372.865 
1372.53 
1372.78 
1372.385 
1372.755 
1372.375 
1372.615 
1372.77 
1373.085 
1372.625 
1373.0 
1372.655 
1372.905 
1372.535 
1372.865 
1372.07 
1372.375 
1372.0 
1372.315 
1371.98 
1372.28 
1371.88 
1372.24 
1372.26 
1372.57 
1372.17 
1372.535 
1372.205 
1372.455 
1372.055 
1372.375 
1371.52 
1371.835 
1371.465 
1371.775 
1371.445 
1371.705 
1371.325 
1371.625 
1371.735 
1372.045 
1371.6 
1371.905 
1371.54 
1371.83 
1371.355 
1371.835 
1371.06 
1371.29 
1370.98 
1371.265 
1370.875 
1371.245 
1370.78 
1371.06 
1371.26 
1371.515 
1371.08 
1371.46 
1371.12 
1371.405 
1371.02 
1371.31 
1370.51 
1370.85 
1370.505 
1370.775 
1370.42 
1370.73 
1370.275 
1370.665 
1370.7 
1370.975 
1370.56 
1370.9 
1370.535 
1370.845 
1370.365 
1370.71 
1370.085 
1370.325 
1369.96 
1370.23 
1369.93 
1370.12 
1369.725 
1370.0 
1370.095 
1370.42 
1369.98 
1370.3 
1369.85 
1370.285 
1369.715 
1370.175 
1369.445 
1369.685 
1369.22 
1369.625 
1369.17 
1369.545 
1369.025 
1369.365 
1369.42 
1369.835 
1369.335 
1369.72 
1369.315 
1369.57 
1369.135 
1369.49 
1368.82 
1369.09 
1368.68 
1368.91 
1368.615 
1368.925 
1368.425 
1368.77 
1368.81 
1369.12 
1368.615 
1369.04 
1368.64 
1368.945 
1368.515 
1368.78 
1367.995 
1368.26 
1367.805 
1368.165 
1367.79 
1368.04 
1367.54 
1367.91 
1367.93 
1368.295 
1367.81 
1368.125 
1367.775 
1368.115 
1367.55 
1367.98 
1367.295 
1367.49 
1367.085 
1367.385 
1366.99 
1367.265 
1366.825 
1367.14 
1367.22 
1367.58 
1367.025 
1367.4 
1366.95 
1367.27 
1366.82 
1367.17 
1366.44 
1366.76 
1366.235 
1366.515 
1366.07 
1366.37 
1365.915 
1366.23 
1366.25 
1366.61 
1366.145 
1366.43 
1366.03 
1366.315 
1365.805 
1366.095 
1365.395 
1365.685 
1365.215 
1365.505 
1365.165 
1365.395 
1364.89 
1365.255 
1365.255 
1365.57 
1365.11 
1365.405 
1364.985 
1365.295 
1364.875 
1365.2 
1364.38 
1364.645 
1364.185 
1364.495 
1364.075 
1364.405 
1364.015 
1364.2 
1364.345 
1364.62 
1364.15 
1364.47 
1364.085 
1364.325 
1363.995 
1364.28 
1363.62 
1363.84 
1363.485 
1363.7 
1363.285 
1363.65 
1363.155 
1363.44 
1363.475 
1363.805 
1363.235 
1363.665 
1363.2 
1363.555 
1363.01 
1363.38 
1362.625 
1362.97 
1362.435 
1362.72 
1362.42 
1362.61 
1362.24 
1362.545 
1362.57 
1362.96 
1362.46 
1362.75 
1362.395 
1362.74 
1362.34 
1362.645 
1361.925 
1362.28 
1361.835 
1362.18 
1361.785 
1362.115 
1361.76 
1362.025 
1362.095 
1362.5 
1362.055 
1362.415 
1362.015 
1362.365 
1361.975 
1362.335 
1361.54 
1361.915 
1361.485 
1361.79 
1361.44 
1361.775 
1361.325 
1361.7 
1361.77 
1362.035 
1361.73 
1362.05 
1361.645 
1362.0 
1361.665 
1361.88 
1361.195 
1361.535 
1361.0 
1361.42 
1361.02 
1361.34 
1360.935 
1361.275 
1361.355 
1361.69 
1361.28 
1361.66 
1361.28 
1361.605 
1361.24 
1361.61 
1360.865 
1361.205 
1360.815 
1361.145 
1360.76 
1361.12 
1360.79 
1361.05 
1361.215 
1361.535 
1361.16 
1361.53 
1361.2 
1361.51 
1361.155 
1361.52 
1360.79 
1361.185 
1360.735 
1361.05 
1360.74 
1361.13 
1360.715 
1361.1 
1361.09 
1361.48 
1361.03 
1361.45 
1361.105 
1361.41 
1361.06 
1361.36 
1360.615 
1361.01 
1360.625 
1360.94 
1360.65 
1360.9 
1360.575 
1360.965 
1361.0 
1361.345 
1360.985 
1361.29 
1361.01 
1361.39 
1361.01 
1361.34 
1360.75 
1361.01 
1360.84 
1361.065 
1360.81 
1361.18 
1360.76 
1361.08 
1361.25 
1361.565 
1361.155 
1361.58 
1361.235 
1361.55 
1361.09 
1361.52 
1360.81 
1361.09 
1360.76 
1361.025 
1360.705 
1361.075 
1360.58 
1360.98 
1361.11 
1361.395 
1360.925 
1361.39 
1360.96 
1361.3 
1360.85 
1361.135 
1360.545 
1360.85 
1360.42 
1360.76 
1360.425 
1360.735 
1360.285 
1360.68 
1360.72 
1361.09 
1360.625 
1360.965 
1360.615 
1361.02 
1360.455 
1360.94 
1360.15 
1360.465 
1360.08 
1360.465 
1360.06 
1360.445 
1360.045 
1360.355 
1360.475 
1360.81 
1360.37 
1360.795 
1360.43 
1360.66 
1360.29 
1360.725 
1360.04 
1360.295 
1359.945 
1360.23 
1359.92 
1360.26 
1359.815 
1360.165 
1360.255 
1360.575 
1360.125 
1360.51 
1360.12 
1360.445 
1360.005 
1360.36 
1359.655 
1360.025 
1359.555 
1359.92 
1359.52 
1359.84 
1359.47 
1359.83 
1359.93 
1360.28 
1359.835 
1360.145 
1359.845 
1360.14 
1359.765 
1360.175 
1359.475 
1359.79 
1359.43 
1359.775 
1359.4 
1359.73 
1359.38 
1359.65 
1359.755 
1360.14 
1359.66 
1360.07 
1359.78 
1360.05 
1359.67 
1360.065 
1359.18 
1359.63 
1359.135 
1359.44 
1359.135 
1359.47 
1359.005 
1359.395 
1359.47 
1359.755 
1359.335 
1359.7 
1359.32 
1359.61 
1359.205 
1359.515 
1358.925 
1359.205 
1358.78 
1359.14 
1358.795 
1359.09 
1358.56 
1358.945 
1358.975 
1359.34 
1358.835 
1359.21 
1358.795 
1359.145 
1358.73 
1359.125 
1358.375 
1358.68 
1358.235 
1358.575 
1358.165 
1358.535 
1358.065 
1358.395 
1358.52 
1358.89 
1358.375 
1358.805 
1358.445 
1358.705 
1358.31 
1358.705 
1358.005 
1358.325 
1357.89 
1358.175 
1357.86 
1358.215 
1357.735 
1358.055 
1358.175 
1358.47 
1358.07 
1358.375 
1358.045 
1358.405 
1357.975 
1358.27 
1357.545 
1357.885 
1357.395 
1357.745 
1357.41 
1357.685 
1357.335 
1357.635 
1357.74 
1358.135 
1357.7 
1357.98 
1357.665 
1357.99 
1357.625 
1357.975 
1357.295 
1357.635 
1357.17 
1357.55 
1357.14 
1357.52 
1357.075 
1357.33 
1357.485 
1357.89 
1357.43 
1357.865 
1357.43 
1357.665 
1357.335 
1357.69 
1356.855 
1357.255 
1356.73 
1357.07 
1356.765 
1357.095 
1356.61 
1356.97 
1357.03 
1357.31 
1356.945 
1357.24 
1356.905 
1357.22 
1356.8 
1356.99 
1356.325 
1356.725 
1356.23 
1356.57 
1356.16 
1356.475 
1356.015 
1356.42 
1356.455 
1356.77 
1356.38 
1356.61 
1356.4 
1356.645 
1356.2 
1356.56 
1355.79 
1356.09 
1355.63 
1356.06 
1355.66 
1355.97 
1355.575 
1355.85 
1355.95 
1356.27 
1355.89 
1356.205 
1355.935 
1356.17 
1355.805 
1356.15 
1355.565 
1355.83 
1355.495 
1355.745 
1355.345 
1355.755 
1355.295 
1355.67 
1355.73 
1356.045 
1355.575 
1355.96 
1355.57 
1355.97 
1355.52 
1355.855 
1355.125 
1355.485 
1355.025 
1355.415 
1355.005 
1355.285 
1354.93 
1355.34 
1355.35 
1355.74 
1355.29 
1355.695 
1355.305 
1355.74 
1355.315 
1355.74 
1355.045 
1355.295 
1354.985 
1355.355 
1354.995 
1355.415 
1354.995 
1355.31 
1355.43 
1355.805 
1355.425 
1355.78 
1355.475 
1355.755 
1355.46 
1355.815 
1355.085 
1355.465 
1355.055 
1355.34 
1355.075 
1355.35 
1355.02 
1355.435 
1355.495 
1355.78 
1355.44 
1355.845 
1355.43 
1355.835 
1355.455 
1355.745 
1355.13 
1355.46 
1355.005 
1355.37 
1355.06 
1355.41 
1354.95 
1355.32 
1355.415 
1355.815 
1355.415 
1355.715 
1355.415 
1355.81 
1355.395 
1355.81 
1355.025 
1355.395 
1355.015 
1355.385 
1355.055 
1355.45 
1354.975 
1355.375 
1355.46 
1355.89 
1355.46 
1355.885 
1355.585 
1355.875 
1355.525 
1355.985 
1355.28 
1355.625 
1355.255 
1355.58 
1355.27 
1355.635 
1355.21 
1355.61 
1355.695 
1356.035 
1355.675 
1356.04 
1355.76 
1356.005 
1355.72 
1356.015 
1355.295 
1355.68 
1355.315 
1355.64 
1355.34 
1355.62 
1355.335 
1355.745 
1355.765 
1356.195 
1355.815 
1356.145 
1355.84 
1356.205 
1355.885 
1356.265 
1355.65 
1355.975 
1355.605 
1356.005 
1355.64 
1355.94 
1355.625 
1355.875 
1356.125 
1356.525 
1356.04 
1356.485 
1356.135 
1356.45 
1356.1 
1356.525 
1355.775 
1356.14 
1355.73 
1356.025 
1355.75 
1356.08 
1355.685 
1356.09 
1356.15 
1356.44 
1356.105 
1356.45 
1356.135 
1356.46 
1356.115 
1356.41 
1355.715 
1356.105 
1355.675 
1356.045 
1355.695 
1356.005 
1355.625 
1355.965 
1356.05 
1356.44 
1356.035 
1356.375 
1355.99 
1356.355 
1355.925 
1356.345 
1355.68 
1355.945 
1355.595 
1355.89 
1355.61 
1355.895 
1355.55 
1355.89 
1355.96 
1356.385 
1355.93 
1356.285 
1355.985 
1356.29 
1355.89 
1356.26 
1355.52 
1355.895 
1355.475 
1355.81 
1355.44 
1355.74 
1355.34 
1355.735 
1355.835 
1356.13 
1355.685 
1356.035 
1355.67 
1356.065 
1355.63 
1355.905 
1355.195 
1355.555 
1355.125 
1355.42 
1355.1 
1355.38 
1354.995 
1355.345 
1355.45 
1355.75 
1355.385 
1355.635 
1355.36 
1355.63 
1355.335 
1355.565 
1354.915 
1355.19 
1354.79 
1355.2 
1354.715 
1355.08 
1354.75 
1355.0 
1355.12 
1355.465 
1355.065 
1355.455 
1355.095 
1355.295 
1354.975 
1355.32 
1354.485 
1354.855 
1354.44 
1354.67 
1354.31 
1354.64 
1354.225 
1354.54 
1354.66 
1354.86 
1354.465 
1354.845 
1354.485 
1354.735 
1354.34 
1354.595 
1353.9 
1354.22 
1353.875 
1354.195 
1353.81 
1354.04 
1353.645 
1354.02 
1354.065 
1354.395 
1353.945 
1354.23 
1353.865 
1354.22 
1353.7 
1354.115 
1353.37 
1353.615 
1353.23 
1353.535 
1353.185 
1353.52 
1353.11 
1353.365 
1353.465 
1353.825 
1353.335 
1353.705 
1353.315 
1353.64 
1353.16 
1353.55 
1352.835 
1353.14 
1352.79 
1353.035 
1352.72 
1353.01 
1352.585 
1352.985 
1353.055 
1353.325 
1353.0 
1353.325 
1352.97 
1353.21 
1352.795 
1353.135 
1352.405 
1352.725 
1352.315 
1352.625 
1352.36 
1352.565 
1352.2 
1352.585 
1352.68 
1353.03 
1352.665 
1352.965 
1352.64 
1352.995 
1352.54 
1352.96 
1352.265 
1352.535 
1352.18 
1352.57 
1352.215 
1352.595 
1352.155 
1352.455 
1352.67 
1353.03 
1352.565 
1353.02 
1352.625 
1352.935 
1352.485 
1352.93 
1352.215 
1352.535 
1352.11 
1352.4 
1352.095 
1352.425 
1351.945 
1352.36 
1352.5 
1352.795 
1352.39 
1352.695 
1352.32 
1352.685 
1352.285 
1352.59 
1351.96 
1352.21 
1351.875 
1352.22 
1351.84 
1352.175 
1351.8 
1352.215 
1352.22 
1352.635 
1352.21 
1352.535 
1352.245 
1352.595 
1352.21 
1352.58 
1351.765 
1352.175 
1351.795 
1352.17 
1351.795 
1352.17 
1351.74 
1352.105 
1352.26 
1352.6 
1352.175 
1352.635 
1352.225 
1352.555 
1352.21 
1352.615 
1351.955 
1352.295 
1351.985 
1352.31 
1352.02 
1352.315 
1351.905 
1352.305 
1352.465 
1352.775 
1352.31 
1352.765 
1352.4 
1352.79 
1352.37 
1352.675 
1352.04 
1352.42 
1351.96 
1352.4 
1352.08 
1352.345 
1351.95 
1352.335 
1352.455 
1352.875 
1352.48 
1352.82 
1352.455 
1352.81 
1352.5 
1352.84 
1352.31 
1352.585 
1352.28 
1352.625 
1352.26 
1352.685 
1352.29 
1352.64 
1352.765 
1353.21 
1352.71 
1353.195 
1352.855 
1353.18 
1352.825 
1353.245 
1352.51 
1352.89 
1352.53 
1352.805 
1352.46 
1352.855 
1352.49 
1352.875 
1352.98 
1353.22 
1352.97 
1353.285 
1352.93 
1353.305 
1352.915 
1353.21 
1352.6 
1352.965 
1352.55 
1352.935 
1352.58 
1352.945 
1352.465 
1352.92 
1352.96 
1353.38 
1352.935 
1353.3 
1353.005 
1353.41 
1352.95 
1353.37 
1352.655 
1353.06 
1352.66 
1353.05 
1352.685 
1353.13 
1352.63 
1353.005 
1353.105 
1353.58 
1353.12 
1353.455 
1353.23 
1353.545 
1353.215 
1353.585 
1352.965 
1353.27 
1352.935 
1353.22 
1352.92 
1353.29 
1352.865 
1353.25 
1353.34 
1353.71 
1353.315 
1353.735 
1353.32 
1353.7 
1353.325 
1353.635 
1352.94 
1353.295 
1352.925 
1353.21 
1352.975 
1353.26 
1352.91 
1353.245 
1353.385 
1353.71 
1353.335 
1353.685 
1353.38 
1353.73 
1353.345 
1353.695 
1353.135 
1353.38 
1353.025 
1353.44 
1353.06 
1353.415 
1352.995 
1353.335 
1353.445 
1353.82 
1353.335 
1353.75 
1353.445 
1353.765 
1353.3 
1353.695 
1352.995 
1353.365 
1352.905 
1353.2 
1352.795 
1353.185 
1352.695 
1353.085 
1353.2 
1353.44 
1353.07 
1353.435 
1353.03 
1353.4 
1352.97 
1353.31 
1352.675 
1352.965 
1352.52 
1352.88 
1352.505 
1352.805 
1352.42 
1352.815 
1352.82 
1353.185 
1352.755 
1353.085 
1352.755 
1353.14 
1352.7 
1353.115 
1352.305 
1352.595 
1352.23 
1352.58 
1352.23 
1352.59 
1352.245 
1352.53 
1352.6 
1352.995 
1352.58 
1352.93 
1352.635 
1352.94 
1352.55 
1352.895 
1352.185 
1352.515 
1352.09 
1352.39 
1352.015 
1352.36 
1351.94 
1352.28 
1352.425 
1352.755 
1352.255 
1352.675 
1352.23 
1352.61 
1352.195 
1352.55 
1351.775 
1352.16 
1351.67 
1352.035 
1351.665 
1352.0 
1351.625 
1351.96 
1351.945 
1352.38 
1351.97 
1352.24 
1351.955 
1352.3 
1351.935 
1352.265 
1351.59 
1351.89 
1351.54 
1351.82 
1351.445 
1351.84 
1351.4 
1351.765 
1351.86 
1352.215 
1351.83 
1352.125 
1351.89 
1352.14 
1351.775 
1352.1 
1351.36 
1351.63 
1351.27 
1351.575 
1351.21 
1351.52 
1351.1 
1351.495 
1351.6 
1351.81 
1351.515 
1351.78 
1351.475 
1351.755 
1351.43 
1351.73 
1351.045 
1351.445 
1350.955 
1351.365 
1350.925 
1351.255 
1350.825 
1351.21 
1351.3 
1351.655 
1351.175 
1351.565 
1351.27 
1351.575 
1351.205 
1351.625 
1350.85 
1351.225 
1350.835 
1351.165 
1350.785 
1351.16 
1350.765 
1351.05 
1351.25 
1351.575 
1351.185 
1351.605 
1351.305 
1351.51 
1351.26 
1351.615 
1350.845 
1351.27 
1350.845 
1351.205 
1350.885 
1351.205 
1350.845 
1351.15 
1351.335 
1351.645 
1351.26 
1351.615 
1351.215 
1351.595 
1351.26 
1351.56 
1350.795 
1351.175 
1350.78 
1351.175 
1350.84 
1351.15 
1350.83 
1351.175 
1351.29 
1351.635 
1351.3 
1351.585 
1351.3 
1351.665 
1351.32 
1351.7 
1350.965 
1351.235 
1350.92 
1351.29 
1350.94 
1351.305 
1350.98 
1351.27 
1351.435 
1351.77 
1351.395 
1351.825 
1351.485 
1351.8 
1351.495 
1351.89 
1351.075 
1351.455 
1351.095 
1351.395 
1351.11 
1351.455 
1351.075 
1351.415 
1351.55 
1351.915 
1351.6 
1351.875 
1351.63 
1351.955 
1351.58 
1351.905 
1351.195 
1351.535 
1351.215 
1351.57 
1351.27 
1351.53 
1351.275 
1351.655 
1351.715 
1352.06 
1351.775 
1352.135 
1351.805 
1352.2 
1351.805 
1352.28 
1351.495 
1351.81 
1351.51 
1351.905 
1351.53 
1351.955 
1351.635 
1351.975 
1352.115 
1352.435 
1352.15 
1352.495 
1352.26 
1352.555 
1352.255 
1352.565 
1352.015 
1352.325 
1352.065 
1352.315 
1352.04 
1352.44 
1352.0 
1352.475 
1352.585 
1352.94 
1352.49 
1352.975 
1352.5 
1352.94 
1352.51 
1352.84 
1352.23 
