Run 0 on 20200811 on sample T20-5d, LT thermometer,  dT/T0 = 0.02
Time per point = 3.125e-05 seconds
4384.97 
4384.595 
4385.04 
4384.94 
4385.615 
4385.765 
4386.72 
4386.665 
4387.82 
4388.415 
4389.795 
4390.625 
4392.2 
4393.175 
4395.035 
4396.65 
4398.65 
4399.985 
4402.175 
4403.69 
4405.92 
4407.555 
4409.915 
4411.295 
4413.73 
4415.405 
4417.96 
4419.755 
4422.225 
4424.085 
4426.465 
4428.755 
4431.145 
4432.785 
4435.15 
4436.815 
4438.975 
4440.46 
4442.515 
4443.515 
4445.45 
4446.495 
4448.205 
4449.125 
4450.65 
4451.33 
4452.59 
4453.57 
4454.57 
4454.805 
4455.665 
4455.605 
4456.135 
4455.92 
4456.18 
4455.28 
4455.365 
4454.52 
4454.355 
4453.435 
4452.965 
4451.795 
4451.19 
4450.22 
4449.445 
4447.895 
4446.92 
4445.265 
4444.145 
4442.28 
4441.145 
4438.78 
4437.6 
4435.53 
4434.215 
4432.18 
4430.84 
4428.88 
4427.495 
4425.91 
4424.71 
4422.745 
4421.535 
4419.71 
4418.59 
4416.81 
4415.88 
4413.845 
4413.03 
4411.63 
4410.925 
4409.645 
4409.165 
4408.065 
4407.705 
4407.315 
4407.2 
4406.495 
4406.695 
4406.275 
4406.535 
4406.325 
4406.9 
4406.425 
4407.245 
4407.315 
4408.305 
4408.7 
4409.85 
4410.32 
4411.64 
4412.795 
4414.2 
4415.08 
4416.65 
4417.645 
4419.35 
4420.385 
4422.175 
4422.855 
4424.715 
4425.9 
4427.7 
4428.915 
4430.725 
4431.87 
4433.68 
4435.21 
4436.975 
4437.935 
4439.6 
4440.555 
4442.13 
4442.84 
4444.255 
4444.435 
4445.695 
4446.18 
4447.13 
4447.365 
4448.23 
4448.245 
4448.855 
4449.1 
4449.52 
4449.035 
4449.225 
4448.545 
4448.49 
4447.57 
4447.295 
4445.81 
4445.29 
4443.885 
4443.245 
4441.745 
4440.725 
4439.0 
4437.92 
4436.475 
4435.205 
4433.17 
4431.685 
4429.61 
4428.105 
4425.905 
4424.245 
4421.68 
4420.01 
4417.625 
4416.015 
4413.695 
4412.015 
4409.72 
4408.15 
4406.305 
4404.81 
4402.57 
4401.145 
4399.125 
4397.84 
4395.875 
4394.76 
4392.595 
4391.565 
4389.955 
4389.105 
4387.77 
4387.105 
4385.935 
4385.575 
4385.05 
4384.83 
4384.095 
4384.205 
4383.68 
4383.89 
4383.665 
4384.1 
4383.705 
4384.4 
4384.535 
4385.48 
4385.885 
4386.95 
4387.455 
4388.79 
4389.945 
4391.38 
4392.215 
4393.83 
4394.875 
4396.555 
4397.605 
4399.46 
4400.17 
4402.06 
4403.2 
4405.09 
4406.29 
4408.17 
4409.35 
4411.21 
4412.855 
4414.64 
4415.68 
4417.395 
4418.41 
4420.005 
4420.83 
4422.33 
4422.625 
4423.945 
4424.505 
4425.54 
4425.915 
4426.87 
4426.965 
4427.685 
4428.035 
4428.535 
4428.225 
4428.545 
4428.035 
4428.04 
4427.265 
4427.075 
4425.785 
4425.38 
4424.145 
4423.61 
4422.24 
4421.515 
4419.91 
4418.925 
4417.705 
4416.545 
4414.71 
4413.495 
4411.49 
4410.245 
4408.125 
4406.78 
4404.28 
4402.86 
4400.67 
4399.195 
4397.105 
4395.67 
4393.505 
4392.15 
4390.53 
4389.2 
4387.185 
4386.005 
4384.225 
4383.1 
4381.33 
4380.445 
4378.49 
4377.59 
4376.175 
4375.625 
4374.445 
4374.0 
4372.945 
4372.73 
4372.43 
4372.45 
4371.86 
4372.14 
4371.75 
4372.225 
4372.03 
4372.75 
4372.485 
4373.355 
4373.645 
4374.69 
4375.18 
4376.43 
4377.085 
4378.53 
4379.74 
4381.32 
4382.295 
4384.025 
4385.14 
4386.92 
4388.075 
4390.0 
4390.81 
4392.68 
4393.965 
4395.9 
4397.24 
4399.15 
4400.46 
4402.38 
4404.035 
4405.87 
4406.965 
4408.73 
4409.815 
4411.44 
4412.29 
4413.905 
4414.225 
4415.555 
4416.145 
4417.355 
4417.755 
4418.725 
4418.815 
4419.69 
4420.115 
4420.685 
4420.37 
4420.775 
4420.335 
4420.445 
4419.805 
4419.725 
4418.45 
4418.115 
4417.07 
4416.6 
4415.345 
4414.65 
4413.22 
4412.45 
4411.26 
4410.3 
4408.62 
4407.435 
4405.74 
4404.46 
4402.64 
4401.365 
4399.05 
4397.72 
4395.735 
4394.445 
4392.45 
4391.2 
4389.225 
4387.98 
4386.57 
4385.43 
4383.56 
4382.47 
4380.84 
4379.86 
4378.255 
4377.475 
4375.64 
4374.93 
4373.68 
4373.16 
4372.08 
4371.77 
4370.74 
4370.68 
4370.4 
4370.435 
4369.9 
4370.175 
4369.775 
4370.25 
4370.095 
4370.705 
4370.29 
4371.115 
4371.205 
4372.17 
4372.485 
4373.555 
4373.995 
4375.13 
4376.18 
4377.395 
4378.055 
4379.365 
4380.14 
4381.49 
4382.235 
4383.67 
4383.995 
4385.315 
4386.075 
4387.36 
4388.0 
4389.295 
4389.83 
4390.995 
4391.885 
4392.88 
4393.125 
4394.045 
4394.13 
4394.785 
4394.645 
4395.105 
4394.34 
4394.54 
4394.005 
4393.95 
4393.065 
4392.72 
4391.46 
4390.895 
4389.88 
4388.95 
4387.105 
4385.9 
4383.765 
4382.265 
4379.825 
4377.95 
4374.855 
4372.7 
4369.64 
4367.155 
4363.88 
4361.13 
4357.505 
4354.565 
4351.095 
4347.835 
4343.695 
4340.18 
4335.96 
4332.2 
4327.725 
4323.795 
4318.78 
4314.605 
4309.845 
4305.67 
4300.76 
4296.465 
4291.445 
4287.09 
4282.42 
4277.98 
4272.815 
4268.355 
4263.245 
4258.75 
4253.585 
4249.12 
4243.545 
4239.14 
4234.015 
4229.55 
4224.485 
4220.2 
4215.15 
4210.79 
4206.36 
4202.075 
4197.135 
4192.995 
4188.195 
4183.97 
4179.21 
4175.165 
4170.075 
4166.055 
4161.28 
4157.315 
4152.66 
4148.725 
4143.98 
4140.085 
4135.86 
4131.875 
4127.21 
4123.225 
4118.505 
4114.49 
4109.675 
4105.485 
4100.31 
4096.125 
4091.08 
4086.745 
4081.625 
4077.155 
4071.88 
4067.205 
4062.225 
4057.445 
4051.7 
4046.775 
4040.89 
4035.635 
4029.55 
4024.105 
4017.34 
4011.555 
4004.955 
3998.96 
3992.135 
3985.83 
3978.675 
3972.18 
3965.21 
3958.32 
3950.74 
3943.565 
3935.635 
3928.24 
3920.055 
3912.485 
3903.605 
3895.75 
3886.975 
3878.945 
3870.105 
3861.82 
3852.695 
3844.26 
3835.425 
3826.84 
3817.435 
3808.67 
3799.24 
3790.445 
3780.785 
3771.955 
3762.05 
3753.165 
3743.485 
3734.635 
3725.04 
3716.11 
3706.645 
3697.815 
3688.86 
3680.205 
3670.815 
3662.255 
3653.17 
3644.705 
3635.725 
3627.595 
3618.325 
3610.28 
3601.725 
3593.965 
3585.57 
3578.015 
3569.825 
3562.575 
3555.125 
3548.06 
3540.445 
3533.67 
3526.275 
3519.675 
3512.53 
3506.255 
3499.1 
3492.905 
3486.265 
3480.445 
3473.995 
3468.445 
3462.135 
3456.68 
3451.085 
3445.78 
3439.855 
3434.765 
3428.975 
3423.95 
3418.315 
3413.385 
3407.46 
3402.635 
3396.945 
3392.2 
3386.745 
3381.89 
3376.355 
3371.565 
3366.465 
3361.66 
3355.975 
3351.07 
3345.42 
3340.34 
3334.58 
3329.47 
3323.19 
3317.875 
3311.835 
3306.405 
3300.22 
3294.565 
3288.18 
3282.44 
3276.365 
3270.315 
3263.545 
3257.39 
3250.52 
3244.235 
3237.08 
3230.62 
3222.895 
3216.25 
3208.745 
3201.955 
3194.38 
3187.355 
3179.615 
3172.45 
3165.08 
3157.885 
3149.985 
3142.655 
3134.68 
3127.405 
3119.24 
3111.895 
3103.54 
3096.105 
3088.105 
3080.77 
3072.755 
3065.57 
3057.675 
3050.44 
3043.12 
3036.125 
3028.425 
3021.63 
3014.115 
3007.425 
3000.065 
2993.63 
2986.1 
2979.825 
2972.89 
2966.87 
2960.235 
2954.435 
2948.015 
2942.44 
2936.75 
2931.445 
2925.565 
2920.545 
2914.93 
2910.135 
2904.795 
2900.205 
2894.79 
2890.52 
2885.6 
2881.4 
2876.79 
2872.865 
2868.365 
2864.695 
2860.73 
2857.16 
2853.045 
2849.605 
2845.605 
2842.295 
2838.265 
2835.05 
2830.79 
2827.565 
2823.72 
2820.525 
2816.7 
2813.445 
2809.56 
2806.315 
2802.785 
2799.5 
2795.395 
2792.075 
2787.995 
2784.395 
2780.11 
2776.525 
2771.645 
2767.775 
2763.195 
2759.11 
2754.345 
2750.085 
2745.02 
2740.675 
2735.83 
2731.185 
2725.685 
2720.84 
2715.145 
2710.08 
2704.215 
2698.925 
2692.36 
2686.86 
2680.505 
2674.825 
2668.325 
2662.405 
2655.775 
2649.75 
2643.415 
2637.18 
2630.205 
2623.935 
2616.97 
2610.65 
2603.57 
2597.135 
2589.66 
2583.225 
2576.095 
2569.755 
2562.69 
2556.305 
2549.33 
2543.075 
2536.635 
2530.5 
2523.695 
2517.78 
2511.145 
2505.42 
2498.965 
2493.435 
2486.8 
2481.43 
2475.48 
2470.345 
2464.615 
2459.81 
2454.345 
2449.815 
2445.14 
2440.79 
2435.9 
2431.885 
2427.285 
2423.565 
2419.28 
2415.82 
2411.365 
2408.085 
2404.265 
2401.31 
2397.88 
2395.04 
2391.7 
2389.215 
2386.525 
2384.2 
2381.215 
2379.0 
2376.25 
2374.225 
2371.45 
2369.51 
2366.5 
2364.575 
2362.005 
2360.17 
2357.655 
2355.72 
2353.165 
2351.24 
2349.16 
2347.225 
2344.445 
2342.455 
2339.745 
2337.5 
2334.6 
2332.27 
2328.82 
2326.39 
2323.075 
2320.365 
2316.955 
2314.115 
2310.405 
2307.33 
2303.845 
2300.585 
2296.415 
2292.845 
2288.495 
2284.745 
2280.1 
2276.09 
2270.84 
2266.68 
2261.57 
2257.085 
2251.945 
2247.195 
2241.79 
2237.02 
2231.815 
2226.86 
2221.13 
2216.025 
2210.245 
2205.005 
2199.09 
2193.845 
2187.57 
2182.215 
2176.22 
2170.955 
2165.035 
2159.785 
2153.82 
2148.695 
2143.32 
2138.315 
2132.54 
2127.75 
2122.185 
2117.46 
2112.095 
2107.57 
2102.02 
2097.68 
2092.845 
2088.75 
2084.135 
2080.37 
2075.925 
2072.4 
2068.76 
2065.515 
2061.67 
2058.725 
2055.21 
2052.52 
2049.255 
2046.865 
2043.485 
2041.39 
2038.615 
2036.655 
2034.255 
2032.61 
2030.425 
2028.915 
2027.335 
2026.115 
2024.275 
2023.13 
2021.47 
2020.545 
2018.97 
2018.105 
2016.13 
2015.42 
2013.96 
2013.22 
2011.78 
2011.075 
2009.665 
2008.855 
2007.855 
2006.965 
2005.375 
2004.525 
2002.9 
2001.795 
1999.985 
1998.695 
1996.38 
1994.96 
1992.78 
1991.14 
1988.8 
1986.995 
1984.32 
1982.35 
1979.92 
1977.675 
1974.5 
1971.995 
1968.63 
1965.845 
1962.235 
1959.215 
1954.86 
1951.625 
1947.445 
1943.935 
1939.66 
1935.88 
1931.34 
1927.415 
1923.135 
1919.055 
1914.08 
1909.87 
1904.87 
1900.475 
1895.265 
1890.96 
1885.43 
1880.81 
1875.635 
1871.095 
1865.87 
1861.38 
1856.225 
1851.76 
1847.145 
1842.82 
1837.8 
1833.605 
1828.785 
1824.775 
1820.06 
1816.265 
1811.425 
1807.81 
1803.565 
1800.205 
1796.265 
1793.15 
1789.39 
1786.575 
1783.635 
1781.065 
1777.89 
1775.6 
1772.785 
1770.785 
1768.285 
1766.52 
1763.87 
1762.535 
1760.41 
1759.245 
1757.52 
1756.52 
1755.0 
1754.26 
1753.375 
1752.845 
1751.68 
1751.295 
1750.255 
1750.05 
1749.07 
1749.015 
1747.835 
1747.655 
1746.925 
1746.845 
1746.145 
1746.065 
1745.285 
1745.17 
1744.79 
1744.61 
1743.62 
1743.385 
1742.355 
1741.9 
1740.67 
1740.07 
1738.395 
1737.52 
1735.955 
1734.945 
1733.08 
1731.9 
1729.77 
1728.305 
1726.405 
1724.635 
1722.025 
1720.09 
1717.225 
1714.87 
1711.78 
1709.27 
1705.475 
1702.595 
1698.965 
1695.87 
1692.07 
1688.775 
1684.635 
1681.09 
1677.315 
1673.695 
1669.145 
1665.31 
1660.78 
1656.81 
1652.05 
1647.99 
1642.905 
1638.84 
1633.935 
1629.855 
1625.07 
1620.985 
1616.355 
1612.295 
1608.06 
1604.145 
1599.575 
1595.905 
1591.51 
1587.92 
1583.72 
1580.325 
1575.98 
1572.815 
1569.07 
1566.195 
1562.77 
1560.105 
1556.935 
1554.655 
1552.17 
1550.18 
1547.58 
1545.91 
1543.63 
1542.11 
1540.18 
1539.005 
1537.035 
1536.16 
1534.73 
1534.205 
1533.02 
1532.66 
1531.69 
1531.61 
1531.33 
1531.445 
1530.9 
1531.14 
1530.83 
1531.235 
1530.96 
1531.51 
1530.845 
1531.42 
1531.325 
1531.89 
1531.85 
1532.37 
1532.32 
1532.805 
1533.085 
1533.525 
1533.21 
1533.61 
1533.185 
1533.335 
1532.785 
1532.81 
1531.685 
1531.47 
1530.465 
1530.08 
1528.82 
1528.21 
1526.715 
1525.815 
1524.55 
1523.295 
1521.24 
1519.82 
1517.53 
1515.77 
1513.1 
1511.14 
1507.92 
1505.64 
1502.5 
1499.9 
1496.62 
1493.78 
1490.125 
1487.08 
1483.805 
1480.63 
1476.595 
1473.295 
1469.23 
1465.74 
1461.51 
1457.915 
1453.245 
1449.565 
1445.315 
1441.675 
1437.415 
1433.755 
1429.545 
1426.045 
1422.29 
1418.935 
1414.81 
1411.595 
1407.72 
1404.66 
1400.955 
1398.1 
1394.22 
1391.58 
1388.45 
1386.045 
1383.145 
1381.07 
1378.405 
1376.595 
1374.76 
1373.23 
1371.26 
1370.085 
1368.42 
1367.56 
1366.125 
1365.565 
1364.09 
1363.79 
1362.895 
1362.945 
1362.375 
1362.625 
1362.3 
1362.835 
1363.115 
1363.845 
1363.915 
1364.76 
1365.065 
1365.985 
1366.335 
1367.505 
1367.47 
1368.58 
1369.125 
1370.315 
1370.795 
1371.96 
1372.44 
1373.59 
1374.395 
1375.465 
1375.69 
1376.68 
1376.9 
1377.59 
1377.59 
1378.28 
1377.625 
1378.07 
1377.64 
1377.74 
1377.165 
1377.005 
1376.115 
1375.655 
1375.045 
1374.385 
1372.88 
1371.975 
1370.235 
1369.03 
1366.965 
1365.465 
1362.755 
1360.975 
1358.365 
1356.32 
1353.56 
1351.23 
1348.17 
1345.64 
1342.83 
1340.08 
1336.675 
1333.82 
1330.335 
1327.28 
1323.585 
1320.57 
1316.385 
1313.25 
1309.405 
1306.32 
1302.53 
1299.425 
1295.655 
1292.625 
1289.445 
1286.48 
1282.925 
1280.215 
1276.875 
1274.215 
1271.025 
1268.645 
1265.305 
1263.135 
1260.4 
1258.515 
1256.08 
1254.42 
1252.29 
1250.93 
1249.615 
1248.525 
1246.88 
1246.225 
1244.99 
1244.555 
1243.59 
1243.54 
1242.43 
1242.565 
1242.145 
1242.54 
1242.445 
1243.125 
1243.26 
1244.205 
1244.875 
1245.99 
1246.5 
1247.67 
1248.405 
1249.765 
1250.55 
1252.065 
1252.57 
1253.99 
1254.885 
1256.42 
1257.34 
1258.835 
1259.79 
1261.295 
1262.535 
1263.935 
1264.545 
1265.945 
1266.435 
1267.57 
1267.935 
1268.935 
1268.64 
1269.475 
1269.34 
1269.895 
1269.625 
1269.9 
1269.34 
1269.325 
1268.96 
1268.675 
1267.57 
1267.055 
1265.62 
1264.79 
1263.115 
1261.93 
1259.6 
1258.165 
1255.93 
1254.245 
1251.765 
1249.88 
1247.15 
1245.01 
1242.585 
1240.22 
1237.11 
1234.65 
1231.405 
1228.8 
1225.38 
1222.69 
1218.915 
1216.135 
1212.63 
1209.89 
1206.365 
1203.615 
1200.22 
1197.54 
1194.65 
1192.05 
1188.815 
1186.435 
1183.325 
1181.04 
1178.235 
1176.135 
1173.025 
1171.2 
1168.81 
1167.195 
1165.065 
1163.73 
1161.885 
1160.875 
1159.755 
1158.965 
1157.67 
1157.21 
1156.315 
1156.14 
1155.485 
1155.575 
1154.75 
1155.14 
1154.94 
1155.635 
1155.715 
1156.67 
1156.94 
1158.05 
1159.02 
1160.34 
1161.04 
1162.465 
1163.31 
1164.895 
1165.815 
1167.49 
1168.17 
1169.78 
1170.835 
1172.595 
1173.61 
1175.365 
1176.39 
1177.99 
1179.42 
1180.94 
1181.725 
1183.19 
1183.905 
1185.19 
1185.705 
1186.89 
1186.76 
1187.61 
1187.755 
1188.43 
1188.28 
1188.715 
1188.305 
1188.45 
1188.305 
1188.09 
1187.215 
1186.86 
1185.645 
1185.01 
1183.55 
1182.61 
1180.42 
1179.265 
1177.21 
1175.755 
1173.535 
1171.855 
1169.41 
1167.57 
1165.27 
1163.27 
1160.48 
1158.225 
1155.33 
1153.02 
1149.915 
1147.54 
1144.02 
1141.505 
1138.395 
1135.98 
1132.84 
1130.41 
1127.32 
1125.0 
1122.465 
1120.195 
1117.32 
1115.225 
1112.6 
1110.67 
1108.175 
1106.46 
1103.68 
1102.22 
1100.175 
1098.895 
1097.045 
1096.165 
1094.55 
1093.895 
1093.075 
1092.65 
1091.74 
1091.56 
1090.875 
1091.05 
1090.61 
1091.065 
1090.595 
1091.33 
1091.31 
1092.295 
1092.63 
1093.765 
1094.3 
1095.67 
1096.79 
1098.295 
1099.195 
1100.815 
1101.82 
1103.57 
1104.675 
1106.49 
1107.175 
1109.03 
1110.235 
1112.01 
1113.225 
1114.985 
1116.105 
1117.8 
1119.285 
1120.97 
1121.815 
1123.31 
1124.095 
1125.44 
1125.91 
1127.17 
1127.01 
1128.02 
1128.12 
1128.835 
1128.755 
1129.185 
1128.79 
1128.96 
1128.82 
1128.695 
1127.765 
1127.41 
1126.31 
1125.65 
1124.155 
1123.265 
1121.16 
1119.98 
1118.01 
1116.665 
1114.47 
1112.765 
1110.37 
1108.57 
1106.345 
1104.435 
1101.7 
1099.57 
1096.66 
1094.47 
1091.5 
1089.165 
1085.785 
1083.425 
1080.41 
1078.13 
1075.1 
1072.78 
1069.89 
1067.74 
1065.25 
1063.235 
1060.505 
1058.62 
1056.03 
1054.31 
1051.935 
1050.47 
1047.925 
1046.605 
1044.765 
1043.67 
1042.06 
1041.3 
1039.945 
1039.51 
1038.855 
1038.715 
1037.855 
1037.99 
1037.485 
1037.855 
1037.655 
1038.27 
1037.92 
1038.79 
1039.075 
1040.215 
1040.815 
1042.04 
1042.785 
1044.285 
1045.675 
1047.325 
1048.42 
1050.165 
1051.365 
1053.21 
1054.37 
1056.435 
1057.285 
1059.19 
1060.525 
1062.51 
1063.795 
1065.675 
1066.82 
1068.695 
1070.225 
1071.925 
1072.875 
1074.545 
1075.31 
1076.705 
1077.305 
1078.54 
1078.595 
1079.595 
1079.77 
1080.485 
1080.445 
1080.935 
1080.56 
1080.835 
1080.62 
1080.54 
1079.64 
1079.36 
1078.22 
1077.57 
1076.135 
1075.265 
1073.16 
1072.065 
1070.035 
1068.695 
1066.58 
1064.975 
1062.555 
1060.825 
1058.715 
1056.79 
1054.0 
1051.99 
1049.25 
1047.055 
1044.115 
1041.985 
1038.675 
1036.355 
1033.46 
1031.295 
1028.455 
1026.26 
1023.505 
1021.415 
1019.185 
1017.235 
1014.69 
1013.005 
1010.695 
1009.175 
1006.995 
1005.755 
1003.46 
1002.34 
1000.715 
999.935 
998.645 
998.075 
997.005 
996.795 
996.535 
996.615 
996.07 
996.48 
996.32 
996.985 
997.125 
998.095 
998.16 
999.285 
999.93 
1001.41 
1002.295 
1003.955 
1005.0 
1006.885 
1008.57 
1010.68 
1012.085 
1014.285 
1015.83 
1018.05 
1019.595 
1021.95 
1023.235 
1025.585 
1027.215 
1029.575 
1031.19 
1033.485 
1034.99 
1037.2 
1039.105 
1041.185 
1042.51 
1044.46 
1045.675 
1047.385 
1048.31 
1050.005 
1050.29 
1051.58 
1052.165 
1053.225 
1053.5 
1054.335 
1054.29 
1054.855 
1055.09 
1055.24 
1054.695 
1054.715 
1053.89 
1053.555 
1052.425 
1051.84 
1050.025 
1049.25 
1047.525 
1046.54 
1044.65 
1043.275 
1041.235 
1039.74 
1037.925 
1036.285 
1033.82 
1032.055 
1029.545 
1027.66 
1024.98 
1023.03 
1020.02 
1018.005 
1015.34 
1013.37 
1010.685 
1008.775 
1006.205 
1004.365 
1002.315 
1000.655 
998.28 
996.74 
994.665 
993.265 
991.235 
990.15 
988.03 
987.065 
985.595 
984.955 
983.65 
983.3 
982.285 
982.17 
981.97 
982.11 
981.69 
982.18 
982.015 
982.72 
982.87 
983.8 
983.885 
985.055 
985.6 
987.065 
987.915 
989.495 
990.51 
992.315 
993.915 
995.845 
997.15 
999.215 
1000.565 
1002.68 
1004.07 
1006.32 
1007.34 
1009.49 
1010.905 
1013.035 
1014.49 
1016.515 
1017.82 
1019.815 
1021.455 
1023.245 
1024.335 
1026.0 
1026.95 
1028.31 
1029.035 
1030.345 
1030.38 
1031.435 
1031.645 
1032.355 
1032.385 
1032.88 
1032.525 
1032.75 
1032.67 
1032.65 
1031.685 
1031.34 
1030.16 
1029.555 
1028.155 
1027.31 
1025.23 
1024.12 
1022.085 
1020.755 
1018.54 
1016.98 
1014.605 
1012.88 
1010.74 
1008.84 
1006.09 
1004.085 
1001.31 
999.12 
996.225 
994.06 
990.795 
988.53 
985.595 
983.435 
980.67 
978.55 
975.735 
973.7 
971.42 
969.515 
967.035 
965.335 
963.065 
961.545 
959.375 
958.165 
955.865 
954.745 
953.12 
952.375 
950.99 
950.56 
949.405 
949.2 
948.915 
948.945 
948.425 
948.805 
948.54 
949.18 
949.22 
950.16 
950.185 
951.33 
951.85 
953.295 
954.04 
955.595 
956.575 
958.275 
959.855 
961.795 
963.025 
965.03 
966.47 
968.555 
969.965 
972.165 
973.26 
975.43 
976.795 
979.045 
980.43 
982.53 
983.885 
985.855 
987.595 
989.41 
990.52 
992.295 
993.335 
994.77 
995.54 
996.92 
997.06 
998.19 
998.485 
999.355 
999.395 
999.985 
999.75 
1000.155 
1000.15 
1000.2 
999.39 
999.205 
998.29 
997.79 
996.52 
995.835 
993.845 
992.915 
991.08 
989.96 
987.98 
986.57 
984.43 
982.855 
980.925 
979.24 
976.785 
975.035 
972.4 
970.58 
967.925 
965.985 
962.955 
961.055 
958.405 
956.495 
954.01 
952.205 
949.715 
947.99 
946.08 
944.57 
942.36 
941.04 
939.085 
937.885 
936.085 
935.2 
933.195 
932.52 
931.295 
930.835 
929.885 
929.785 
929.005 
929.155 
929.2 
929.655 
929.5 
930.24 
930.42 
931.36 
931.845 
933.04 
933.37 
934.77 
935.675 
937.395 
938.515 
940.405 
941.7 
943.76 
945.65 
947.87 
949.37 
951.715 
953.315 
955.74 
957.375 
959.82 
961.17 
963.47 
965.13 
967.52 
969.205 
971.42 
972.96 
975.13 
976.985 
979.065 
980.265 
982.165 
983.315 
984.915 
985.745 
987.27 
987.525 
988.75 
989.12 
990.095 
990.225 
990.905 
990.8 
991.2 
991.26 
991.375 
990.715 
990.545 
989.6 
989.195 
987.935 
987.275 
985.425 
984.52 
982.77 
981.605 
979.72 
978.42 
976.265 
974.75 
972.87 
971.33 
968.9 
967.11 
964.67 
962.865 
960.29 
958.465 
955.555 
953.655 
951.08 
949.295 
946.8 
945.11 
942.67 
941.11 
939.335 
937.86 
935.755 
934.52 
932.68 
931.6 
929.93 
929.135 
927.365 
926.715 
925.625 
925.32 
924.42 
924.465 
923.85 
924.1 
924.285 
924.775 
924.81 
925.58 
925.94 
927.01 
927.535 
928.925 
929.32 
930.915 
931.91 
933.69 
934.94 
936.935 
938.27 
940.41 
942.375 
944.67 
946.295 
948.67 
950.415 
952.885 
954.54 
957.03 
958.48 
960.835 
962.63 
964.935 
966.595 
968.965 
970.45 
972.685 
974.58 
976.65 
977.82 
979.705 
980.815 
982.49 
983.39 
984.82 
985.065 
986.26 
986.595 
987.485 
987.6 
988.27 
988.06 
988.44 
988.46 
988.45 
987.65 
987.545 
986.5 
986.015 
984.695 
984.005 
981.97 
981.04 
979.205 
977.965 
975.95 
974.535 
972.21 
970.74 
968.77 
967.065 
964.465 
962.655 
960.09 
958.205 
955.515 
953.52 
950.595 
948.61 
945.93 
944.065 
941.39 
939.62 
937.155 
935.455 
933.535 
931.995 
929.815 
928.47 
926.48 
925.295 
923.49 
922.625 
920.735 
920.08 
918.76 
918.385 
917.46 
917.27 
916.61 
916.76 
916.785 
917.26 
917.05 
917.845 
917.98 
918.98 
919.4 
920.61 
920.88 
922.375 
923.27 
924.91 
925.97 
927.89 
929.02 
931.075 
932.9 
935.01 
936.53 
938.7 
940.235 
942.52 
944.075 
946.35 
947.57 
949.835 
951.32 
953.465 
954.98 
957.1 
958.375 
960.37 
961.98 
963.885 
964.905 
966.45 
967.345 
968.72 
969.36 
970.515 
970.465 
971.41 
971.485 
972.11 
971.99 
972.3 
971.795 
971.835 
971.55 
971.295 
970.19 
969.75 
968.375 
967.595 
965.975 
964.945 
962.615 
961.295 
959.19 
957.555 
955.27 
953.495 
950.915 
949.08 
946.765 
944.83 
941.92 
939.775 
936.87 
934.63 
931.605 
929.395 
926.04 
923.79 
920.865 
918.685 
915.83 
913.69 
910.975 
908.995 
906.87 
905.025 
902.58 
901.035 
898.855 
897.455 
895.465 
894.355 
892.22 
891.4 
889.93 
889.37 
888.27 
888.01 
887.075 
887.19 
887.12 
887.45 
887.185 
887.875 
887.97 
888.92 
889.18 
890.455 
890.76 
892.17 
893.04 
894.73 
895.835 
897.66 
898.935 
901.025 
902.83 
905.045 
906.55 
908.805 
910.46 
912.875 
914.52 
916.925 
918.26 
920.555 
922.305 
924.595 
926.27 
928.47 
930.005 
932.14 
933.99 
936.015 
937.19 
939.1 
940.15 
941.77 
942.595 
944.005 
944.21 
945.37 
945.695 
946.59 
946.685 
947.29 
947.055 
947.44 
947.405 
947.46 
946.62 
946.485 
945.375 
944.93 
943.61 
942.865 
940.895 
939.915 
938.09 
936.885 
934.975 
933.49 
931.28 
929.73 
927.815 
926.155 
923.745 
921.915 
919.44 
917.58 
915.01 
913.155 
910.245 
908.415 
905.835 
904.085 
901.655 
899.97 
897.64 
896.09 
894.42 
893.105 
891.045 
889.9 
888.185 
887.275 
885.74 
885.13 
883.49 
883.065 
882.08 
881.995 
881.315 
881.52 
881.13 
881.68 
882.075 
882.795 
883.075 
884.205 
884.705 
886.04 
886.885 
888.52 
889.245 
891.09 
892.37 
894.52 
896.03 
898.25 
899.9 
902.36 
904.59 
907.225 
909.095 
911.765 
913.785 
916.475 
918.465 
921.185 
922.83 
925.53 
927.475 
930.14 
932.065 
934.625 
936.325 
938.75 
940.87 
943.19 
944.55 
946.58 
947.91 
949.72 
950.69 
952.3 
952.725 
954.06 
954.555 
955.545 
955.79 
956.52 
956.305 
956.82 
956.86 
957.0 
956.25 
956.165 
955.105 
954.675 
953.425 
952.735 
950.75 
949.765 
947.945 
946.77 
944.71 
943.28 
941.055 
939.455 
937.535 
935.74 
933.215 
931.355 
928.83 
926.81 
924.155 
922.235 
919.17 
917.2 
914.565 
912.68 
910.065 
908.25 
905.805 
904.08 
902.225 
900.74 
898.56 
897.255 
895.35 
894.305 
892.475 
891.72 
889.875 
889.25 
888.075 
887.755 
886.975 
886.945 
886.28 
886.6 
886.775 
887.355 
887.335 
888.235 
888.565 
889.725 
890.295 
891.76 
892.13 
893.755 
894.8 
896.635 
897.97 
899.935 
901.39 
903.59 
905.605 
907.955 
909.605 
912.035 
913.805 
916.255 
918.06 
920.56 
921.965 
924.35 
926.1 
928.47 
930.17 
932.47 
934.04 
936.185 
938.035 
940.135 
941.28 
943.13 
944.175 
945.775 
946.56 
947.91 
948.105 
949.125 
949.485 
950.205 
950.24 
950.825 
950.47 
950.805 
950.61 
950.545 
949.635 
949.355 
948.195 
947.56 
946.165 
945.32 
943.175 
942.025 
940.025 
938.76 
936.61 
934.955 
932.69 
930.89 
928.86 
927.05 
924.455 
922.465 
919.85 
917.81 
915.08 
913.06 
910.05 
908.03 
905.32 
903.37 
900.76 
898.965 
896.485 
894.775 
892.88 
891.39 
889.195 
887.945 
885.97 
884.91 
883.245 
882.43 
880.575 
880.02 
878.935 
878.64 
877.78 
877.875 
877.285 
877.655 
877.85 
878.505 
878.52 
879.43 
879.815 
881.015 
881.655 
883.08 
883.57 
885.31 
886.38 
888.315 
889.62 
891.755 
893.215 
895.425 
897.515 
899.93 
901.605 
904.075 
905.9 
908.455 
910.265 
912.775 
914.24 
916.635 
918.43 
920.89 
922.66 
924.95 
926.53 
928.735 
930.57 
932.68 
933.88 
935.735 
936.825 
938.415 
939.22 
940.605 
940.75 
941.92 
942.195 
943.04 
943.01 
943.565 
943.18 
943.5 
943.355 
943.285 
942.29 
941.995 
940.81 
940.2 
938.685 
937.825 
935.695 
934.445 
932.475 
931.14 
928.98 
927.355 
924.93 
923.22 
921.115 
919.19 
916.58 
914.59 
911.835 
909.77 
906.99 
904.955 
901.825 
899.77 
897.11 
895.045 
892.41 
890.54 
888.025 
886.23 
884.4 
882.835 
880.56 
879.255 
877.335 
876.255 
874.475 
873.665 
871.805 
871.195 
870.1 
869.82 
868.97 
869.01 
868.41 
868.825 
869.0 
869.61 
869.655 
870.62 
870.92 
872.185 
872.785 
874.315 
874.865 
876.63 
877.67 
879.63 
881.0 
883.19 
884.615 
886.95 
889.075 
891.51 
893.285 
895.83 
897.66 
900.28 
902.12 
904.79 
906.31 
908.85 
910.635 
913.195 
915.06 
917.485 
919.14 
921.405 
923.43 
925.575 
926.91 
928.93 
930.1 
931.855 
932.795 
934.355 
934.71 
935.945 
936.34 
937.315 
937.465 
938.21 
938.005 
938.43 
938.515 
938.61 
937.845 
937.755 
936.815 
936.355 
935.115 
934.43 
932.465 
931.56 
929.8 
928.58 
926.74 
925.34 
923.225 
921.715 
919.895 
918.305 
915.935 
914.185 
911.775 
910.06 
907.54 
905.785 
902.94 
901.18 
898.69 
897.03 
894.765 
893.19 
890.945 
889.52 
887.92 
886.735 
884.845 
883.85 
882.285 
881.485 
880.04 
879.615 
878.05 
877.8 
876.93 
876.985 
876.405 
876.79 
876.485 
877.17 
877.69 
878.63 
878.945 
880.195 
880.805 
882.3 
883.21 
884.965 
885.675 
887.615 
888.95 
891.145 
892.7 
895.095 
896.73 
899.335 
901.54 
904.105 
906.055 
908.76 
910.8 
913.475 
915.505 
918.245 
919.83 
922.47 
924.455 
927.095 
928.945 
931.395 
933.18 
935.53 
937.585 
939.735 
941.095 
943.13 
944.345 
946.075 
947.0 
948.565 
948.955 
950.185 
950.555 
951.5 
951.635 
952.325 
952.145 
952.445 
952.51 
952.555 
951.83 
951.64 
950.57 
950.075 
948.73 
947.96 
946.06 
945.085 
943.165 
941.925 
939.97 
938.525 
936.32 
934.74 
932.82 
931.115 
928.605 
926.865 
924.295 
922.4 
919.815 
918.005 
915.06 
913.185 
910.63 
908.85 
906.395 
904.73 
902.385 
900.76 
899.065 
897.73 
895.635 
894.565 
892.795 
891.865 
890.325 
889.65 
887.94 
887.455 
886.505 
886.315 
885.665 
885.72 
885.355 
885.695 
886.02 
886.725 
886.835 
887.87 
888.225 
889.485 
890.085 
891.58 
892.125 
893.88 
894.88 
896.785 
898.115 
900.17 
901.545 
903.785 
905.805 
908.09 
909.725 
912.13 
913.805 
916.195 
917.89 
920.305 
921.65 
923.915 
925.505 
927.79 
929.37 
931.545 
932.955 
934.925 
936.66 
938.47 
939.555 
941.295 
942.165 
943.525 
944.125 
945.37 
945.25 
946.21 
946.285 
946.895 
946.69 
947.085 
946.565 
946.65 
946.335 
946.095 
945.01 
944.555 
943.26 
942.49 
940.875 
939.88 
937.65 
936.395 
934.335 
932.84 
930.66 
929.065 
926.58 
924.88 
922.77 
920.865 
918.225 
916.305 
913.645 
911.675 
908.955 
906.98 
903.99 
902.085 
899.49 
897.585 
895.16 
893.35 
891.085 
889.445 
887.755 
886.385 
884.395 
883.29 
881.515 
880.61 
879.155 
878.46 
876.825 
876.47 
875.57 
875.42 
874.855 
875.045 
874.73 
875.21 
875.625 
876.37 
876.65 
877.765 
878.23 
879.615 
880.425 
882.025 
882.64 
884.45 
885.605 
887.645 
889.085 
891.23 
892.765 
895.09 
897.28 
899.6 
901.325 
903.87 
905.655 
908.265 
909.975 
912.5 
913.95 
916.345 
918.08 
920.42 
922.04 
924.315 
925.835 
927.985 
929.795 
931.715 
932.82 
934.615 
935.705 
937.13 
937.81 
939.14 
939.18 
940.17 
940.44 
941.15 
941.085 
941.51 
941.15 
941.32 
941.16 
941.055 
940.07 
939.7 
938.545 
937.935 
936.46 
935.65 
933.48 
932.365 
930.47 
929.185 
927.14 
925.635 
923.39 
921.8 
919.92 
918.245 
915.785 
914.025 
911.55 
909.79 
907.28 
905.53 
902.605 
900.855 
898.565 
896.86 
894.615 
893.095 
891.03 
889.675 
888.145 
887.055 
885.25 
884.305 
882.845 
882.24 
880.93 
880.54 
879.175 
878.96 
878.285 
878.46 
878.025 
878.49 
878.34 
879.085 
879.775 
880.715 
881.175 
882.465 
883.265 
884.77 
885.705 
887.525 
888.405 
890.395 
891.795 
893.95 
895.565 
897.845 
899.565 
902.06 
904.295 
906.895 
908.715 
911.345 
913.325 
916.035 
917.86 
920.515 
922.105 
