Run 0 on 20200811 on sample T20-5d, LT thermometer,  dT/T0 = 0.02
Time per point = 3.125e-05 seconds
595.42 
595.07 
595.52 
595.35 
595.695 
595.45 
595.87 
595.32 
595.73 
595.455 
595.83 
595.61 
596.005 
595.74 
596.155 
596.355 
596.79 
596.51 
596.905 
596.695 
597.075 
596.785 
597.24 
596.465 
596.865 
596.565 
596.92 
596.65 
596.98 
596.695 
597.05 
597.18 
597.5 
597.125 
597.57 
597.25 
597.49 
597.095 
597.505 
596.81 
597.045 
596.655 
596.995 
596.625 
596.915 
596.54 
596.835 
596.89 
597.15 
596.77 
597.045 
596.64 
596.945 
596.55 
596.81 
596.075 
596.345 
595.92 
596.17 
595.815 
596.1 
595.69 
595.975 
596.035 
596.265 
595.88 
596.19 
595.86 
596.16 
595.785 
596.115 
595.38 
595.67 
595.32 
595.675 
595.31 
595.64 
595.22 
595.545 
595.71 
596.05 
595.655 
596.055 
595.765 
596.055 
595.83 
596.27 
595.48 
595.875 
595.58 
595.865 
595.655 
596.005 
595.785 
596.145 
596.355 
596.66 
596.38 
596.845 
596.6 
596.995 
596.705 
597.155 
596.49 
596.885 
596.63 
597.005 
596.69 
597.11 
596.825 
597.185 
597.35 
597.71 
597.39 
597.77 
597.52 
597.9 
597.555 
597.94 
597.23 
597.515 
597.18 
597.48 
597.205 
597.45 
597.115 
597.395 
597.535 
597.8 
597.455 
597.73 
597.395 
597.62 
597.225 
597.52 
596.675 
596.86 
596.53 
596.765 
596.385 
596.635 
596.175 
596.4 
596.365 
596.64 
596.205 
596.465 
596.03 
596.27 
595.79 
596.05 
595.235 
595.46 
595.06 
595.285 
594.825 
595.085 
594.62 
594.925 
594.91 
595.155 
594.765 
594.99 
594.645 
594.83 
594.395 
594.725 
593.995 
594.255 
593.835 
594.185 
593.71 
594.095 
593.71 
593.94 
594.15 
594.465 
594.0 
594.425 
594.095 
594.405 
594.07 
594.465 
593.78 
594.105 
593.78 
594.135 
593.885 
594.255 
593.96 
594.32 
594.5 
594.88 
594.585 
595.01 
594.745 
595.155 
594.895 
595.27 
594.65 
595.08 
594.745 
595.19 
594.88 
595.3 
595.035 
595.41 
595.625 
595.945 
595.675 
596.05 
595.795 
596.215 
595.84 
596.24 
595.505 
595.895 
595.575 
595.865 
595.545 
595.875 
595.615 
595.87 
596.075 
596.35 
595.96 
596.275 
595.925 
596.235 
595.795 
596.15 
595.34 
595.69 
595.25 
595.485 
595.215 
595.405 
594.975 
595.245 
595.25 
595.555 
595.16 
595.41 
594.96 
595.315 
594.83 
595.115 
594.345 
594.605 
594.115 
594.385 
594.005 
594.27 
593.82 
594.145 
594.165 
594.465 
594.045 
594.28 
593.995 
594.245 
593.86 
594.16 
593.36 
593.61 
593.28 
593.58 
593.265 
593.575 
593.095 
593.42 
593.585 
593.895 
593.53 
593.855 
593.5 
593.805 
593.495 
593.905 
593.16 
593.47 
593.175 
593.495 
593.23 
593.65 
593.27 
593.67 
593.83 
594.24 
593.88 
594.23 
593.975 
594.33 
594.025 
594.41 
593.79 
594.125 
593.825 
594.26 
593.945 
594.26 
593.96 
594.27 
594.44 
594.81 
594.42 
594.8 
594.49 
594.835 
594.425 
594.86 
594.085 
594.42 
594.06 
594.34 
593.97 
594.29 
593.935 
594.15 
594.3 
594.51 
594.135 
594.41 
594.055 
594.32 
593.915 
594.175 
593.355 
593.615 
593.125 
593.435 
593.015 
593.275 
592.77 
593.08 
593.04 
593.235 
592.84 
593.05 
592.625 
592.905 
592.4 
592.665 
591.84 
592.075 
591.63 
591.845 
591.455 
591.66 
591.23 
591.525 
591.525 
591.69 
591.32 
591.585 
591.21 
591.415 
591.06 
591.34 
590.475 
590.775 
590.38 
590.665 
590.265 
590.55 
590.2 
590.505 
590.6 
590.975 
590.54 
590.905 
590.625 
590.92 
590.635 
591.035 
590.225 
590.53 
590.2 
590.54 
590.355 
590.675 
590.39 
590.78 
590.905 
591.3 
591.07 
591.505 
591.155 
591.575 
591.265 
591.71 
591.01 
591.375 
591.075 
591.435 
591.21 
591.555 
591.265 
591.665 
591.86 
592.15 
591.88 
592.27 
591.895 
592.325 
591.9 
592.255 
591.525 
591.845 
591.52 
591.84 
591.475 
591.74 
591.4 
591.64 
591.755 
592.005 
591.505 
591.88 
591.495 
591.61 
591.21 
591.445 
590.675 
590.945 
590.42 
590.63 
590.16 
590.34 
589.86 
590.01 
589.955 
590.11 
589.575 
589.8 
589.3 
589.445 
588.825 
589.015 
588.07 
588.15 
587.585 
587.65 
587.14 
587.21 
586.675 
586.745 
586.615 
586.705 
585.98 
586.17 
585.495 
585.555 
584.97 
585.015 
583.99 
584.105 
583.445 
583.51 
582.855 
582.93 
582.205 
582.245 
582.025 
582.1 
581.355 
581.35 
580.69 
580.725 
580.005 
580.07 
578.975 
578.91 
578.29 
578.21 
577.51 
577.525 
576.735 
576.72 
576.495 
576.36 
575.695 
575.57 
574.825 
574.775 
573.97 
573.88 
572.76 
572.63 
571.795 
571.69 
570.82 
570.745 
569.825 
569.675 
569.245 
569.08 
568.095 
567.935 
567.065 
566.89 
565.845 
565.635 
564.26 
563.95 
562.935 
562.615 
561.66 
561.315 
560.225 
559.855 
559.305 
558.915 
557.8 
557.445 
556.325 
555.89 
554.77 
554.32 
552.83 
552.265 
551.18 
550.675 
549.49 
549.01 
547.785 
547.25 
546.485 
545.94 
544.685 
544.125 
542.95 
542.39 
541.06 
540.53 
538.885 
538.3 
537.005 
536.43 
535.13 
534.555 
533.275 
532.67 
531.85 
531.18 
529.905 
529.305 
528.035 
527.39 
526.095 
525.555 
523.955 
523.315 
521.985 
521.395 
520.175 
519.53 
518.17 
517.575 
516.745 
516.23 
514.88 
514.365 
513.04 
512.47 
511.16 
510.58 
508.995 
508.465 
507.075 
506.53 
505.265 
504.81 
503.435 
502.935 
502.15 
501.545 
500.28 
499.795 
498.57 
497.915 
496.74 
496.185 
494.635 
494.095 
492.81 
492.26 
490.975 
490.39 
489.15 
488.61 
487.78 
487.24 
485.935 
485.375 
484.195 
483.59 
482.24 
481.73 
480.01 
479.405 
478.08 
477.55 
476.205 
475.595 
474.26 
473.66 
472.81 
472.215 
470.835 
470.155 
468.875 
468.185 
466.935 
466.27 
464.595 
463.97 
462.53 
461.89 
460.555 
459.92 
458.5 
457.8 
456.95 
456.295 
454.87 
454.325 
452.915 
452.265 
450.845 
450.275 
448.575 
447.895 
446.51 
445.805 
444.575 
443.89 
442.61 
441.915 
441.105 
440.48 
439.18 
438.565 
437.26 
436.67 
435.435 
434.725 
433.14 
432.555 
431.235 
430.735 
429.49 
428.965 
427.67 
427.05 
426.355 
425.795 
424.54 
424.04 
422.87 
422.315 
421.245 
420.765 
419.11 
418.61 
417.46 
417.005 
415.83 
415.385 
414.235 
413.785 
413.13 
412.685 
411.58 
411.11 
410.04 
409.565 
408.52 
408.055 
406.635 
406.175 
405.045 
404.63 
403.485 
403.095 
402.045 
401.62 
400.935 
400.5 
399.335 
398.915 
397.845 
397.475 
396.265 
395.865 
394.285 
393.82 
392.755 
392.285 
391.21 
390.69 
389.555 
389.12 
388.47 
388.0 
386.865 
386.285 
385.235 
384.7 
383.58 
383.155 
381.545 
381.045 
379.92 
379.405 
378.315 
377.85 
376.64 
376.17 
375.44 
375.005 
373.825 
373.405 
372.295 
371.765 
370.67 
370.255 
368.685 
368.18 
367.06 
366.62 
365.52 
365.025 
363.945 
363.485 
362.86 
362.385 
361.35 
360.96 
359.88 
359.465 
358.345 
358.065 
356.58 
356.115 
355.13 
354.735 
353.735 
353.325 
352.32 
351.92 
351.48 
351.055 
350.035 
349.74 
348.765 
348.44 
347.48 
347.18 
345.795 
345.455 
344.485 
344.2 
343.31 
343.02 
342.05 
341.8 
341.23 
341.01 
340.05 
339.8 
338.895 
338.61 
337.6 
337.41 
335.985 
335.69 
334.68 
334.505 
333.55 
333.275 
332.31 
332.04 
331.59 
331.255 
330.295 
330.04 
329.145 
328.85 
327.88 
327.625 
326.165 
325.885 
324.935 
324.625 
323.66 
323.355 
322.385 
322.035 
321.565 
321.24 
320.23 
319.92 
318.995 
318.6 
317.685 
317.37 
316.01 
315.69 
314.69 
314.35 
313.45 
313.105 
312.12 
311.865 
311.35 
311.03 
310.05 
309.735 
308.825 
308.57 
307.54 
307.3 
305.96 
305.665 
304.715 
304.475 
303.56 
303.3 
302.33 
302.175 
301.67 
301.455 
300.505 
300.35 
299.465 
299.31 
298.395 
298.205 
296.95 
296.785 
295.91 
295.76 
294.9 
294.765 
293.945 
293.8 
293.475 
293.285 
292.475 
292.37 
291.585 
291.495 
290.755 
290.625 
289.38 
289.34 
288.565 
288.425 
287.68 
287.63 
286.895 
286.775 
286.46 
286.35 
285.56 
285.545 
284.795 
284.695 
283.935 
283.865 
282.725 
282.685 
281.835 
281.785 
281.005 
280.885 
280.115 
280.08 
279.69 
279.615 
278.79 
278.685 
277.91 
277.855 
276.96 
276.885 
275.715 
275.575 
274.705 
274.595 
273.795 
273.67 
272.805 
272.69 
272.305 
272.165 
271.3 
271.155 
270.36 
270.11 
269.335 
269.235 
267.915 
267.785 
266.955 
266.68 
265.935 
265.735 
264.89 
264.735 
264.33 
264.16 
263.315 
263.205 
262.38 
262.24 
261.35 
261.21 
259.96 
259.875 
259.025 
258.885 
258.17 
257.945 
257.185 
257.075 
256.695 
256.52 
255.75 
255.665 
254.9 
254.805 
254.01 
253.985 
252.915 
252.81 
252.03 
251.945 
251.23 
251.13 
250.435 
250.365 
250.03 
250.01 
249.215 
249.265 
248.495 
248.485 
247.715 
247.72 
246.575 
246.56 
245.82 
245.78 
245.105 
245.03 
244.33 
244.315 
244.07 
243.97 
243.215 
243.325 
242.565 
242.485 
241.73 
241.74 
240.6 
240.55 
239.795 
239.775 
239.025 
238.985 
238.26 
238.155 
237.855 
237.79 
237.0 
236.975 
236.185 
236.07 
235.265 
235.26 
234.03 
233.95 
233.115 
233.03 
232.27 
232.14 
231.38 
231.18 
230.885 
230.755 
229.915 
229.8 
229.05 
228.82 
228.045 
228.035 
226.78 
226.64 
225.845 
225.73 
224.99 
224.83 
224.05 
223.9 
223.63 
223.475 
222.75 
222.65 
221.93 
221.78 
221.09 
220.945 
219.835 
219.82 
219.08 
219.025 
218.36 
218.22 
217.6 
217.52 
217.29 
217.195 
216.545 
216.58 
216.0 
215.95 
215.295 
215.32 
214.185 
214.175 
213.6 
213.625 
212.97 
213.085 
212.4 
212.495 
212.32 
212.36 
211.735 
211.855 
211.32 
211.375 
210.835 
210.895 
209.905 
209.98 
209.41 
209.505 
208.935 
209.01 
208.44 
208.51 
208.39 
208.455 
207.945 
208.01 
207.465 
207.595 
206.955 
207.09 
206.105 
206.095 
205.56 
205.6 
205.005 
205.02 
204.47 
204.46 
204.33 
204.35 
203.695 
203.695 
203.185 
203.165 
202.525 
202.525 
201.43 
201.375 
200.845 
200.77 
200.115 
200.11 
199.455 
199.395 
199.145 
199.105 
198.455 
198.43 
197.755 
197.72 
197.03 
197.025 
195.805 
195.745 
195.12 
194.97 
194.355 
194.445 
193.655 
193.595 
193.39 
193.355 
192.7 
192.72 
192.105 
192.01 
191.375 
191.425 
190.31 
190.32 
189.675 
189.685 
189.075 
189.055 
188.45 
188.54 
188.37 
188.365 
187.8 
187.84 
187.38 
187.345 
186.8 
186.93 
185.92 
186.015 
185.45 
185.55 
185.095 
185.2 
184.62 
184.735 
184.715 
184.77 
184.295 
184.48 
184.01 
184.135 
183.695 
183.875 
182.88 
182.975 
182.57 
182.685 
182.3 
182.395 
181.94 
182.21 
182.09 
182.21 
181.77 
181.965 
181.535 
181.655 
181.115 
181.31 
180.345 
180.45 
179.94 
180.11 
179.64 
179.84 
179.265 
179.39 
179.275 
179.365 
178.86 
178.97 
178.545 
178.56 
178.02 
178.07 
177.085 
177.16 
176.61 
176.7 
176.15 
176.185 
175.57 
175.625 
175.485 
175.605 
174.92 
175.045 
174.405 
174.51 
173.86 
174.01 
172.84 
172.955 
172.3 
172.32 
171.775 
171.815 
171.235 
171.355 
171.1 
171.18 
170.61 
170.64 
170.095 
170.19 
169.62 
169.7 
168.685 
168.735 
168.185 
168.255 
167.805 
167.87 
167.38 
167.42 
167.375 
167.485 
166.915 
167.08 
166.665 
166.79 
166.32 
166.47 
165.555 
165.72 
165.215 
165.365 
165.005 
165.13 
164.735 
164.915 
164.89 
165.095 
164.64 
164.92 
164.51 
164.75 
164.325 
164.555 
163.67 
163.94 
163.535 
163.74 
163.33 
163.595 
163.225 
163.47 
163.51 
163.695 
163.305 
163.545 
163.17 
163.38 
162.925 
163.18 
162.275 
162.49 
162.08 
162.265 
161.87 
162.005 
161.61 
161.82 
161.74 
161.82 
161.44 
161.595 
161.11 
161.265 
160.775 
160.97 
160.015 
160.075 
159.61 
159.72 
159.28 
159.31 
158.82 
158.87 
158.83 
158.86 
158.285 
158.46 
157.87 
157.965 
157.35 
157.49 
156.425 
156.53 
155.885 
155.955 
155.445 
155.51 
154.895 
154.965 
154.785 
154.845 
154.37 
154.465 
153.875 
153.91 
153.36 
153.47 
152.465 
152.6 
151.965 
152.1 
151.565 
151.635 
151.15 
151.305 
151.13 
151.265 
150.755 
150.885 
150.405 
150.63 
150.07 
150.225 
149.29 
149.425 
148.93 
149.195 
148.685 
148.875 
148.38 
148.57 
148.585 
148.73 
148.285 
148.52 
148.16 
148.35 
147.945 
148.18 
147.3 
147.45 
147.11 
147.255 
146.92 
147.12 
146.765 
146.935 
146.925 
147.16 
146.785 
147.025 
146.575 
146.81 
146.38 
146.59 
145.7 
145.93 
145.475 
145.665 
145.255 
145.415 
144.935 
145.145 
145.065 
145.235 
144.735 
144.91 
144.53 
144.64 
144.205 
144.325 
143.345 
143.45 
142.97 
143.075 
142.6 
142.685 
142.2 
142.34 
142.215 
142.325 
141.785 
141.89 
141.35 
141.515 
140.96 
141.06 
140.09 
140.145 
139.61 
139.76 
139.26 
139.325 
138.78 
138.93 
138.795 
138.9 
138.43 
138.545 
138.055 
138.155 
137.665 
137.81 
136.86 
136.995 
136.495 
136.65 
136.285 
136.33 
135.895 
136.035 
136.015 
136.2 
135.825 
135.97 
135.6 
135.785 
135.325 
135.535 
134.66 
134.885 
134.54 
134.795 
134.38 
134.62 
134.28 
134.505 
134.555 
134.88 
134.44 
134.775 
134.5 
134.685 
134.335 
134.68 
133.915 
134.125 
133.795 
134.075 
133.81 
134.07 
133.72 
133.985 
134.15 
134.35 
134.115 
134.355 
134.075 
134.33 
134.005 
134.275 
133.53 
133.9 
133.43 
133.71 
133.35 
133.63 
133.22 
133.495 
133.59 
133.8 
133.39 
133.63 
133.25 
133.44 
133.04 
133.35 
132.39 
132.595 
132.155 
132.35 
131.96 
132.195 
131.72 
131.905 
131.905 
132.075 
131.635 
131.85 
131.44 
131.575 
131.065 
131.325 
130.36 
130.58 
130.12 
130.265 
129.825 
130.085 
129.56 
129.725 
129.78 
129.91 
129.505 
129.725 
129.265 
129.455 
128.95 
129.26 
128.435 
128.59 
128.175 
128.41 
128.01 
128.255 
127.875 
128.145 
128.14 
128.445 
127.955 
128.31 
127.905 
128.225 
127.78 
128.125 
127.295 
127.58 
127.28 
127.58 
127.22 
127.565 
127.215 
127.555 
127.65 
127.955 
127.665 
128.02 
127.765 
128.065 
127.715 
128.065 
127.28 
127.57 
127.39 
127.655 
127.41 
127.71 
127.34 
127.715 
127.855 
128.13 
127.815 
128.16 
127.79 
128.09 
127.67 
128.035 
127.22 
127.525 
127.145 
127.43 
127.045 
127.295 
126.92 
127.21 
127.22 
127.55 
127.02 
127.25 
126.86 
127.06 
126.55 
126.855 
126.02 
126.105 
125.66 
125.82 
125.365 
125.555 
125.035 
125.165 
125.195 
125.33 
124.795 
125.01 
124.48 
124.665 
124.12 
124.305 
123.415 
123.59 
123.07 
123.21 
122.81 
122.855 
122.33 
122.575 
122.52 
122.595 
122.15 
122.34 
121.85 
122.01 
121.555 
121.775 
120.83 
120.995 
120.615 
120.785 
120.37 
120.57 
120.09 
120.435 
120.355 
120.605 
120.14 
120.43 
120.0 
120.295 
119.765 
120.155 
119.4 
119.615 
119.315 
119.56 
119.215 
119.585 
119.12 
119.49 
119.605 
119.92 
119.615 
119.91 
119.545 
119.945 
119.515 
119.925 
119.26 
119.63 
119.205 
119.585 
119.325 
119.67 
119.26 
119.675 
119.745 
120.11 
119.755 
120.14 
119.835 
120.1 
119.765 
120.035 
119.465 
119.66 
119.395 
119.65 
119.375 
119.64 
119.215 
119.555 
119.6 
119.9 
119.485 
119.835 
119.425 
119.64 
119.14 
119.475 
118.675 
118.825 
118.47 
118.69 
118.205 
118.475 
117.935 
118.185 
118.21 
118.41 
117.86 
118.09 
117.665 
117.815 
117.3 
117.545 
116.8 
116.94 
116.44 
116.63 
116.21 
116.47 
115.85 
116.06 
116.095 
116.355 
115.84 
116.095 
115.66 
115.86 
115.41 
115.64 
114.88 
115.065 
114.59 
114.84 
114.455 
114.78 
114.28 
114.615 
114.64 
114.94 
114.49 
114.78 
114.46 
114.79 
114.39 
114.72 
114.095 
114.415 
114.055 
114.39 
114.06 
114.44 
113.965 
114.4 
114.51 
114.975 
114.495 
114.955 
114.635 
114.995 
114.63 
115.04 
114.39 
114.805 
114.4 
114.79 
114.505 
114.87 
114.56 
114.915 
115.05 
115.44 
115.045 
115.5 
115.175 
115.48 
115.17 
115.5 
114.81 
115.195 
114.75 
115.185 
114.735 
115.02 
114.665 
114.95 
114.985 
115.365 
114.87 
115.19 
114.83 
115.1 
114.625 
114.92 
114.09 
114.365 
113.905 
114.125 
113.695 
113.88 
113.37 
113.63 
113.59 
113.86 
113.335 
113.55 
113.135 
113.33 
112.78 
113.075 
112.23 
112.505 
111.85 
112.105 
111.65 
111.82 
111.27 
111.585 
111.565 
111.86 
111.305 
111.52 
111.09 
111.36 
110.89 
111.1 
110.26 
110.635 
110.135 
110.385 
109.895 
110.23 
109.805 
110.165 
110.185 
110.46 
110.01 
110.455 
110.095 
110.375 
110.025 
110.365 
109.65 
110.02 
109.64 
109.985 
109.735 
110.07 
109.775 
110.115 
110.25 
110.65 
110.38 
110.75 
110.445 
110.8 
110.59 
110.99 
110.265 
110.71 
110.39 
110.815 
110.53 
110.935 
110.64 
110.97 
111.15 
111.605 
111.3 
111.68 
111.4 
111.78 
111.48 
111.83 
111.265 
111.61 
111.245 
111.56 
111.21 
111.565 
111.22 
111.5 
111.62 
112.01 
111.485 
111.855 
111.505 
111.81 
111.385 
111.71 
110.9 
111.25 
110.75 
111.04 
110.645 
110.905 
110.475 
110.705 
110.78 
111.02 
110.545 
110.795 
110.41 
110.635 
110.22 
110.465 
109.6 
109.885 
109.39 
109.66 
109.185 
109.525 
109.04 
109.325 
109.295 
109.56 
109.19 
109.5 
109.1 
109.325 
108.91 
109.25 
108.375 
108.685 
108.285 
108.555 
108.25 
108.5 
108.155 
108.525 
108.62 
108.895 
108.485 
108.835 
108.62 
108.97 
108.625 
109.015 
108.21 
108.64 
108.295 
108.605 
108.405 
108.77 
108.38 
108.845 
109.025 
109.52 
109.115 
109.555 
109.305 
109.71 
109.395 
109.825 
109.205 
109.575 
109.285 
109.69 
109.44 
109.815 
109.515 
109.96 
110.105 
110.49 
110.195 
110.6 
110.345 
110.7 
110.395 
110.79 
110.04 
110.38 
110.06 
110.44 
110.1 
110.42 
110.035 
110.36 
110.51 
110.735 
110.365 
110.69 
110.335 
110.56 
110.17 
110.46 
109.625 
109.84 
109.475 
109.69 
109.35 
109.495 
109.065 
109.3 
109.33 
109.57 
109.085 
109.285 
108.905 
109.055 
108.635 
108.84 
108.16 
108.28 
107.855 
108.065 
107.68 
107.86 
107.26 
107.53 
107.54 
107.805 
107.27 
107.56 
107.065 
107.315 
106.76 
107.13 
106.34 
106.605 
106.105 
106.38 
105.97 
106.235 
105.715 
105.97 
106.12 
106.45 
105.925 
106.325 
105.94 
106.315 
105.855 
106.195 
105.535 
105.89 
105.425 
105.875 
105.495 
105.82 
105.53 
105.835 
106.055 
106.355 
106.015 
106.48 
106.115 
106.535 
106.12 
106.6 
105.895 
106.215 
105.91 
106.28 
106.03 
106.37 
105.99 
106.445 
106.555 
106.92 
106.59 
107.0 
106.66 
106.96 
106.635 
107.02 
106.38 
106.71 
106.36 
106.68 
106.26 
106.61 
106.17 
106.515 
106.61 
106.93 
106.405 
106.725 
106.35 
106.68 
106.165 
106.5 
105.68 
106.03 
105.515 
105.755 
105.32 
105.565 
105.065 
105.365 
105.335 
105.715 
105.13 
105.41 
105.01 
105.22 
104.76 
105.0 
104.18 
104.475 
103.93 
104.26 
103.775 
104.055 
103.585 
103.835 
103.8 
104.125 
103.685 
103.93 
103.62 
103.85 
103.42 
103.755 
102.92 
103.235 
102.795 
103.12 
102.77 
103.11 
102.73 
103.03 
103.135 
103.525 
103.16 
103.5 
103.275 
103.615 
103.275 
103.665 
103.05 
103.45 
103.13 
103.54 
103.175 
103.585 
103.285 
103.745 
103.915 
104.38 
103.985 
104.49 
104.18 
104.665 
104.335 
104.795 
104.165 
104.62 
104.315 
104.76 
104.525 
104.93 
104.63 
105.105 
105.255 
105.72 
105.335 
105.83 
105.575 
105.94 
105.625 
106.04 
105.39 
105.835 
105.46 
105.84 
105.575 
105.84 
105.545 
105.845 
105.995 
106.33 
105.94 
106.335 
106.0 
106.26 
105.855 
106.175 
105.335 
105.66 
105.245 
105.52 
105.155 
105.405 
104.975 
105.235 
105.27 
105.55 
105.05 
105.355 
104.895 
105.095 
104.77 
105.01 
104.16 
104.385 
103.865 
104.13 
103.68 
103.95 
103.44 
103.69 
103.675 
103.985 
103.465 
103.765 
103.39 
103.655 
103.175 
103.42 
102.675 
102.98 
102.485 
102.775 
102.375 
102.71 
102.25 
102.53 
102.65 
102.96 
102.54 
102.84 
102.555 
102.875 
102.555 
102.885 
102.165 
102.52 
102.235 
102.52 
102.245 
102.57 
102.235 
102.635 
102.735 
103.22 
102.91 
103.255 
102.915 
103.38 
103.025 
103.52 
102.76 
103.065 
102.79 
103.23 
102.945 
103.37 
103.025 
103.43 
103.57 
103.945 
103.645 
104.06 
103.775 
104.105 
103.785 
104.22 
103.605 
104.045 
103.56 
103.995 
103.585 
103.92 
103.515 
103.93 
103.9 
104.365 
103.86 
104.19 
103.795 
104.16 
103.73 
104.06 
103.23 
103.56 
103.08 
103.355 
102.915 
103.195 
102.75 
103.0 
103.085 
103.41 
102.87 
103.145 
102.7 
102.985 
102.54 
102.85 
102.015 
102.27 
101.8 
102.025 
101.725 
101.985 
101.455 
101.8 
101.77 
102.1 
101.56 
101.98 
101.525 
101.82 
101.46 
101.735 
100.97 
101.25 
100.85 
101.145 
100.78 
101.07 
100.73 
101.14 
101.25 
101.555 
101.26 
101.63 
101.35 
101.655 
101.39 
101.815 
101.105 
101.495 
101.105 
101.565 
101.285 
101.68 
101.36 
101.8 
101.945 
102.445 
102.065 
102.53 
102.27 
102.705 
102.455 
102.885 
102.165 
102.655 
102.31 
102.805 
102.51 
102.945 
102.64 
103.055 
103.2 
103.67 
103.34 
103.795 
103.53 
103.91 
103.625 
103.93 
103.325 
103.66 
103.27 
103.695 
103.375 
103.715 
103.4 
103.735 
103.82 
104.165 
103.74 
104.03 
103.71 
103.945 
103.61 
103.88 
103.055 
103.33 
102.875 
103.185 
102.825 
103.055 
102.615 
102.86 
102.905 
103.12 
102.655 
102.84 
102.46 
102.685 
102.275 
102.53 
101.725 
102.005 
101.43 
101.685 
101.24 
101.485 
100.995 
101.285 
101.225 
101.54 
101.06 
101.36 
100.94 
101.21 
100.775 
101.0 
100.25 
100.575 
100.075 
100.38 
100.015 
100.295 
99.975 
100.23 
100.36 
100.67 
100.265 
100.605 
100.315 
100.65 
100.345 
100.695 
100.005 
100.395 
100.05 
100.445 
100.06 
100.515 
100.215 
100.535 
100.76 
101.095 
100.795 
101.215 
100.98 
101.345 
101.205 
101.525 
100.855 
101.17 
100.95 
101.345 
101.08 
101.485 
101.215 
101.6 
101.765 
102.13 
101.885 
102.29 
101.96 
102.38 
102.065 
102.38 
101.67 
102.015 
101.635 
101.985 
101.685 
101.945 
101.645 
101.96 
102.03 
102.38 
101.925 
102.24 
101.875 
102.175 
101.78 
102.08 
101.215 
101.525 
101.07 
101.325 
100.94 
101.2 
100.77 
101.015 
101.025 
101.33 
100.86 
101.07 
100.705 
100.86 
100.505 
100.765 
99.925 
100.165 
99.76 
99.96 
99.57 
99.83 
99.365 
99.66 
99.68 
99.915 
99.51 
99.825 
99.45 
99.71 
99.335 
99.61 
98.81 
99.095 
98.685 
99.055 
98.695 
99.095 
98.69 
99.065 
99.135 
99.46 
99.15 
99.59 
99.28 
99.635 
99.39 
99.72 
99.195 
99.41 
99.275 
99.665 
99.4 
99.825 
99.515 
99.955 
100.16 
100.575 
100.315 
100.77 
100.455 
100.975 
100.635 
101.1 
100.485 
100.97 
100.67 
101.035 
100.82 
101.345 
100.96 
101.455 
101.635 
102.115 
101.715 
102.23 
101.895 
102.36 
102.0 
102.435 
101.875 
102.24 
101.875 
102.24 
101.93 
102.34 
101.975 
102.355 
102.45 
102.83 
102.42 
102.77 
102.41 
102.765 
102.34 
102.735 
101.935 
102.22 
101.79 
102.055 
101.74 
102.015 
101.59 
101.865 
101.935 
102.24 
101.725 
101.99 
101.615 
101.83 
101.455 
101.685 
100.99 
101.23 
100.84 
101.065 
100.615 
100.88 
100.44 
100.73 
100.755 
101.075 
100.565 
100.85 
100.425 
100.72 
100.275 
100.635 
99.91 
100.285 
99.74 
100.08 
99.72 
100.07 
99.63 
100.05 
100.14 
100.55 
100.075 
100.475 
100.205 
100.59 
100.195 
100.625 
99.935 
100.29 
100.005 
100.375 
100.12 
100.595 
100.26 
100.665 
100.805 
101.275 
100.965 
101.36 
101.13 
101.54 
101.27 
101.725 
101.015 
101.445 
101.12 
101.51 
101.3 
101.705 
101.375 
101.81 
101.99 
102.38 
102.08 
102.475 
102.245 
102.515 
102.25 
102.605 
102.035 
102.395 
101.98 
102.35 
101.965 
102.325 
101.89 
102.29 
102.355 
102.66 
102.19 
102.54 
102.155 
102.44 
101.925 
102.3 
101.515 
101.79 
101.285 
101.575 
101.115 
101.365 
100.855 
101.15 
101.205 
101.425 
100.88 
101.155 
100.7 
100.935 
100.435 
100.78 
99.925 
100.16 
99.63 
99.88 
99.46 
99.72 
99.305 
99.545 
99.52 
99.785 
99.305 
99.635 
99.19 
99.49 
99.055 
99.335 
98.54 
98.87 
98.415 
98.73 
98.395 
98.665 
98.36 
98.63 
98.765 
99.145 
98.78 
99.115 
98.88 
99.18 
98.925 
99.255 
98.605 
99.025 
98.705 
99.075 
98.79 
99.23 
98.945 
99.4 
99.545 
100.055 
99.695 
100.17 
99.975 
100.37 
100.145 
100.615 
99.905 
100.46 
100.175 
100.565 
100.395 
100.885 
100.555 
101.055 
101.22 
101.655 
101.4 
101.885 
101.635 
102.04 
101.775 
102.135 
101.535 
101.95 
101.675 
101.92 
101.735 
102.105 
101.785 
102.14 
102.285 
102.66 
102.275 
102.61 
102.315 
102.655 
102.25 
102.615 
101.8 
102.085 
101.685 
101.995 
101.605 
101.91 
101.525 
101.79 
101.85 
102.095 
101.66 
101.95 
101.58 
101.83 
101.405 
101.74 
100.925 
101.26 
100.785 
101.035 
100.66 
100.835 
100.375 
100.69 
100.71 
101.005 
100.545 
100.875 
100.44 
100.75 
100.28 
100.6 
99.875 
100.19 
99.76 
100.025 
99.655 
99.98 
99.585 
99.97 
100.06 
100.405 
100.07 
100.395 
100.095 
100.38 
100.155 
100.495 
99.875 
100.195 
99.96 
100.32 
100.0 
100.44 
100.11 
100.49 
100.69 
101.205 
100.765 
101.285 
101.0 
101.345 
101.135 
101.605 
100.935 
101.31 
100.985 
101.39 
101.2 
101.615 
101.31 
101.735 
101.91 
102.28 
102.065 
102.46 
102.225 
102.54 
102.22 
102.62 
101.885 
102.315 
101.86 
102.255 
101.95 
102.23 
101.93 
102.32 
102.35 
102.745 
102.245 
102.535 
102.245 
102.53 
102.1 
102.37 
101.595 
101.875 
101.4 
101.705 
101.28 
101.53 
101.06 
101.32 
101.4 
101.675 
101.15 
101.415 
100.975 
101.17 
100.72 
101.015 
100.165 
100.385 
99.91 
100.11 
99.795 
99.96 
99.52 
99.78 
99.82 
100.025 
99.665 
99.89 
99.495 
99.8 
99.38 
99.685 
98.77 
99.115 
98.765 
99.04 
98.68 
98.945 
98.585 
98.9 
99.105 
99.385 
99.03 
99.405 
99.12 
99.485 
99.19 
99.535 
98.83 
99.28 
98.925 
99.4 
99.095 
99.455 
99.195 
99.64 
99.825 
100.315 
99.97 
100.415 
100.21 
100.66 
100.365 
100.835 
100.21 
100.67 
100.425 
100.835 
100.655 
101.07 
100.785 
101.21 
101.455 
101.9 
101.64 
102.085 
101.87 
102.28 
102.005 
102.38 
101.78 
102.18 
101.9 
102.24 
101.965 
102.35 
102.055 
102.42 
102.555 
102.88 
102.575 
102.965 
102.705 
102.98 
102.545 
102.925 
102.115 
102.44 
101.99 
102.35 
102.015 
102.24 
101.9 
102.17 
102.25 
102.425 
102.1 
102.325 
101.96 
102.235 
101.775 
102.08 
101.21 
101.495 
101.025 
101.22 
100.92 
101.19 
100.67 
100.995 
100.98 
101.315 
100.95 
101.185 
100.845 
101.105 
100.705 
101.055 
100.24 
100.47 
100.13 
100.4 
100.125 
100.42 
100.08 
100.4 
100.51 
100.76 
100.5 
100.815 
100.605 
100.92 
100.615 
100.955 
100.245 
100.575 
100.35 
100.71 
100.46 
100.8 
100.56 
100.94 
101.155 
101.475 
101.22 
101.665 
101.395 
101.805 
101.585 
101.975 
101.245 
101.645 
101.375 
101.755 
101.57 
101.965 
101.585 
102.02 
102.205 
102.585 
102.335 
102.735 
102.43 
102.79 
102.485 
102.81 
102.275 
102.625 
102.2 
102.57 
102.195 
102.55 
102.15 
102.5 
102.56 
102.885 
102.465 
102.785 
102.38 
102.685 
102.195 
102.52 
101.805 
