Run 0 on 20200811 on sample T20-5d, LT thermometer,  dT/T0 = 0.02
Time per point = 3.125e-05 seconds
-1075.355 
-1075.625 
-1074.965 
-1074.975 
-1074.37 
-1074.41 
-1073.745 
-1074.3 
-1073.62 
-1073.645 
-1073.03 
-1073.025 
-1072.495 
-1072.56 
-1071.965 
-1071.585 
-1071.08 
-1071.16 
-1070.655 
-1070.805 
-1070.25 
-1070.475 
-1070.01 
-1070.595 
-1070.175 
-1070.475 
-1070.035 
-1070.32 
-1069.955 
-1070.325 
-1070.0 
-1069.905 
-1069.585 
-1070.125 
-1069.82 
-1070.21 
-1070.03 
-1070.485 
-1070.35 
-1071.235 
-1071.055 
-1071.635 
-1071.465 
-1072.12 
-1071.955 
-1072.62 
-1072.57 
-1072.655 
-1072.695 
-1073.345 
-1073.29 
-1073.985 
-1073.86 
-1074.54 
-1074.535 
-1075.545 
-1075.515 
-1076.17 
-1076.195 
-1076.755 
-1076.775 
-1077.43 
-1077.38 
-1077.505 
-1077.45 
-1077.96 
-1077.87 
-1078.365 
-1078.325 
-1078.78 
-1078.545 
-1079.505 
-1079.28 
-1079.815 
-1079.465 
-1079.87 
-1079.62 
-1080.03 
-1079.675 
-1079.56 
-1079.145 
-1079.475 
-1079.02 
-1079.255 
-1078.845 
-1079.115 
-1078.565 
-1079.165 
-1078.625 
-1078.8 
-1078.225 
-1078.29 
-1077.72 
-1077.835 
-1077.255 
-1076.795 
-1076.265 
-1076.215 
-1075.55 
-1075.545 
-1074.875 
-1074.88 
-1074.27 
-1074.715 
-1073.97 
-1074.045 
-1073.425 
-1073.465 
-1072.795 
-1072.905 
-1072.23 
-1071.845 
-1071.245 
-1071.3 
-1070.73 
-1070.91 
-1070.32 
-1070.375 
-1069.885 
-1070.46 
-1070.005 
-1070.255 
-1069.795 
-1070.0 
-1069.595 
-1069.885 
-1069.495 
-1069.37 
-1069.025 
-1069.35 
-1069.03 
-1069.39 
-1069.225 
-1069.61 
-1069.325 
-1070.195 
-1070.07 
-1070.505 
-1070.26 
-1070.805 
-1070.66 
-1071.205 
-1071.07 
-1071.125 
-1071.025 
-1071.735 
-1071.485 
-1071.96 
-1071.915 
-1072.49 
-1072.3 
-1073.39 
-1073.22 
-1073.805 
-1073.715 
-1074.22 
-1074.055 
-1074.62 
-1074.47 
-1074.54 
-1074.39 
-1074.865 
-1074.705 
-1075.09 
-1074.86 
-1075.3 
-1074.975 
-1075.765 
-1075.495 
-1075.905 
-1075.52 
-1075.855 
-1075.455 
-1075.76 
-1075.345 
-1075.15 
-1074.7 
-1074.865 
-1074.41 
-1074.525 
-1074.03 
-1074.2 
-1073.59 
-1074.03 
-1073.53 
-1073.56 
-1072.96 
-1072.955 
-1072.3 
-1072.31 
-1071.72 
-1071.18 
-1070.54 
-1070.555 
-1069.79 
-1069.73 
-1069.145 
-1069.105 
-1068.325 
-1068.71 
-1068.055 
-1068.025 
-1067.36 
-1067.3 
-1066.64 
-1066.715 
-1066.03 
-1065.62 
-1065.015 
-1065.05 
-1064.48 
-1064.49 
-1063.905 
-1064.06 
-1063.55 
-1064.08 
-1063.615 
-1063.835 
-1063.35 
-1063.555 
-1063.19 
-1063.46 
-1063.075 
-1062.91 
-1062.56 
-1062.9 
-1062.58 
-1062.94 
-1062.675 
-1063.105 
-1062.845 
-1063.665 
-1063.435 
-1063.905 
-1063.685 
-1064.22 
-1063.99 
-1064.55 
-1064.36 
-1064.44 
-1064.325 
-1064.895 
-1064.725 
-1065.275 
-1065.09 
-1065.695 
-1065.565 
-1066.485 
-1066.325 
-1066.855 
-1066.72 
-1067.19 
-1067.02 
-1067.57 
-1067.345 
-1067.395 
-1067.25 
-1067.665 
-1067.395 
-1067.79 
-1067.525 
-1067.995 
-1067.625 
-1068.33 
-1068.095 
-1068.39 
-1067.975 
-1068.205 
-1067.82 
-1068.08 
-1067.625 
-1067.405 
-1066.94 
-1067.015 
-1066.54 
-1066.55 
-1066.035 
-1066.14 
-1065.525 
-1065.99 
-1065.355 
-1065.37 
-1064.735 
-1064.72 
-1064.05 
-1064.005 
-1063.295 
-1062.785 
-1062.155 
-1062.07 
-1061.365 
-1061.255 
-1060.565 
-1060.495 
-1059.8 
-1060.115 
-1059.4 
-1059.39 
-1058.65 
-1058.62 
-1057.99 
-1058.025 
-1057.36 
-1056.95 
-1056.29 
-1056.37 
-1055.755 
-1055.795 
-1055.305 
-1055.46 
-1054.85 
-1055.425 
-1055.03 
-1055.17 
-1054.755 
-1055.03 
-1054.57 
-1054.845 
-1054.5 
-1054.405 
-1054.015 
-1054.41 
-1054.105 
-1054.44 
-1054.255 
-1054.71 
-1054.43 
-1055.27 
-1055.15 
-1055.58 
-1055.5 
-1055.975 
-1055.825 
-1056.355 
-1056.205 
-1056.33 
-1056.235 
-1056.8 
-1056.695 
-1057.215 
-1057.065 
-1057.695 
-1057.585 
-1058.55 
-1058.435 
-1058.995 
-1058.835 
-1059.35 
-1059.23 
-1059.805 
-1059.575 
-1059.585 
-1059.415 
-1059.895 
-1059.605 
-1060.015 
-1059.755 
-1060.135 
-1059.785 
-1060.605 
-1060.145 
-1060.515 
-1060.07 
-1060.29 
-1059.915 
-1059.97 
-1059.555 
-1059.235 
-1058.7 
-1058.755 
-1058.23 
-1058.175 
-1057.575 
-1057.615 
-1056.865 
-1057.22 
-1056.475 
-1056.41 
-1055.66 
-1055.38 
-1054.6 
-1054.41 
-1053.58 
-1052.91 
-1052.05 
-1051.83 
-1050.85 
-1050.525 
-1049.635 
-1049.34 
-1048.33 
-1048.575 
-1047.545 
-1047.225 
-1046.205 
-1045.855 
-1044.855 
-1044.57 
-1043.61 
-1042.835 
-1041.75 
-1041.445 
-1040.425 
-1040.11 
-1039.075 
-1038.8 
-1037.775 
-1037.855 
-1036.93 
-1036.66 
-1035.575 
-1035.19 
-1034.31 
-1033.995 
-1033.03 
-1032.24 
-1031.275 
-1030.99 
-1029.95 
-1029.68 
-1028.675 
-1028.405 
-1027.375 
-1027.37 
-1026.32 
-1026.05 
-1025.005 
-1024.69 
-1023.57 
-1023.295 
-1022.2 
-1021.295 
-1020.225 
-1019.875 
-1018.645 
-1018.18 
-1016.985 
-1016.53 
-1015.325 
-1015.125 
-1013.755 
-1013.165 
-1011.805 
-1011.145 
-1009.705 
-1009.01 
-1007.495 
-1006.25 
-1004.7 
-1003.84 
-1002.215 
-1001.195 
-999.53 
-998.49 
-996.665 
-995.91 
-994.01 
-992.84 
-990.925 
-989.54 
-987.525 
-986.15 
-984.06 
-982.13 
-979.89 
-978.36 
-976.06 
-974.39 
-972.015 
-970.3 
-967.82 
-966.455 
-963.99 
-962.125 
-959.505 
-957.56 
-954.925 
-952.92 
-950.26 
-947.76 
-945.04 
-942.93 
-940.09 
-937.94 
-935.13 
-932.955 
-930.085 
-928.22 
-925.405 
-923.22 
-920.285 
-918.055 
-915.145 
-912.94 
-909.985 
-907.245 
-904.33 
-902.085 
-899.22 
-896.93 
-893.935 
-891.885 
-888.875 
-887.03 
-884.135 
-882.0 
-879.15 
-876.91 
-874.1 
-871.91 
-869.085 
-866.5 
-863.655 
-861.595 
-858.77 
-856.59 
-853.87 
-851.81 
-849.0 
-847.315 
-844.62 
-842.565 
-839.845 
-837.795 
-835.05 
-833.005 
-830.285 
-827.775 
-825.09 
-823.09 
-820.34 
-818.285 
-815.565 
-813.545 
-810.8 
-809.155 
-806.45 
-804.335 
-801.665 
-799.6 
-796.82 
-794.67 
-791.88 
-789.315 
-786.425 
-784.29 
-781.47 
-779.265 
-776.36 
-774.185 
-771.25 
-769.345 
-766.345 
-764.12 
-761.115 
-758.725 
-755.705 
-753.45 
-750.31 
-747.51 
-744.37 
-742.075 
-738.85 
-736.335 
-733.245 
-730.815 
-727.565 
-725.425 
-722.235 
-719.76 
-716.58 
-714.005 
-710.77 
-708.335 
-704.995 
-701.95 
-698.745 
-696.275 
-692.97 
-690.43 
-687.17 
-684.625 
-681.445 
-679.285 
-676.11 
-673.585 
-670.47 
-667.935 
-664.855 
-662.47 
-659.315 
-656.43 
-653.385 
-651.04 
-648.03 
-645.725 
-642.74 
-640.485 
-637.555 
-635.71 
-632.86 
-630.645 
-627.89 
-625.735 
-622.955 
-620.89 
-618.195 
-615.76 
-613.065 
-611.14 
-608.42 
-606.54 
-604.005 
-602.145 
-599.565 
-598.15 
-595.605 
-593.83 
-591.405 
-589.675 
-587.245 
-585.59 
-583.165 
-580.985 
-578.61 
-576.945 
-574.605 
-572.865 
-570.605 
-568.945 
-566.59 
-565.385 
-563.015 
-561.405 
-559.055 
-557.41 
-555.15 
-553.515 
-551.105 
-548.985 
-546.635 
-544.99 
-542.63 
-540.91 
-538.445 
-536.8 
-534.28 
-533.015 
-530.605 
-528.845 
-526.335 
-524.555 
-522.03 
-520.25 
-517.75 
-515.505 
-512.935 
-511.1 
-508.47 
-506.58 
-503.96 
-502.135 
-499.455 
-497.975 
-495.38 
-493.4 
-490.835 
-488.825 
-486.23 
-484.275 
-481.675 
-479.225 
-476.575 
-474.675 
-472.02 
-470.075 
-467.475 
-465.52 
-462.965 
-461.37 
-458.745 
-456.94 
-454.39 
-452.485 
-450.015 
-448.275 
-445.79 
-443.525 
-441.035 
-439.36 
-436.955 
-435.24 
-432.92 
-431.3 
-429.005 
-427.755 
-425.565 
-424.11 
-421.825 
-420.31 
-418.2 
-416.695 
-414.6 
-412.755 
-410.725 
-409.435 
-407.405 
-406.05 
-404.1 
-402.825 
-400.865 
-399.995 
-398.145 
-396.95 
-395.13 
-393.94 
-392.06 
-390.965 
-389.14 
-387.56 
-385.835 
-384.795 
-382.95 
-381.845 
-380.11 
-379.08 
-377.24 
-376.655 
-374.92 
-373.78 
-372.04 
-370.955 
-369.225 
-368.115 
-366.315 
-364.825 
-363.0 
-361.885 
-360.11 
-358.88 
-357.1 
-355.895 
-354.05 
-353.28 
-351.365 
-350.295 
-348.285 
-347.0 
-345.13 
-343.805 
-341.84 
-340.14 
-338.15 
-336.885 
-334.795 
-333.465 
-331.41 
-330.045 
-327.94 
-327.05 
-324.945 
-323.49 
-321.45 
-320.015 
-317.92 
-316.49 
-314.39 
-312.485 
-310.395 
-309.045 
-306.885 
-305.47 
-303.355 
-301.965 
-299.895 
-298.905 
-296.855 
-295.49 
-293.475 
-292.095 
-290.135 
-288.91 
-286.885 
-285.2 
-283.225 
-281.995 
-280.17 
-278.925 
-277.12 
-275.985 
-274.105 
-273.465 
-271.705 
-270.7 
-268.95 
-267.905 
-266.305 
-265.34 
-263.785 
-262.4 
-260.805 
-260.0 
-258.415 
-257.605 
-256.13 
-255.33 
-253.93 
-253.51 
-252.1 
-251.36 
-249.975 
-249.35 
-248.01 
-247.37 
-246.04 
-244.91 
-243.64 
-243.02 
-241.735 
-241.075 
-239.835 
-239.16 
-237.945 
-237.74 
-236.405 
-235.81 
-234.53 
-233.855 
-232.6 
-231.98 
-230.655 
-229.615 
-228.29 
-227.58 
-226.21 
-225.54 
-224.125 
-223.33 
-222.02 
-221.56 
-220.18 
-219.455 
-217.96 
-217.085 
-215.68 
-214.85 
-213.35 
-212.095 
-210.43 
-209.56 
-207.89 
-206.895 
-205.345 
-204.435 
-202.765 
-202.22 
-200.57 
-199.55 
-197.855 
-196.89 
-195.185 
-194.185 
-192.435 
-190.975 
-189.22 
-188.205 
-186.53 
-185.41 
-183.8 
-182.69 
-181.07 
-180.435 
-178.725 
-177.76 
-176.07 
-175.055 
-173.42 
-172.515 
-170.88 
-169.495 
-167.915 
-167.005 
-165.57 
-164.65 
-163.095 
-162.305 
-160.78 
-160.38 
-159.0 
-158.32 
-156.86 
-156.125 
-154.875 
-154.09 
-152.785 
-151.75 
-150.475 
-149.865 
-148.655 
-148.015 
-146.9 
-146.4 
-145.175 
-145.14 
-144.035 
-143.53 
-142.43 
-141.985 
-140.935 
-140.545 
-139.47 
-138.61 
-137.59 
-137.27 
-136.18 
-135.83 
-134.815 
-134.535 
-133.385 
-133.52 
-132.455 
-132.095 
-131.055 
-130.685 
-129.64 
-129.265 
-128.175 
-127.28 
-126.225 
-125.845 
-124.73 
-124.275 
-123.09 
-122.655 
-121.535 
-121.305 
-120.12 
-119.635 
-118.375 
-117.815 
-116.55 
-115.965 
-114.66 
-113.56 
-112.22 
-111.58 
-110.25 
-109.45 
-108.115 
-107.48 
-105.965 
-105.62 
-104.125 
-103.45 
-101.98 
-101.14 
-99.715 
-98.91 
-97.44 
-96.1 
-94.65 
-93.92 
-92.335 
-91.55 
-89.98 
-89.205 
-87.665 
-87.22 
-85.77 
-84.97 
-83.48 
-82.64 
-81.275 
-80.51 
-79.015 
-77.86 
-76.48 
-75.81 
-74.38 
-73.685 
-72.355 
-71.73 
-70.465 
-70.26 
-68.975 
-68.44 
-67.19 
-66.685 
-65.525 
-64.95 
-63.86 
-62.975 
-61.91 
-61.45 
-60.365 
-59.925 
-59.075 
-58.66 
-57.635 
-57.72 
-56.715 
-56.515 
-55.615 
-55.315 
-54.39 
-54.17 
-53.285 
-52.63 
-51.695 
-51.635 
-50.67 
-50.53 
-49.62 
-49.505 
-48.625 
-48.865 
-48.03 
-47.87 
-46.96 
-46.775 
-45.905 
-45.715 
-44.845 
-44.155 
-43.265 
-42.99 
-42.08 
-41.81 
-40.895 
-40.595 
-39.595 
-39.67 
-38.715 
-38.4 
-37.365 
-36.925 
-36.0 
-35.545 
-34.44 
-33.595 
-32.51 
-32.01 
-30.905 
-30.37 
-29.19 
-28.615 
-27.46 
-27.45 
-26.225 
-25.635 
-24.43 
-23.805 
-22.605 
-22.045 
-20.785 
-19.7 
-18.44 
-17.87 
-16.545 
-16.05 
-14.77 
-14.145 
-12.835 
-12.665 
-11.43 
-10.86 
-9.68 
-9.15 
-7.94 
-7.435 
-6.235 
-5.27 
-4.185 
-3.715 
-2.59 
-2.15 
-1.065 
-0.66 
0.37 
0.315 
1.245 
1.575 
2.56 
2.865 
3.71 
3.98 
4.815 
5.445 
6.325 
6.48 
7.245 
7.41 
8.125 
8.205 
8.935 
8.58 
9.195 
9.255 
9.91 
9.87 
10.52 
10.455 
11.075 
11.51 
12.02 
11.925 
12.55 
12.505 
13.025 
12.97 
13.555 
12.96 
13.565 
13.45 
14.01 
13.94 
14.53 
14.435 
15.05 
15.45 
16.06 
16.025 
16.615 
16.655 
17.345 
17.335 
18.035 
17.595 
18.29 
18.385 
19.155 
19.255 
19.97 
20.115 
20.9 
21.585 
22.39 
22.565 
23.495 
23.74 
24.625 
24.925 
25.775 
25.655 
26.58 
26.915 
27.895 
28.215 
29.2 
29.59 
30.58 
31.385 
32.335 
32.705 
33.72 
34.19 
35.2 
35.55 
36.595 
36.44 
37.475 
37.85 
38.81 
39.17 
40.125 
40.485 
41.47 
42.14 
43.07 
43.39 
44.285 
44.56 
45.36 
45.61 
46.485 
46.2 
46.97 
47.07 
47.87 
48.0 
48.65 
48.77 
49.42 
49.855 
50.58 
50.485 
51.17 
51.125 
51.72 
51.54 
52.165 
51.6 
52.2 
51.985 
52.485 
52.345 
52.82 
52.595 
53.03 
53.25 
53.72 
53.5 
53.97 
53.75 
54.13 
53.925 
54.38 
53.71 
54.145 
53.855 
54.345 
54.185 
54.56 
54.36 
54.88 
55.07 
55.615 
55.47 
55.945 
55.91 
56.36 
56.29 
56.835 
56.365 
56.965 
56.955 
57.6 
57.585 
58.185 
58.265 
59.02 
59.49 
60.195 
60.33 
61.065 
61.305 
62.08 
62.22 
63.12 
62.885 
63.75 
64.025 
64.9 
65.1 
66.065 
66.325 
67.255 
68.01 
68.945 
69.185 
70.24 
70.57 
71.525 
71.85 
72.815 
72.615 
73.525 
73.82 
74.785 
75.085 
76.045 
76.265 
77.165 
77.91 
78.775 
79.015 
79.835 
80.08 
80.925 
81.095 
81.86 
81.645 
82.325 
82.425 
83.21 
83.33 
83.93 
84.05 
84.635 
85.105 
85.67 
85.75 
86.335 
86.295 
86.845 
86.75 
87.295 
86.69 
87.165 
87.035 
87.53 
87.4 
87.835 
87.595 
88.03 
88.3 
88.675 
88.42 
88.81 
88.63 
89.095 
88.825 
89.205 
88.52 
88.895 
88.645 
89.08 
88.87 
89.275 
89.065 
89.465 
89.805 
90.21 
90.015 
90.54 
90.38 
90.905 
90.685 
91.295 
90.72 
91.235 
91.175 
91.84 
91.78 
92.385 
92.475 
93.03 
93.56 
94.24 
94.335 
95.015 
95.245 
95.89 
96.065 
96.85 
96.565 
97.35 
97.555 
98.38 
98.64 
99.475 
99.66 
100.575 
101.29 
102.115 
102.405 
103.25 
103.505 
104.395 
104.665 
105.56 
105.34 
106.26 
106.47 
107.34 
107.555 
108.46 
108.605 
109.45 
110.045 
110.825 
110.96 
111.71 
111.945 
112.645 
112.695 
113.42 
113.085 
113.715 
113.71 
114.415 
114.37 
115.025 
114.965 
115.465 
115.85 
116.335 
116.195 
116.715 
116.565 
117.005 
116.735 
117.215 
116.515 
116.935 
116.7 
117.045 
116.785 
117.075 
116.825 
117.09 
117.265 
117.495 
117.185 
117.475 
117.2 
117.45 
117.12 
117.38 
116.585 
116.865 
116.505 
116.825 
116.515 
116.78 
116.46 
116.785 
116.985 
117.245 
116.965 
117.335 
117.115 
117.475 
117.22 
117.7 
117.02 
117.4 
117.225 
117.745 
117.595 
118.06 
118.02 
118.56 
118.91 
119.495 
119.44 
120.095 
120.105 
120.82 
120.675 
121.505 
121.09 
121.73 
121.795 
122.56 
122.655 
123.375 
123.54 
124.245 
124.835 
125.6 
125.695 
126.545 
126.665 
127.43 
127.57 
128.295 
128.1 
128.87 
128.94 
129.77 
129.895 
130.62 
130.63 
131.385 
131.88 
132.58 
132.63 
133.345 
133.305 
133.99 
133.945 
134.52 
134.05 
134.55 
134.495 
135.055 
134.915 
135.36 
135.215 
135.74 
135.9 
136.35 
136.075 
136.525 
136.23 
136.595 
136.29 
136.675 
135.9 
136.165 
135.855 
136.085 
135.75 
135.99 
135.57 
135.815 
135.93 
136.02 
135.61 
135.83 
135.375 
135.605 
135.12 
135.365 
134.595 
134.755 
134.25 
134.585 
134.115 
134.41 
133.885 
134.28 
134.22 
134.62 
134.175 
134.455 
134.11 
134.56 
134.125 
134.635 
133.85 
134.255 
133.995 
134.49 
134.305 
134.74 
134.63 
135.105 
135.375 
135.915 
135.835 
136.45 
136.355 
136.995 
136.935 
137.585 
137.14 
137.8 
137.835 
138.515 
138.59 
139.305 
139.325 
140.025 
140.61 
141.3 
141.36 
142.145 
142.145 
143.095 
143.03 
143.81 
143.51 
144.3 
144.36 
145.05 
145.155 
145.895 
145.84 
146.58 
147.07 
147.695 
147.66 
148.35 
148.28 
148.92 
148.745 
149.38 
148.935 
149.49 
149.305 
149.86 
149.695 
150.195 
149.895 
150.42 
150.575 
151.015 
150.635 
151.085 
150.73 
151.095 
150.735 
151.08 
150.36 
150.6 
150.265 
150.52 
150.11 
150.315 
149.885 
150.165 
150.08 
150.245 
149.79 
150.0 
149.535 
149.65 
149.195 
149.445 
148.48 
148.665 
148.19 
148.34 
147.895 
148.155 
147.625 
147.875 
147.885 
148.18 
147.66 
147.97 
147.565 
147.935 
147.42 
147.91 
147.125 
147.475 
147.195 
147.57 
147.345 
147.725 
147.475 
148.04 
148.205 
148.665 
148.545 
149.08 
148.985 
149.505 
149.29 
149.99 
149.565 
150.18 
150.06 
150.775 
150.755 
151.495 
151.355 
152.12 
152.55 
153.28 
153.24 
153.985 
154.045 
154.755 
154.765 
155.45 
155.13 
155.93 
155.955 
156.63 
156.68 
157.34 
157.285 
158.015 
158.405 
159.04 
159.055 
159.665 
159.54 
160.2 
159.945 
160.57 
160.065 
160.575 
160.37 
160.885 
160.695 
161.16 
160.885 
161.31 
161.51 
162.005 
161.615 
162.065 
161.655 
161.96 
161.58 
161.88 
161.22 
161.45 
161.045 
161.285 
160.81 
161.085 
160.53 
160.82 
160.78 
161.03 
160.505 
160.675 
160.185 
160.38 
159.9 
160.09 
159.18 
159.365 
158.815 
159.07 
158.61 
158.855 
158.325 
158.59 
158.56 
158.84 
158.4 
158.685 
158.25 
158.575 
158.18 
158.56 
157.875 
158.235 
157.855 
158.23 
158.0 
158.38 
158.14 
158.585 
158.755 
159.29 
159.02 
159.62 
159.415 
159.925 
159.865 
160.45 
159.96 
160.545 
160.4 
161.025 
160.975 
161.66 
161.58 
162.23 
162.63 
163.315 
163.25 
163.985 
163.93 
164.67 
164.63 
165.275 
164.8 
165.52 
165.455 
166.065 
166.035 
166.71 
166.575 
167.175 
167.535 
168.06 
167.975 
168.55 
168.385 
168.895 
168.66 
169.18 
168.67 
169.085 
168.735 
169.215 
168.89 
169.25 
168.965 
169.34 
169.4 
169.765 
169.325 
169.655 
169.255 
169.525 
169.065 
169.275 
168.4 
168.62 
168.08 
168.255 
167.745 
167.92 
167.37 
167.48 
167.445 
167.545 
166.945 
167.095 
166.575 
166.705 
166.185 
166.275 
165.29 
165.45 
164.86 
164.97 
164.535 
164.62 
164.105 
164.275 
164.265 
164.4 
163.93 
164.2 
163.76 
163.995 
163.62 
163.96 
163.105 
163.355 
162.96 
163.34 
163.08 
163.435 
163.13 
163.53 
163.725 
164.16 
163.995 
164.45 
164.28 
164.83 
164.58 
165.105 
164.595 
165.105 
164.995 
165.6 
165.535 
166.105 
166.05 
166.595 
167.045 
167.615 
167.555 
168.17 
168.17 
168.735 
168.755 
169.32 
168.825 
169.5 
169.38 
169.96 
169.87 
170.45 
170.305 
170.87 
171.165 
171.645 
171.545 
172.01 
171.87 
172.305 
172.085 
172.485 
171.84 
172.245 
171.92 
172.29 
172.0 
172.34 
172.025 
172.31 
172.38 
172.65 
172.175 
172.47 
172.095 
172.24 
171.78 
171.97 
170.98 
171.21 
170.695 
170.845 
170.27 
170.41 
169.855 
169.95 
169.83 
169.87 
169.3 
169.465 
168.98 
169.05 
168.435 
168.63 
167.61 
167.73 
167.14 
167.315 
166.74 
166.935 
166.43 
166.555 
166.535 
166.755 
166.32 
166.495 
166.115 
166.35 
166.01 
166.315 
165.435 
165.775 
165.41 
165.86 
165.535 
165.97 
165.685 
166.105 
166.29 
166.78 
166.595 
167.115 
167.015 
167.505 
167.35 
167.96 
167.45 
168.015 
167.875 
168.445 
168.475 
169.125 
169.085 
169.69 
170.095 
170.755 
170.755 
171.41 
171.405 
171.995 
172.04 
172.655 
172.11 
172.775 
172.735 
173.375 
173.355 
173.935 
173.755 
174.305 
174.73 
175.28 
175.065 
175.595 
175.455 
175.975 
175.755 
176.155 
175.57 
175.94 
175.685 
176.125 
175.815 
176.18 
175.83 
176.17 
176.205 
176.485 
176.075 
176.36 
175.945 
176.195 
175.74 
175.95 
175.175 
175.375 
174.805 
174.93 
174.43 
174.59 
173.96 
174.12 
174.095 
174.16 
173.53 
173.765 
173.2 
173.365 
172.745 
172.95 
172.02 
172.255 
171.63 
171.84 
171.32 
171.495 
170.955 
171.245 
171.25 
171.48 
171.06 
171.345 
170.945 
171.215 
170.89 
171.2 
170.54 
170.985 
170.575 
171.02 
170.725 
171.235 
170.975 
171.495 
171.74 
172.285 
172.075 
172.675 
172.565 
173.17 
173.03 
173.665 
173.19 
173.845 
173.83 
174.445 
174.43 
175.115 
175.03 
175.8 
176.235 
176.925 
176.88 
177.575 
177.665 
178.325 
178.315 
179.01 
178.565 
179.28 
179.2 
179.84 
179.83 
180.44 
180.33 
180.965 
181.31 
181.85 
181.675 
182.195 
182.075 
182.58 
182.38 
182.86 
182.23 
182.63 
182.29 
182.68 
182.405 
182.77 
182.375 
182.76 
182.775 
183.04 
182.615 
182.89 
182.44 
182.63 
182.155 
182.345 
181.435 
181.6 
180.97 
181.16 
180.605 
180.745 
180.165 
180.24 
180.06 
180.16 
179.565 
179.68 
179.13 
179.15 
178.555 
178.71 
177.655 
177.84 
177.18 
177.275 
176.79 
176.84 
176.305 
176.48 
176.43 
176.585 
176.11 
176.255 
175.895 
176.1 
175.68 
175.945 
175.245 
175.525 
175.095 
175.465 
175.155 
175.525 
175.21 
175.565 
175.795 
176.28 
176.045 
176.47 
176.325 
176.8 
176.565 
177.155 
176.67 
177.195 
177.04 
177.6 
177.52 
178.145 
178.005 
178.61 
179.025 
179.545 
179.465 
180.1 
180.1 
180.68 
180.605 
181.16 
180.69 
181.235 
181.085 
181.7 
181.57 
182.095 
181.945 
182.44 
182.73 
183.24 
182.99 
183.465 
183.195 
183.73 
183.36 
183.725 
183.065 
183.445 
183.055 
183.395 
182.97 
183.26 
182.9 
183.11 
183.115 
183.385 
182.85 
183.095 
182.6 
182.725 
182.175 
182.395 
181.33 
181.445 
180.915 
180.96 
180.365 
180.5 
179.83 
179.95 
179.78 
179.86 
179.175 
179.265 
178.665 
178.77 
178.155 
178.2 
177.23 
177.35 
176.75 
176.825 
176.28 
176.42 
175.92 
176.0 
176.045 
176.155 
175.7 
175.875 
175.5 
175.75 
175.315 
175.64 
174.855 
175.13 
174.795 
175.145 
174.845 
175.23 
175.02 
175.46 
175.57 
176.075 
175.855 
176.39 
176.29 
176.815 
176.655 
177.24 
176.64 
177.24 
177.18 
177.715 
177.67 
178.355 
178.3 
178.905 
179.24 
179.93 
179.84 
180.575 
180.52 
181.125 
181.08 
181.715 
181.29 
181.95 
181.795 
182.41 
182.325 
182.885 
182.67 
183.33 
183.61 
184.145 
183.915 
184.43 
184.25 
184.725 
184.455 
184.915 
184.275 
184.675 
184.295 
184.63 
184.33 
184.72 
184.275 
184.56 
184.675 
184.925 
184.465 
184.665 
184.25 
184.455 
183.96 
184.14 
183.265 
183.4 
182.895 
183.0 
182.425 
182.59 
182.05 
182.165 
182.04 
182.095 
181.5 
181.605 
181.16 
181.2 
180.62 
180.77 
179.83 
179.885 
179.395 
179.51 
178.985 
179.165 
178.635 
178.87 
178.875 
179.055 
178.61 
178.83 
178.485 
178.715 
178.375 
178.675 
177.915 
178.245 
177.88 
178.325 
178.0 
178.39 
178.15 
178.685 
178.825 
179.32 
179.105 
179.6 
179.475 
180.055 
179.92 
180.495 
179.935 
180.545 
180.44 
181.07 
181.0 
181.635 
181.57 
182.13 
182.575 
183.17 
183.145 
183.78 
183.73 
184.32 
184.355 
184.96 
184.385 
185.06 
184.95 
185.55 
185.475 
185.995 
185.795 
186.37 
186.695 
187.165 
186.98 
187.46 
187.25 
187.77 
187.445 
187.915 
187.21 
187.46 
187.12 
187.53 
187.225 
187.475 
187.08 
187.385 
187.44 
187.57 
187.165 
187.37 
186.925 
187.025 
186.525 
186.74 
185.825 
185.91 
185.29 
185.475 
184.83 
184.95 
184.385 
184.44 
184.27 
184.335 
183.695 
183.83 
183.24 
183.28 
182.75 
182.815 
181.77 
181.87 
181.31 
181.4 
180.885 
180.93 
180.4 
180.595 
180.53 
180.68 
180.16 
180.425 
180.08 
180.265 
179.87 
180.155 
179.285 
179.725 
179.21 
179.55 
179.295 
179.7 
179.415 
179.815 
179.98 
180.41 
180.19 
180.74 
180.565 
181.055 
180.885 
181.46 
180.885 
181.465 
181.34 
181.845 
181.8 
182.385 
182.33 
182.94 
183.295 
183.82 
183.815 
184.43 
184.375 
184.9 
184.93 
185.485 
184.925 
185.51 
185.415 
185.91 
185.885 
186.39 
186.215 
186.7 
186.97 
187.405 
187.23 
187.715 
187.485 
187.9 
187.68 
187.99 
187.27 
187.635 
187.22 
187.605 
187.25 
187.47 
187.1 
187.285 
187.28 
187.475 
187.035 
187.26 
186.805 
186.855 
186.36 
186.475 
185.47 
185.575 
184.98 
185.0 
184.485 
184.555 
183.895 
183.91 
183.77 
183.82 
183.14 
183.225 
182.66 
182.685 
182.14 
182.12 
181.14 
181.17 
180.535 
180.59 
180.095 
180.22 
179.675 
179.785 
179.775 
179.85 
179.405 
179.565 
179.16 
179.38 
178.905 
179.2 
178.505 
178.755 
178.37 
178.75 
178.425 
178.79 
178.535 
178.875 
179.125 
179.575 
179.31 
179.78 
179.6 
180.14 
179.92 
180.54 
179.98 
180.59 
180.455 
181.01 
180.915 
181.5 
181.39 
182.02 
182.42 
183.01 
182.84 
183.465 
183.46 
184.045 
184.025 
184.61 
184.14 
184.73 
184.535 
185.125 
185.07 
185.52 
185.335 
185.87 
186.18 
186.65 
186.42 
186.855 
186.555 
187.0 
186.74 
187.095 
186.465 
186.775 
186.335 
186.635 
186.295 
186.545 
186.04 
186.27 
186.315 
186.58 
186.01 
186.185 
185.67 
185.815 
185.235 
185.365 
184.46 
184.485 
183.895 
183.995 
183.295 
183.4 
182.76 
182.8 
182.625 
182.645 
181.95 
182.065 
181.395 
181.465 
180.83 
180.905 
179.905 
180.0 
179.29 
179.38 
178.855 
178.92 
178.34 
178.455 
178.445 
178.63 
178.065 
178.295 
177.815 
178.065 
177.61 
177.895 
177.145 
177.42 
177.07 
177.36 
177.15 
177.465 
177.165 
177.61 
177.78 
178.225 
178.005 
178.505 
178.33 
178.865 
178.715 
179.285 
178.7 
179.31 
179.155 
179.785 
179.65 
180.335 
180.245 
180.86 
181.29 
181.875 
181.795 
182.5 
182.41 
183.015 
182.975 
183.56 
183.115 
183.775 
183.565 
184.19 
184.11 
184.645 
184.49 
184.98 
185.285 
185.88 
185.59 
186.1 
185.845 
186.295 
185.995 
186.465 
185.79 
186.095 
185.665 
185.99 
185.675 
185.995 
185.59 
185.85 
185.845 
186.035 
185.605 
185.835 
185.345 
185.425 
184.955 
185.04 
184.085 
184.215 
183.595 
183.7 
183.09 
183.27 
182.525 
182.64 
182.475 
182.555 
181.845 
181.96 
181.38 
181.45 
180.83 
180.95 
179.895 
179.975 
179.495 
179.465 
179.005 
179.07 
178.525 
178.67 
178.605 
178.825 
178.335 
178.54 
178.165 
178.33 
177.91 
178.255 
177.44 
177.8 
177.33 
177.77 
177.445 
177.795 
177.585 
177.97 
178.14 
178.625 
178.45 
178.925 
178.805 
179.325 
179.155 
179.735 
179.13 
179.745 
179.675 
180.2 
180.25 
180.82 
180.715 
181.325 
181.745 
182.37 
182.295 
182.96 
182.925 
183.475 
183.49 
184.04 
183.52 
184.165 
184.02 
184.595 
184.5 
185.015 
184.825 
185.415 
185.65 
186.115 
185.915 
186.405 
186.175 
186.555 
186.31 
186.765 
186.025 
186.305 
185.95 
186.245 
185.94 
186.2 
185.795 
186.005 
185.99 
186.18 
185.745 
185.935 
185.43 
185.565 
184.965 
185.11 
184.195 
184.275 
183.685 
183.72 
183.2 
183.255 
182.525 
182.615 
182.485 
182.56 
181.85 
181.92 
181.345 
181.41 
180.76 
180.785 
179.785 
179.895 
179.24 
179.38 
178.85 
178.905 
178.36 
178.455 
178.445 
178.625 
178.11 
178.315 
177.925 
178.18 
177.725 
178.005 
177.2 
177.545 
177.12 
177.52 
177.235 
177.595 
177.28 
177.76 
177.905 
178.405 
178.115 
178.685 
178.535 
179.08 
178.88 
179.395 
178.91 
179.455 
179.29 
179.875 
179.805 
180.46 
180.26 
180.905 
181.305 
181.905 
181.815 
182.445 
182.385 
182.955 
182.895 
183.445 
182.93 
183.495 
183.335 
183.91 
183.755 
184.285 
184.07 
184.57 
184.89 
185.355 
185.085 
185.49 
185.29 
185.66 
185.38 
185.75 
184.98 
185.3 
184.845 
185.195 
184.815 
185.075 
184.65 
184.83 
184.755 
184.92 
184.42 
184.605 
184.115 
184.18 
183.695 
183.785 
182.7 
182.785 
182.18 
182.28 
181.635 
181.705 
180.985 
181.065 
180.925 
180.93 
180.215 
180.31 
179.73 
179.745 
179.16 
179.19 
178.185 
178.22 
177.6 
177.67 
177.185 
177.295 
176.7 
176.875 
176.9 
176.995 
176.53 
176.735 
176.265 
176.55 
176.18 
176.38 
175.71 
175.975 
175.585 
176.02 
175.67 
176.06 
175.86 
176.265 
176.435 
176.94 
176.71 
177.29 
177.115 
177.71 
177.49 
178.09 
177.53 
178.125 
178.005 
178.63 
178.585 
179.165 
179.115 
179.71 
180.085 
180.67 
180.64 
181.275 
181.26 
181.845 
181.825 
182.335 
181.88 
182.445 
182.265 
182.855 
182.765 
183.285 
183.065 
183.645 
183.85 
184.32 
184.1 
184.56 
184.295 
184.745 
184.375 
184.795 
184.01 
184.36 
183.905 
184.25 
183.855 
184.105 
183.685 
183.925 
183.85 
184.045 
183.535 
183.685 
183.295 
183.32 
182.75 
182.93 
181.825 
181.87 
181.335 
181.34 
180.825 
180.875 
180.215 
180.2 
180.095 
180.1 
179.465 
179.52 
178.975 
178.985 
178.36 
178.44 
177.37 
177.485 
176.89 
177.005 
176.555 
176.575 
176.11 
176.21 
176.155 
176.34 
175.94 
176.16 
175.685 
176.03 
175.63 
175.97 
175.09 
175.44 
175.02 
175.43 
175.185 
175.61 
175.37 
175.82 
176.02 
176.475 
176.34 
176.81 
176.795 
177.26 
177.075 
177.735 
177.18 
177.71 
177.645 
178.26 
178.205 
178.835 
178.79 
179.4 
179.775 
180.445 
180.345 
181.03 
180.935 
181.525 
181.505 
182.145 
181.67 
182.345 
182.0 
182.63 
182.5 
183.02 
182.745 
183.36 
183.655 
184.145 
183.77 
184.295 
183.985 
184.44 
184.045 
184.435 
183.725 
