Run 0 on 20200811 on sample T20-5d, LT thermometer,  dT/T0 = 0.02
Time per point = 3.125e-05 seconds
4272.595 
4272.15 
4272.625 
4272.33 
4272.69 
4272.415 
4272.805 
4272.18 
4272.59 
4272.31 
4272.76 
4272.58 
4272.945 
4272.745 
4273.26 
4273.52 
4273.975 
4273.785 
4274.265 
4274.13 
4274.65 
4274.455 
4275.02 
4274.44 
4274.855 
4274.78 
4275.295 
4275.195 
4275.675 
4275.52 
4276.095 
4276.43 
4276.96 
4276.79 
4277.325 
4277.245 
4277.765 
4277.675 
4278.225 
4277.725 
4278.215 
4278.125 
4278.67 
4278.56 
4279.1 
4278.915 
4279.47 
4279.8 
4280.29 
4280.155 
4280.675 
4280.605 
4281.015 
4280.92 
4281.42 
4280.88 
4281.37 
4281.17 
4281.64 
4281.52 
4281.9 
4281.68 
4282.16 
4282.4 
4282.835 
4282.66 
4283.02 
4282.86 
4283.285 
4283.055 
4283.49 
4282.895 
4283.24 
4283.0 
4283.34 
4283.16 
4283.52 
4283.305 
4283.69 
4283.845 
4284.275 
4283.99 
4284.405 
4284.195 
4284.635 
4284.325 
4284.81 
4284.195 
4284.59 
4284.29 
4284.72 
4284.54 
4285.0 
4284.785 
4285.21 
4285.49 
4285.91 
4285.69 
4286.24 
4286.115 
4286.55 
4286.405 
4286.9 
4286.365 
4286.81 
4286.68 
4287.17 
4287.005 
4287.475 
4287.345 
4287.86 
4288.07 
4288.595 
4288.44 
4288.92 
4288.81 
4289.24 
4289.0 
4289.555 
4288.945 
4289.375 
4289.21 
4289.695 
4289.445 
4289.91 
4289.7 
4290.105 
4290.31 
4290.72 
4290.485 
4290.895 
4290.75 
4291.07 
4290.79 
4291.2 
4290.48 
4290.845 
4290.555 
4290.85 
4290.6 
4290.98 
4290.585 
4290.93 
4291.07 
4291.3 
4290.975 
4291.29 
4290.895 
4291.19 
4290.81 
4290.995 
4290.21 
4290.475 
4290.055 
4290.245 
4289.87 
4290.0 
4289.585 
4289.74 
4289.77 
4289.88 
4289.415 
4289.53 
4289.11 
4289.205 
4288.715 
4288.835 
4287.94 
4288.07 
4287.525 
4287.65 
4287.08 
4287.17 
4286.615 
4286.64 
4286.61 
4286.67 
4286.055 
4286.18 
4285.63 
4285.765 
4285.105 
4285.27 
4284.35 
4284.415 
4283.87 
4283.94 
4283.475 
4283.535 
4282.93 
4283.05 
4283.035 
4283.055 
4282.53 
4282.73 
4282.29 
4282.36 
4281.825 
4281.955 
4281.03 
4281.17 
4280.62 
4280.755 
4280.255 
4280.435 
4279.84 
4280.005 
4279.965 
4280.04 
4279.445 
4279.56 
4279.09 
4279.21 
4278.655 
4278.76 
4277.795 
4277.875 
4277.315 
4277.49 
4276.835 
4276.9 
4276.34 
4276.39 
4276.23 
4276.335 
4275.74 
4275.785 
4275.21 
4275.195 
4274.615 
4274.65 
4273.685 
4273.665 
4273.005 
4273.065 
4272.445 
4272.475 
4271.84 
4271.755 
4271.61 
4271.65 
4270.91 
4270.9 
4270.39 
4270.355 
4269.66 
4269.67 
4268.64 
4268.59 
4267.93 
4267.905 
4267.315 
4267.2 
4266.49 
4266.565 
4266.315 
4266.315 
4265.62 
4265.62 
4264.94 
4264.915 
4264.245 
4264.255 
4263.175 
4263.185 
4262.455 
4262.51 
4261.915 
4261.92 
4261.27 
4261.305 
4261.055 
4261.15 
4260.535 
4260.665 
4260.09 
4260.13 
4259.56 
4259.715 
4258.835 
4258.86 
4258.3 
4258.47 
4258.05 
4258.215 
4257.71 
4257.93 
4257.96 
4258.105 
4257.65 
4257.96 
4257.585 
4257.88 
4257.435 
4257.72 
4257.005 
4257.35 
4256.965 
4257.295 
4256.985 
4257.355 
4256.93 
4257.32 
4257.455 
4257.79 
4257.485 
4257.82 
4257.51 
4257.91 
4257.595 
4257.935 
4257.31 
4257.565 
4257.33 
4257.65 
4257.405 
4257.745 
4257.38 
4257.655 
4257.855 
4258.18 
4257.795 
4258.2 
4257.965 
4258.29 
4257.91 
4258.225 
4257.5 
4257.87 
4257.515 
4257.805 
4257.495 
4257.835 
4257.49 
4257.795 
4257.88 
4258.175 
4257.775 
4258.1 
4257.78 
4258.08 
4257.685 
4257.995 
4257.195 
4257.515 
4257.11 
4257.45 
4257.065 
4257.325 
4256.92 
4257.27 
4257.27 
4257.605 
4257.19 
4257.48 
4257.08 
4257.395 
4257.065 
4257.34 
4256.615 
4256.805 
4256.47 
4256.765 
4256.55 
4256.795 
4256.46 
4256.73 
4256.855 
4257.23 
4256.815 
4257.19 
4256.97 
4257.23 
4256.96 
4257.385 
4256.71 
4257.09 
4256.795 
4257.185 
4256.955 
4257.335 
4257.12 
4257.475 
4257.76 
4258.095 
4257.845 
4258.34 
4258.075 
4258.535 
4258.24 
4258.71 
4258.05 
4258.455 
4258.17 
4258.55 
4258.26 
4258.685 
4258.335 
4258.72 
4258.825 
4259.16 
4258.705 
4258.995 
4258.73 
4258.935 
4258.485 
4258.79 
4257.885 
4258.015 
4257.52 
4257.66 
4257.095 
4257.18 
4256.53 
4256.605 
4256.32 
4256.29 
4255.595 
4255.44 
4254.72 
4254.535 
4253.61 
4253.475 
4252.205 
4251.925 
4250.895 
4250.485 
4249.42 
4248.995 
4247.775 
4247.27 
4246.49 
4245.865 
4244.485 
4243.88 
4242.495 
4241.655 
4240.19 
4239.285 
4237.265 
4236.375 
4234.635 
4233.555 
4231.79 
4230.555 
4228.645 
4227.435 
4225.85 
4224.5 
4222.4 
4220.905 
4218.75 
4217.19 
4214.865 
4213.1 
4210.4 
4208.555 
4205.955 
4204.175 
4201.59 
4199.48 
4196.785 
4194.64 
4192.25 
4190.04 
4187.075 
4184.79 
4181.84 
4179.36 
4176.225 
4173.74 
4170.065 
4167.435 
4164.045 
4161.345 
4157.91 
4155.1 
4151.455 
4148.595 
4145.405 
4142.315 
4138.545 
4135.425 
4131.525 
4128.335 
4124.34 
4120.95 
4116.48 
4113.005 
4108.75 
4105.225 
4100.92 
4097.105 
4092.74 
4088.94 
4084.775 
4080.93 
4076.185 
4072.15 
4067.41 
4063.255 
4058.355 
4054.09 
4048.735 
4044.235 
4039.135 
4034.63 
4029.44 
4024.81 
4019.455 
4014.705 
4009.695 
4004.91 
3999.355 
3994.39 
3988.77 
3983.69 
3977.985 
3972.87 
3966.665 
3961.465 
3955.505 
3950.215 
3944.185 
3938.81 
3932.69 
3927.29 
3921.515 
3915.93 
3909.69 
3904.095 
3897.785 
3892.11 
3885.75 
3879.935 
3873.12 
3867.425 
3860.81 
3854.98 
3848.4 
3842.455 
3835.845 
3829.89 
3823.74 
3817.7 
3810.98 
3804.995 
3798.185 
3792.145 
3785.325 
3779.26 
3772.105 
3765.915 
3759.05 
3752.96 
3746.07 
3739.835 
3733.0 
3726.73 
3720.31 
3714.115 
3707.16 
3700.955 
3694.085 
3687.83 
3680.865 
3674.73 
3667.34 
3661.12 
3654.165 
3647.87 
3641.085 
3634.82 
3627.92 
3621.62 
3615.235 
3608.975 
3602.045 
3595.84 
3589.01 
3582.73 
3575.92 
3569.71 
3562.455 
3556.285 
3549.355 
3543.095 
3536.385 
3530.11 
3523.25 
3517.155 
3510.695 
3504.59 
3497.655 
3491.535 
3484.69 
3478.57 
3471.705 
3465.53 
3458.36 
3452.165 
3445.335 
3439.22 
3432.445 
3426.29 
3419.455 
3413.36 
3407.045 
3400.93 
3394.165 
3388.0 
3381.325 
3375.185 
3368.47 
3362.45 
3355.335 
3349.25 
3342.505 
3336.445 
3329.785 
3323.815 
3317.045 
3311.14 
3304.945 
3298.96 
3292.34 
3286.46 
3279.88 
3273.945 
3267.37 
3261.48 
3254.565 
3248.71 
3242.22 
3236.38 
3229.895 
3224.065 
3217.65 
3211.96 
3205.985 
3200.235 
3193.88 
3188.22 
3181.88 
3176.265 
3169.94 
3164.365 
3157.75 
3152.135 
3145.92 
3140.42 
3134.32 
3128.795 
3122.685 
3117.145 
3111.58 
3106.215 
3100.13 
3094.81 
3088.885 
3083.515 
3077.62 
3072.425 
3066.105 
3060.835 
3055.02 
3049.84 
3044.04 
3038.955 
3033.205 
3028.06 
3022.835 
3017.76 
3012.095 
3007.12 
3001.5 
2996.49 
2990.93 
2985.97 
2980.105 
2975.235 
2969.675 
2964.75 
2959.35 
2954.5 
2948.98 
2944.175 
2939.185 
2934.385 
2928.915 
2924.165 
2918.74 
2914.05 
2908.585 
2903.92 
2898.15 
2893.39 
2888.045 
2883.35 
2878.095 
2873.35 
2868.08 
2863.355 
2858.525 
2853.895 
2848.555 
2843.915 
2838.73 
2834.1 
2828.845 
2824.295 
2818.67 
2814.175 
2808.875 
2804.405 
2799.17 
2794.68 
2789.43 
2784.96 
2780.245 
2775.73 
2770.6 
2766.17 
2761.1 
2756.6 
2751.55 
2747.125 
2741.615 
2737.265 
2732.195 
2727.815 
2722.74 
2718.425 
2713.365 
2709.13 
2704.575 
2700.205 
2695.265 
2690.95 
2686.03 
2681.775 
2676.915 
2672.675 
2667.355 
2663.165 
2658.245 
2654.12 
2649.265 
2645.035 
2640.22 
2636.11 
2631.655 
2627.62 
2622.815 
2618.745 
2614.01 
2609.935 
2605.23 
2601.22 
2596.11 
2592.075 
2587.39 
2583.41 
2578.75 
2574.86 
2570.21 
2566.245 
2562.13 
2558.185 
2553.63 
2549.795 
2545.145 
2541.295 
2536.775 
2532.845 
2528.01 
2524.195 
2519.65 
2515.815 
2511.365 
2507.435 
2503.005 
2499.24 
2495.245 
2491.41 
2486.935 
2483.135 
2478.77 
2475.04 
2470.535 
2466.785 
2461.925 
2458.11 
2453.765 
2450.01 
2445.625 
2441.935 
2437.56 
2433.77 
2429.835 
2426.115 
2421.66 
2417.925 
2413.715 
2409.88 
2405.56 
2401.935 
2397.17 
2393.525 
2389.16 
2385.53 
2381.185 
2377.645 
2373.28 
2369.52 
2365.76 
2362.055 
2357.8 
2354.165 
2349.935 
2346.36 
2342.09 
2338.5 
2333.8 
2330.235 
2325.975 
2322.39 
2318.24 
2314.665 
2310.505 
2306.94 
2303.255 
2299.765 
2295.52 
2291.98 
2287.885 
2284.295 
2280.28 
2276.73 
2272.205 
2268.755 
2264.545 
2261.115 
2257.1 
2253.58 
2249.515 
2246.11 
2242.44 
2239.05 
2235.02 
2231.62 
2227.64 
2224.24 
2220.195 
2216.92 
2212.515 
2209.175 
2205.2 
2201.88 
2197.98 
2194.665 
2190.745 
2187.44 
2184.02 
2180.76 
2176.96 
2173.705 
2169.84 
2166.595 
2162.75 
2159.53 
2155.375 
2152.215 
2148.375 
2145.175 
2141.41 
2138.225 
2134.44 
2131.35 
2128.06 
2124.925 
2121.135 
2118.12 
2114.415 
2111.275 
2107.52 
2104.505 
2100.345 
2097.33 
2093.59 
2090.59 
2086.89 
2083.86 
2080.24 
2077.11 
2074.0 
2070.97 
2067.365 
2064.395 
2060.795 
2057.815 
2054.14 
2051.275 
2047.235 
2044.29 
2040.74 
2037.805 
2034.285 
2031.395 
2027.825 
2024.895 
2021.865 
2019.0 
2015.405 
2012.625 
2009.13 
2006.27 
2002.775 
1999.945 
1996.065 
1993.255 
1989.76 
1986.95 
1983.545 
1980.73 
1977.335 
1974.465 
1971.525 
1968.75 
1965.32 
1962.515 
1959.09 
1956.38 
1952.99 
1950.215 
1946.54 
1943.74 
1940.365 
1937.535 
1934.235 
1931.435 
1928.01 
1925.315 
1922.355 
1919.705 
1916.23 
1913.555 
1910.235 
1907.49 
1904.055 
1901.47 
1897.715 
1895.06 
1891.68 
1889.05 
1885.7 
1883.045 
1879.705 
1877.085 
1874.22 
1871.575 
1868.315 
1865.715 
1862.43 
1859.835 
1856.57 
1853.995 
1850.44 
1847.825 
1844.605 
1841.97 
1838.85 
1836.285 
1833.085 
1830.535 
1827.78 
1825.295 
1822.16 
1819.625 
1816.455 
1814.01 
1810.815 
1808.345 
1804.86 
1802.41 
1799.235 
1796.79 
1793.71 
1791.3 
1788.12 
1785.73 
1783.12 
1780.77 
1777.61 
1775.27 
1772.33 
1769.84 
1766.78 
1764.52 
1761.135 
1758.725 
1755.745 
1753.305 
1750.38 
1748.105 
1745.06 
1742.76 
1740.23 
1737.865 
1734.88 
1732.655 
1729.675 
1727.39 
1724.43 
1722.215 
1718.865 
1716.585 
1713.71 
1711.36 
1708.495 
1706.19 
1703.235 
1701.005 
1698.635 
1696.285 
1693.33 
1691.17 
1688.27 
1686.08 
1683.16 
1680.985 
1677.705 
1675.44 
1672.52 
1670.375 
1667.55 
1665.305 
1662.465 
1660.28 
1657.97 
1655.725 
1652.775 
1650.715 
1647.895 
1645.72 
1642.855 
1640.87 
1637.57 
1635.475 
1632.64 
1630.58 
1627.79 
1625.745 
1623.03 
1620.935 
1618.66 
1616.715 
1613.935 
1611.975 
1609.335 
1607.29 
1604.675 
1602.615 
1599.705 
1597.765 
1595.145 
1593.17 
1590.685 
1588.665 
1586.14 
1584.22 
1582.175 
1580.32 
1577.77 
1575.935 
1573.43 
1571.685 
1569.135 
1567.38 
1564.54 
1562.72 
1560.35 
1558.61 
1556.27 
1554.5 
1552.125 
1550.395 
1548.51 
1546.845 
1544.53 
1542.935 
1540.6 
1538.945 
1536.68 
1535.1 
1532.425 
1530.89 
1528.595 
1526.985 
1524.82 
1523.29 
1521.045 
1519.49 
1517.75 
1516.245 
1513.995 
1512.485 
1510.43 
1508.865 
1506.74 
1505.23 
1502.7 
1501.205 
1499.045 
1497.625 
1495.47 
1493.93 
1491.75 
1490.315 
1488.615 
1487.115 
1485.045 
1483.52 
1481.465 
1479.94 
1477.79 
1476.39 
1473.775 
1472.3 
1470.125 
1468.725 
1466.565 
1465.06 
1462.95 
1461.475 
1459.725 
1458.34 
1456.14 
1454.695 
1452.62 
1451.105 
1448.99 
1447.575 
1444.945 
1443.52 
1441.44 
1439.91 
1437.885 
1436.425 
1434.325 
1432.875 
1431.29 
1429.855 
1427.755 
1426.435 
1424.39 
1422.92 
1420.88 
1419.5 
1417.025 
1415.695 
1413.605 
1412.24 
1410.19 
1408.855 
1406.805 
1405.515 
1403.9 
1402.585 
1400.645 
1399.305 
1397.31 
1396.005 
1393.97 
1392.745 
1390.395 
1389.01 
1387.045 
1385.73 
1383.835 
1382.475 
1380.635 
1379.31 
1377.815 
1376.565 
1374.59 
1373.355 
1371.44 
1370.13 
1368.17 
1366.985 
1364.615 
1363.385 
1361.405 
1360.07 
1358.235 
1356.925 
1354.99 
1353.715 
1352.295 
1350.97 
1348.975 
1347.81 
1345.915 
1344.59 
1342.615 
1341.34 
1339.015 
1337.745 
1335.775 
1334.45 
1332.52 
1331.17 
1329.16 
1327.91 
1326.41 
1324.985 
1323.0 
1321.71 
1319.76 
1318.385 
1316.445 
1315.005 
1312.63 
1311.23 
1309.2 
1307.905 
1305.88 
1304.485 
1302.43 
1301.1 
1299.475 
1298.175 
1296.1 
1294.745 
1292.74 
1291.36 
1289.315 
1287.955 
1285.535 
1284.16 
1282.145 
1280.795 
1278.83 
1277.53 
1275.475 
1274.19 
1272.645 
1271.305 
1269.275 
1268.055 
1266.08 
1264.795 
1262.83 
1261.58 
1259.18 
1258.025 
1256.02 
1254.765 
1252.93 
1251.69 
1249.765 
1248.635 
1247.17 
1245.985 
1244.14 
1242.95 
1241.215 
1240.05 
1238.29 
1237.1 
1234.95 
1233.835 
1232.105 
1231.04 
1229.285 
1228.205 
1226.505 
1225.445 
1224.225 
1223.185 
1221.495 
1220.515 
1218.895 
1217.86 
1216.235 
1215.29 
1213.35 
1212.33 
1210.685 
1209.725 
1208.19 
1207.295 
1205.7 
1204.815 
1203.715 
1202.76 
1201.215 
1200.375 
1198.83 
1197.965 
1196.48 
1195.56 
1193.64 
1192.83 
1191.325 
1190.435 
1189.02 
1188.065 
1186.6 
1185.775 
1184.795 
1183.875 
1182.415 
1181.52 
1180.08 
1179.32 
1177.785 
1176.97 
1175.12 
1174.355 
1172.76 
1171.965 
1170.6 
1169.745 
1168.195 
1167.4 
1166.375 
1165.61 
1164.115 
1163.335 
1161.92 
1161.065 
1159.615 
1158.865 
1157.035 
1156.285 
1154.85 
1154.04 
1152.685 
1151.965 
1150.485 
1149.74 
1148.85 
1148.185 
1146.76 
1146.06 
1144.74 
1144.055 
1142.66 
1142.04 
1140.315 
1139.645 
1138.335 
1137.685 
1136.485 
1135.81 
1134.555 
1133.995 
1133.105 
1132.54 
1131.27 
1130.745 
1129.53 
1129.02 
1127.78 
1127.26 
1125.68 
1125.155 
1123.925 
1123.485 
1122.275 
1121.775 
1120.61 
1120.19 
1119.5 
1119.02 
1117.77 
1117.365 
1116.27 
1115.825 
1114.75 
1114.355 
1112.835 
1112.33 
1111.25 
1110.805 
1109.755 
1109.315 
1108.145 
1107.795 
1107.155 
1106.68 
1105.54 
1105.175 
1104.115 
1103.65 
1102.53 
1102.145 
1100.565 
1100.205 
1099.02 
1098.545 
1097.515 
1097.005 
1095.825 
1095.415 
1094.74 
1094.195 
1093.065 
1092.6 
1091.475 
1090.955 
1089.73 
1089.28 
1087.72 
1087.17 
1085.95 
1085.465 
1084.275 
1083.73 
1082.555 
1082.01 
1081.225 
1080.715 
1079.505 
1078.96 
1077.74 
1077.22 
1076.01 
1075.46 
1073.815 
1073.26 
1072.14 
1071.565 
1070.345 
1069.795 
1068.59 
1068.095 
1067.355 
1066.83 
1065.6 
1065.135 
1063.965 
1063.43 
1062.215 
1061.715 
1060.305 
1059.795 
1058.685 
1058.17 
1057.045 
1056.525 
1055.39 
1054.91 
1054.295 
1053.82 
1052.705 
1052.285 
1051.15 
1050.765 
1049.61 
1049.22 
1047.715 
1047.28 
1046.225 
1045.85 
1044.755 
1044.32 
1043.31 
1042.82 
1042.27 
1041.88 
1040.825 
1040.465 
1039.405 
1039.07 
1038.02 
1037.74 
1036.24 
1035.89 
1034.825 
1034.425 
1033.42 
1033.185 
1032.09 
1031.7 
1031.155 
1030.79 
1029.735 
1029.44 
1028.4 
1028.06 
1026.98 
1026.65 
1025.16 
1024.81 
1023.765 
1023.355 
1022.37 
1021.915 
1020.855 
1020.46 
1019.885 
1019.44 
1018.36 
1017.91 
1016.865 
1016.48 
1015.34 
1014.93 
1013.44 
1012.94 
1011.855 
1011.41 
1010.36 
1009.82 
1008.74 
1008.19 
1007.56 
1007.065 
1005.95 
1005.46 
1004.395 
1003.97 
1002.735 
1002.355 
1000.84 
1000.29 
999.165 
998.76 
997.645 
997.165 
995.995 
995.615 
994.965 
994.485 
993.385 
993.065 
991.915 
991.47 
990.42 
990.0 
988.505 
988.175 
987.075 
986.7 
985.715 
985.3 
984.245 
983.875 
983.275 
982.9 
981.95 
981.535 
980.52 
980.195 
979.155 
978.77 
977.41 
977.01 
976.095 
975.715 
974.79 
974.385 
973.42 
973.05 
972.575 
972.25 
971.245 
970.895 
969.97 
969.61 
968.595 
968.36 
967.035 
966.67 
965.675 
965.365 
964.435 
964.08 
963.06 
962.775 
962.2 
961.905 
960.86 
960.595 
959.605 
959.32 
958.195 
957.885 
956.545 
956.2 
955.135 
954.86 
953.83 
953.48 
952.54 
952.16 
951.545 
951.21 
950.155 
949.81 
948.775 
948.505 
947.435 
947.025 
945.635 
945.265 
944.26 
943.95 
942.935 
942.56 
941.535 
941.18 
940.645 
940.225 
939.28 
938.965 
937.945 
937.585 
936.59 
936.27 
934.89 
934.55 
933.605 
933.22 
932.36 
932.04 
931.055 
930.765 
930.29 
929.99 
929.085 
928.85 
927.935 
927.665 
926.74 
926.48 
925.31 
925.0 
924.095 
923.86 
923.085 
922.91 
921.99 
921.845 
921.455 
921.24 
920.395 
920.26 
919.49 
919.31 
918.41 
918.3 
917.17 
917.03 
916.22 
916.14 
915.31 
915.21 
914.415 
914.3 
914.07 
913.905 
913.16 
913.075 
912.305 
912.215 
911.41 
911.425 
910.33 
910.24 
909.535 
909.425 
908.72 
908.675 
907.865 
907.855 
907.615 
907.545 
906.81 
906.755 
906.075 
906.07 
905.36 
905.34 
904.125 
904.135 
903.48 
903.445 
902.76 
902.765 
902.0 
901.99 
901.775 
901.76 
901.1 
901.055 
900.35 
900.475 
899.7 
899.74 
898.745 
898.725 
898.06 
898.13 
897.485 
897.55 
896.825 
896.865 
896.725 
896.805 
896.115 
896.26 
895.64 
895.735 
895.095 
895.245 
894.37 
894.475 
893.855 
893.955 
893.41 
893.615 
893.025 
893.195 
893.13 
893.245 
892.755 
892.94 
892.43 
892.59 
892.07 
892.3 
891.43 
891.63 
891.11 
891.28 
890.83 
891.01 
890.49 
890.7 
890.645 
890.84 
890.345 
890.5 
890.02 
890.2 
889.705 
889.855 
888.995 
889.135 
888.56 
888.765 
888.28 
888.33 
887.875 
887.915 
887.905 
888.105 
887.565 
887.67 
887.155 
887.175 
886.595 
886.77 
885.86 
885.915 
885.295 
885.4 
884.81 
884.945 
884.31 
884.33 
884.245 
884.36 
883.655 
883.73 
883.145 
883.17 
882.525 
882.65 
881.57 
881.605 
880.97 
880.96 
880.355 
880.35 
879.705 
879.7 
879.55 
879.57 
878.88 
878.855 
878.235 
878.3 
877.59 
877.585 
876.59 
876.52 
875.855 
875.855 
875.195 
875.185 
874.52 
874.48 
874.24 
874.3 
873.62 
873.6 
872.955 
873.01 
872.245 
872.325 
871.275 
871.23 
870.55 
870.565 
869.905 
869.945 
869.175 
869.2 
869.0 
868.985 
868.38 
868.3 
867.64 
867.625 
866.995 
866.9 
865.86 
865.845 
865.12 
865.09 
864.38 
864.35 
863.565 
863.555 
863.31 
863.225 
862.47 
862.455 
861.69 
861.625 
860.82 
860.775 
859.56 
859.38 
858.575 
858.51 
857.74 
857.58 
856.735 
856.59 
856.27 
856.12 
855.295 
855.125 
854.4 
854.13 
853.355 
853.215 
851.965 
851.76 
850.845 
850.705 
849.885 
849.71 
848.835 
848.67 
848.295 
848.1 
847.195 
847.035 
846.25 
846.045 
845.205 
845.09 
843.845 
843.645 
842.8 
842.635 
841.865 
841.71 
840.865 
840.705 
840.35 
840.255 
839.44 
839.25 
838.535 
838.465 
837.615 
837.545 
836.355 
836.27 
835.47 
835.495 
834.715 
834.645 
833.96 
833.845 
833.595 
833.55 
832.805 
832.78 
832.105 
832.085 
831.44 
831.4 
830.305 
830.305 
829.595 
829.585 
828.955 
829.055 
828.355 
828.37 
828.2 
828.155 
827.535 
827.655 
827.025 
826.99 
826.38 
826.39 
825.32 
825.335 
824.73 
824.76 
824.08 
824.09 
823.395 
823.44 
823.21 
823.22 
822.595 
822.54 
821.895 
821.885 
821.195 
821.17 
820.09 
820.045 
819.3 
819.365 
818.59 
818.545 
817.79 
817.73 
817.375 
817.45 
816.645 
816.6 
815.885 
815.785 
815.04 
815.075 
813.93 
813.91 
813.14 
813.06 
812.355 
812.3 
811.535 
811.475 
811.225 
811.155 
810.42 
810.435 
809.73 
809.675 
808.975 
808.95 
807.9 
807.885 
807.245 
807.21 
806.56 
806.57 
805.895 
806.005 
805.78 
805.88 
805.18 
805.3 
804.72 
804.815 
804.255 
804.35 
803.48 
803.57 
802.99 
803.225 
802.72 
802.815 
802.255 
802.53 
802.475 
802.705 
802.215 
802.475 
802.005 
802.265 
801.785 
802.135 
801.265 
801.505 
801.165 
801.45 
801.09 
801.4 
800.995 
801.24 
801.37 
801.675 
801.34 
801.73 
801.35 
801.68 
801.32 
801.67 
800.965 
801.395 
800.98 
801.275 
801.005 
801.305 
800.94 
801.31 
801.47 
801.76 
801.4 
801.72 
801.425 
801.72 
801.405 
801.755 
801.045 
801.305 
800.915 
801.25 
800.885 
801.225 
800.82 
801.07 
801.185 
801.54 
801.12 
801.375 
801.1 
801.33 
800.93 
801.235 
800.41 
800.745 
800.34 
800.57 
800.155 
800.495 
800.03 
800.355 
800.355 
800.65 
800.175 
800.48 
800.105 
800.335 
799.935 
800.225 
799.42 
799.665 
799.29 
799.51 
799.2 
799.375 
799.025 
799.29 
799.375 
799.61 
799.21 
799.51 
799.105 
799.445 
799.045 
799.335 
798.66 
798.945 
798.56 
798.855 
798.525 
798.855 
798.445 
798.76 
798.88 
799.255 
798.91 
799.235 
798.895 
799.245 
798.8 
799.275 
798.485 
798.865 
798.51 
798.865 
798.55 
798.99 
798.635 
798.995 
799.185 
799.49 
799.17 
799.56 
799.255 
799.595 
799.28 
799.55 
798.92 
799.3 
798.87 
799.26 
798.91 
799.155 
798.775 
799.065 
799.12 
799.475 
799.035 
799.345 
798.925 
799.245 
798.805 
799.035 
798.25 
798.485 
797.995 
798.245 
797.715 
797.93 
797.48 
797.64 
797.61 
797.785 
797.27 
797.435 
796.95 
797.095 
796.585 
796.745 
795.81 
795.99 
795.41 
795.515 
795.0 
795.09 
794.455 
794.635 
794.525 
794.63 
793.985 
794.135 
793.6 
793.605 
792.96 
793.095 
792.09 
792.175 
791.545 
791.62 
791.085 
791.07 
790.475 
790.585 
790.43 
790.39 
789.8 
789.875 
789.315 
789.315 
788.66 
788.75 
787.68 
787.73 
787.05 
787.145 
786.49 
786.535 
785.895 
785.9 
785.765 
785.76 
785.145 
785.17 
784.545 
784.59 
783.945 
784.02 
783.005 
783.005 
782.38 
782.37 
781.77 
781.84 
781.135 
781.155 
781.03 
781.105 
780.385 
780.47 
779.85 
779.82 
779.2 
779.285 
778.34 
778.35 
777.67 
777.775 
777.08 
777.055 
776.35 
776.405 
776.17 
776.18 
775.495 
775.475 
774.795 
774.805 
774.06 
774.08 
773.065 
772.99 
772.23 
772.305 
771.61 
771.57 
770.815 
770.79 
770.545 
770.52 
769.785 
769.675 
769.08 
768.965 
768.25 
768.26 
767.175 
767.16 
766.44 
766.415 
765.685 
765.625 
764.905 
764.81 
764.605 
764.54 
763.79 
763.82 
763.105 
763.115 
762.37 
762.355 
761.29 
761.31 
760.59 
760.565 
759.875 
759.96 
759.275 
759.24 
759.07 
759.11 
758.39 
758.52 
757.88 
757.865 
757.335 
757.31 
756.385 
756.455 
755.85 
755.94 
755.305 
755.435 
754.79 
754.94 
754.76 
754.99 
754.405 
754.52 
754.035 
754.225 
753.625 
753.895 
753.02 
753.255 
752.68 
752.88 
752.44 
752.615 
752.16 
752.39 
752.455 
752.665 
752.165 
752.455 
752.065 
752.3 
751.885 
752.19 
751.355 
751.665 
751.295 
751.515 
751.22 
751.435 
751.025 
751.335 
751.4 
751.725 
751.335 
751.675 
751.26 
751.565 
751.18 
751.51 
750.745 
751.1 
750.75 
751.065 
750.75 
750.995 
750.65 
750.95 
751.005 
751.43 
751.045 
751.39 
751.06 
751.285 
751.0 
751.34 
750.73 
751.03 
750.685 
750.98 
750.665 
751.005 
750.61 
751.03 
751.175 
751.55 
751.1 
751.51 
751.27 
751.63 
751.33 
751.65 
751.0 
751.34 
751.0 
751.395 
751.105 
751.535 
751.21 
751.54 
751.82 
752.17 
751.855 
752.31 
752.105 
752.435 
752.195 
752.585 
752.01 
752.39 
752.11 
752.515 
752.27 
752.71 
752.435 
752.855 
753.095 
753.565 
753.315 
753.745 
753.525 
753.925 
753.77 
754.245 
753.625 
754.115 
753.805 
754.255 
754.12 
754.615 
754.395 
754.91 
755.145 
755.59 
755.355 
755.965 
755.78 
756.24 
756.01 
756.465 
755.965 
756.455 
756.195 
756.65 
756.535 
756.945 
756.705 
757.2 
757.445 
757.95 
757.695 
758.16 
757.965 
758.485 
758.205 
758.705 
758.025 
758.47 
758.24 
758.655 
758.495 
758.885 
758.62 
759.01 
759.245 
759.63 
759.41 
759.79 
759.585 
759.935 
759.685 
760.07 
759.4 
759.73 
759.445 
759.725 
759.445 
759.85 
759.5 
759.85 
760.0 
760.355 
759.925 
760.345 
760.01 
760.28 
759.945 
760.275 
759.455 
759.78 
759.415 
759.71 
759.315 
759.615 
759.25 
759.505 
759.59 
759.815 
759.435 
759.685 
759.255 
759.605 
759.15 
759.375 
758.73 
758.925 
758.525 
758.82 
758.435 
758.63 
758.175 
758.48 
758.515 
758.755 
758.325 
758.61 
758.225 
758.475 
757.965 
758.31 
757.55 
757.845 
757.365 
757.705 
757.295 
757.62 
757.195 
757.43 
757.54 
757.805 
757.37 
757.755 
757.405 
757.71 
757.245 
757.58 
756.93 
757.17 
756.78 
757.125 
756.77 
756.985 
756.57 
756.945 
756.98 
757.285 
756.9 
757.245 
756.895 
757.17 
756.765 
757.055 
756.325 
756.575 
756.195 
756.455 
756.135 
756.39 
755.985 
756.205 
756.32 
756.59 
756.17 
756.415 
756.075 
756.24 
755.815 
756.13 
755.32 
755.605 
755.155 
755.33 
754.95 
755.155 
754.66 
754.915 
754.88 
755.07 
754.57 
754.815 
754.33 
754.535 
753.95 
754.175 
753.2 
753.45 
752.835 
753.03 
752.5 
752.61 
752.02 
752.155 
752.05 
752.16 
751.57 
751.63 
751.07 
751.21 
750.515 
750.62 
749.67 
749.735 
749.08 
749.17 
748.605 
748.64 
747.925 
748.07 
747.84 
747.95 
747.28 
747.32 
746.785 
746.825 
746.18 
746.275 
745.26 
745.335 
744.755 
744.79 
744.265 
744.385 
743.755 
743.87 
743.825 
743.91 
743.27 
743.495 
742.93 
743.1 
742.575 
742.77 
741.985 
742.19 
741.61 
741.81 
741.355 
741.565 
741.065 
741.26 
741.285 
741.51 
741.025 
741.3 
740.885 
741.15 
740.66 
740.89 
740.13 
740.42 
739.93 
740.265 
739.86 
740.185 
739.755 
739.99 
740.055 
740.425 
740.055 
740.355 
739.995 
740.22 
739.85 
740.275 
739.505 
739.78 
739.415 
739.73 
739.3 
739.69 
739.245 
739.545 
739.625 
739.93 
739.495 
739.85 
739.49 
739.715 
739.26 
739.605 
738.82 
739.125 
738.69 
738.895 
738.56 
738.785 
738.255 
738.54 
738.585 
738.805 
738.43 
738.57 
738.22 
738.39 
737.975 
738.23 
737.4 
737.605 
737.09 
737.315 
736.845 
737.055 
736.535 
736.795 
736.79 
737.08 
736.525 
736.73 
736.33 
736.505 
736.055 
736.28 
735.535 
735.73 
735.25 
735.465 
735.095 
735.375 
734.965 
735.17 
735.34 
735.545 
735.145 
735.445 
735.12 
735.4 
735.06 
735.37 
734.645 
735.035 
734.695 
735.005 
734.73 
735.08 
734.745 
735.23 
735.405 
735.76 
735.515 
735.97 
735.69 
736.1 
735.895 
736.38 
735.76 
736.18 
735.94 
736.56 
736.3 
736.805 
736.62 
737.09 
737.38 
737.895 
737.725 
738.215 
738.065 
738.595 
738.51 
739.01 
738.515 
739.1 
738.78 
739.395 
739.27 
739.78 
739.54 
740.07 
740.41 
740.9 
740.655 
741.195 
741.045 
741.55 
741.28 
741.8 
741.215 
741.77 
741.46 
741.865 
741.73 
742.17 
741.795 
742.305 
742.545 
742.89 
742.665 
742.99 
742.8 
743.195 
742.88 
743.285 
742.66 
743.015 
742.665 
743.05 
742.75 
743.09 
742.755 
743.1 
743.235 
743.64 
743.34 
743.68 
743.36 
743.69 
743.36 
743.715 
743.065 
743.41 
743.085 
743.425 
743.115 
743.58 
743.25 
743.67 
743.87 
744.215 
743.88 
744.33 
744.145 
744.49 
744.25 
744.615 
744.015 
744.45 
744.145 
744.585 
744.4 
744.795 
744.545 
745.085 
745.255 
745.725 
745.465 
745.94 
745.735 
746.2 
745.975 
746.46 
745.835 
746.28 
746.05 
746.54 
746.365 
746.82 
746.57 
747.05 
747.28 
747.78 
747.54 
747.945 
747.81 
748.2 
747.955 
748.43 
747.84 
748.205 
747.945 
748.37 
748.125 
748.5 
748.215 
748.555 
748.795 
749.085 
748.755 
749.135 
748.85 
749.12 
748.79 
749.11 
748.325 
748.61 
748.19 
748.43 
748.135 
748.315 
747.85 
748.095 
748.125 
748.285 
747.83 
747.955 
747.55 
747.665 
747.175 
747.345 
746.46 
746.615 
745.995 
746.185 
745.57 
745.66 
745.105 
745.19 
745.025 
745.145 
744.575 
744.66 
744.09 
744.125 
743.545 
743.665 
742.645 
742.775 
742.12 
742.165 
741.58 
741.75 
741.11 
741.175 
741.07 
741.11 
740.59 
740.69 
740.15 
740.225 
739.715 
739.76 
738.81 
738.95 
738.36 
738.47 
737.96 
738.055 
737.485 
737.635 
737.52 
737.685 
737.12 
737.31 
736.765 
736.97 
736.45 
736.585 
735.675 
735.77 
735.24 
735.425 
734.99 
735.17 
734.64 
734.705 
734.69 
734.915 
734.385 
734.52 
734.065 
734.175 
733.7 
733.905 
733.025 
733.13 
732.615 
732.765 
732.265 
732.445 
731.915 
732.065 
731.98 
732.16 
731.615 
731.745 
731.255 
731.39 
730.86 
731.02 
730.065 
730.17 
729.665 
729.71 
729.255 
729.355 
728.775 
728.9 
728.785 
728.92 
728.385 
728.45 
727.95 
728.03 
727.545 
727.655 
726.635 
726.72 
726.2 
726.325 
725.81 
725.88 
725.43 
725.445 
725.455 
725.615 
725.105 
725.25 
724.775 
724.905 
724.44 
724.65 
723.765 
723.9 
723.495 
723.665 
723.23 
723.55 
723.115 
723.34 
723.48 
723.67 
723.325 
723.655 
723.32 
723.55 
723.265 
723.575 
722.93 
723.29 
722.965 
723.27 
723.01 
723.37 
723.01 
723.43 
723.585 
724.045 
723.71 
724.11 
723.82 
724.3 
723.94 
724.41 
723.835 
