Run 12 on 20200810 on sample T20-5d, LT thermometer,  dT/T0 = 0.02
Time per point = 3.125e-05 seconds
1701.85 
1701.525 
1701.985 
1701.825 
1702.3 
1702.085 
1702.505 
1701.94 
1702.405 
1702.175 
1702.68 
1702.465 
1702.93 
1702.655 
1703.105 
1703.435 
1703.885 
1703.685 
1704.185 
1703.97 
1704.475 
1704.225 
1704.78 
1704.135 
1704.605 
1704.4 
1704.785 
1704.6 
1705.1 
1704.825 
1705.27 
1705.515 
1705.875 
1705.715 
1706.09 
1705.945 
1706.335 
1706.095 
1706.52 
1705.98 
1706.355 
1706.155 
1706.55 
1706.355 
1706.695 
1706.415 
1706.79 
1706.92 
1707.375 
1707.03 
1707.43 
1707.135 
1707.5 
1707.18 
1707.555 
1706.91 
1707.2 
1706.78 
1707.21 
1706.875 
1707.185 
1706.815 
1707.125 
1707.265 
1707.555 
1707.16 
1707.55 
1707.185 
1707.455 
1707.105 
1707.385 
1706.715 
1706.955 
1706.575 
1706.86 
1706.49 
1706.725 
1706.35 
1706.645 
1706.66 
1706.935 
1706.495 
1706.84 
1706.49 
1706.66 
1706.22 
1706.5 
1705.725 
1706.005 
1705.595 
1705.925 
1705.485 
1705.745 
1705.34 
1705.575 
1705.615 
1705.925 
1705.41 
1705.695 
1705.33 
1705.605 
1705.14 
1705.42 
1704.71 
1704.885 
1704.455 
1704.7 
1704.395 
1704.615 
1704.09 
1704.36 
1704.335 
1704.595 
1704.095 
1704.405 
1703.93 
1704.18 
1703.7 
1704.015 
1703.135 
1703.365 
1702.84 
1703.045 
1702.635 
1702.855 
1702.335 
1702.55 
1702.485 
1702.7 
1702.265 
1702.45 
1702.005 
1702.145 
1701.66 
1701.875 
1700.985 
1701.16 
1700.72 
1700.855 
1700.36 
1700.54 
1699.935 
1700.225 
1700.185 
1700.295 
1699.795 
1700.015 
1699.515 
1699.65 
1699.15 
1699.31 
1698.395 
1698.57 
1698.03 
1698.23 
1697.73 
1697.975 
1697.385 
1697.555 
1697.535 
1697.695 
1697.185 
1697.395 
1696.965 
1697.11 
1696.64 
1696.87 
1696.12 
1696.245 
1695.775 
1695.94 
1695.525 
1695.765 
1695.32 
1695.55 
1695.48 
1695.68 
1695.21 
1695.455 
1695.07 
1695.305 
1694.755 
1695.115 
1694.275 
1694.59 
1694.16 
1694.39 
1694.01 
1694.22 
1693.89 
1694.145 
1694.2 
1694.455 
1694.015 
1694.33 
1693.975 
1694.28 
1693.895 
1694.15 
1693.435 
1693.7 
1693.305 
1693.63 
1693.215 
1693.525 
1693.16 
1693.41 
1693.545 
1693.81 
1693.47 
1693.755 
1693.365 
1693.715 
1693.245 
1693.54 
1692.815 
1693.1 
1692.66 
1692.945 
1692.59 
1692.87 
1692.375 
1692.695 
1692.73 
1692.975 
1692.605 
1692.845 
1692.475 
1692.71 
1692.19 
1692.415 
1691.72 
1691.92 
1691.395 
1691.7 
1691.195 
1691.42 
1690.9 
1691.19 
1691.16 
1691.35 
1690.815 
1691.0 
1690.6 
1690.71 
1690.2 
1690.39 
1689.535 
1689.635 
1689.135 
1689.31 
1688.795 
1688.93 
1688.45 
1688.545 
1688.45 
1688.65 
1688.065 
1688.25 
1687.725 
1687.875 
1687.28 
1687.45 
1686.475 
1686.675 
1686.13 
1686.235 
1685.705 
1685.895 
1685.335 
1685.555 
1685.395 
1685.535 
1684.965 
1685.2 
1684.68 
1684.835 
1684.285 
1684.49 
1683.57 
1683.77 
1683.265 
1683.45 
1683.005 
1683.215 
1682.71 
1682.895 
1682.85 
1683.06 
1682.61 
1682.86 
1682.34 
1682.64 
1682.205 
1682.47 
1681.675 
1681.865 
1681.455 
1681.74 
1681.315 
1681.565 
1681.09 
1681.33 
1681.36 
1681.65 
1681.23 
1681.5 
1681.08 
1681.35 
1680.895 
1681.14 
1680.425 
1680.63 
1680.205 
1680.48 
1680.01 
1680.365 
1679.9 
1680.12 
1680.17 
1680.43 
1679.98 
1680.27 
1679.885 
1680.105 
1679.625 
1679.885 
1679.075 
1679.355 
1678.875 
1679.125 
1678.735 
1678.935 
1678.495 
1678.765 
1678.805 
1679.065 
1678.57 
1678.785 
1678.41 
1678.61 
1678.205 
1678.44 
1677.635 
1677.77 
1677.34 
1677.615 
1677.205 
1677.405 
1676.94 
1677.215 
1677.255 
1677.495 
1677.005 
1677.26 
1676.82 
1677.045 
1676.65 
1676.875 
1676.135 
1676.35 
1675.915 
1676.115 
1675.735 
1675.995 
1675.555 
1675.845 
1675.87 
1676.07 
1675.62 
1675.975 
1675.53 
1675.84 
1675.36 
1675.635 
1674.92 
1675.145 
1674.78 
1675.12 
1674.66 
1674.965 
1674.545 
1674.875 
1674.935 
1675.225 
1674.825 
1675.12 
1674.795 
1675.135 
1674.71 
1675.02 
1674.22 
1674.535 
1674.23 
1674.475 
1674.105 
1674.465 
1673.995 
1674.365 
1674.425 
1674.725 
1674.335 
1674.64 
1674.31 
1674.57 
1674.145 
1674.425 
1673.64 
1673.93 
1673.525 
1673.725 
1673.335 
1673.59 
1673.13 
1673.375 
1673.32 
1673.515 
1673.07 
1673.27 
1672.845 
1672.94 
1672.375 
1672.54 
1671.73 
1671.825 
1671.295 
1671.39 
1670.765 
1670.8 
1670.185 
1670.28 
1670.005 
1670.005 
1669.28 
1669.22 
1668.515 
1668.485 
1667.66 
1667.53 
1666.36 
1666.145 
1665.36 
1665.125 
1664.315 
1663.965 
1663.075 
1662.73 
1662.225 
1661.83 
1660.8 
1660.445 
1659.39 
1658.875 
1657.75 
1657.29 
1655.745 
1655.195 
1653.93 
1653.285 
1652.075 
1651.375 
1650.015 
1649.335 
1648.4 
1647.665 
1646.16 
1645.445 
1643.93 
1643.14 
1641.445 
1640.61 
1638.705 
1637.645 
1636.06 
1635.015 
1633.35 
1632.21 
1630.52 
1629.38 
1628.03 
1626.87 
1625.015 
1623.795 
1621.925 
1620.68 
1618.705 
1617.405 
1615.12 
1613.71 
1611.635 
1610.275 
1608.175 
1606.69 
1604.505 
1603.04 
1601.315 
1599.8 
1597.575 
1595.985 
1593.75 
1592.09 
1589.77 
1588.12 
1585.38 
1583.67 
1581.27 
1579.43 
1577.045 
1575.275 
1572.825 
1571.0 
1568.91 
1567.02 
1564.535 
1562.645 
1560.14 
1558.12 
1555.585 
1553.58 
1550.615 
1548.645 
1546.01 
1544.075 
1541.315 
1539.35 
1536.59 
1534.62 
1532.37 
1530.28 
1527.485 
1525.5 
1522.68 
1520.59 
1517.87 
1515.83 
1512.595 
1510.435 
1507.66 
1505.545 
1502.755 
1500.555 
1497.72 
1495.545 
1493.215 
1491.02 
1488.175 
1486.07 
1483.255 
1480.985 
1478.125 
1476.005 
1472.875 
1470.615 
1467.73 
1465.56 
1462.655 
1460.52 
1457.59 
1455.485 
1453.025 
1450.86 
1447.935 
1445.79 
1442.935 
1440.785 
1437.915 
1435.725 
1432.47 
1430.36 
1427.51 
1425.42 
1422.58 
1420.425 
1417.665 
1415.55 
1413.16 
1411.03 
1408.225 
1406.235 
1403.425 
1401.375 
1398.645 
1396.58 
1393.545 
1391.44 
1388.715 
1386.75 
1384.035 
1382.085 
1379.435 
1377.345 
1375.165 
1373.19 
1370.6 
1368.695 
1366.105 
1364.13 
1361.57 
1359.755 
1356.805 
1354.9 
1352.37 
1350.445 
1347.955 
1346.21 
1343.645 
1341.905 
1339.855 
1338.01 
1335.625 
1333.815 
1331.48 
1329.715 
1327.29 
1325.54 
1322.79 
1321.195 
1318.75 
1317.045 
1314.715 
1313.025 
1310.7 
1309.14 
1307.225 
1305.695 
1303.315 
1301.735 
1299.495 
1297.985 
1295.77 
1294.185 
1291.52 
1289.985 
1287.83 
1286.295 
1284.12 
1282.615 
1280.53 
1278.96 
1277.265 
1275.785 
1273.66 
1272.115 
1270.095 
1268.5 
1266.475 
1265.015 
1262.53 
1261.045 
1258.995 
1257.53 
1255.4 
1254.01 
1251.975 
1250.56 
1248.885 
1247.395 
1245.32 
1243.985 
1241.95 
1240.525 
1238.455 
1237.025 
1234.67 
1233.215 
1231.16 
1229.725 
1227.715 
1226.335 
1224.265 
1222.915 
1221.375 
1219.9 
1217.875 
1216.46 
1214.475 
1213.08 
1211.115 
1209.7 
1207.285 
1206.005 
1203.89 
1202.52 
1200.455 
1199.095 
1197.0 
1195.635 
1194.04 
1192.69 
1190.615 
1189.245 
1187.23 
1185.81 
1183.785 
1182.46 
1180.05 
1178.675 
1176.57 
1175.22 
1173.2 
1171.795 
1169.79 
1168.435 
1166.87 
1165.495 
1163.485 
1162.14 
1160.11 
1158.805 
1156.755 
1155.465 
1153.115 
1151.78 
1149.825 
1148.51 
1146.515 
1145.27 
1143.275 
1142.015 
1140.515 
1139.21 
1137.335 
1136.125 
1134.26 
1132.995 
1131.05 
1129.88 
1127.57 
1126.44 
1124.52 
1123.38 
1121.555 
1120.44 
1118.57 
1117.47 
1116.07 
1114.98 
1113.11 
1112.05 
1110.28 
1109.145 
1107.43 
1106.345 
1104.21 
1103.185 
1101.36 
1100.295 
1098.65 
1097.61 
1095.915 
1094.865 
1093.63 
1092.59 
1090.935 
1089.95 
1088.32 
1087.335 
1085.595 
1084.66 
1082.665 
1081.735 
1080.095 
1079.1 
1077.495 
1076.6 
1074.95 
1074.08 
1072.955 
1072.055 
1070.475 
1069.57 
1068.06 
1067.195 
1065.645 
1064.785 
1062.925 
1061.945 
1060.465 
1059.695 
1058.155 
1057.375 
1055.795 
1054.965 
1053.955 
1053.125 
1051.67 
1050.9 
1049.39 
1048.62 
1047.14 
1046.345 
1044.52 
1043.69 
1042.23 
1041.49 
1040.025 
1039.285 
1037.785 
1037.025 
1036.035 
1035.3 
1033.79 
1033.18 
1031.75 
1030.98 
1029.51 
1028.79 
1027.05 
1026.375 
1024.92 
1024.18 
1022.8 
1022.055 
1020.725 
1020.005 
1019.07 
1018.385 
1016.975 
1016.295 
1014.945 
1014.27 
1012.945 
1012.215 
1010.51 
1009.755 
1008.455 
1007.785 
1006.47 
1005.78 
1004.45 
1003.805 
1002.935 
1002.285 
1000.885 
1000.205 
998.93 
998.275 
996.985 
996.36 
994.64 
993.935 
992.6 
991.995 
990.69 
990.02 
988.725 
988.05 
987.215 
986.58 
985.22 
984.67 
983.34 
982.7 
981.405 
980.775 
979.11 
978.46 
977.185 
976.545 
975.24 
974.585 
973.32 
972.7 
971.9 
971.225 
969.875 
969.305 
968.075 
967.46 
966.2 
965.555 
963.89 
963.24 
961.98 
961.345 
960.17 
959.535 
958.26 
957.61 
956.785 
956.1 
954.83 
954.255 
953.025 
952.345 
951.065 
950.535 
948.77 
948.155 
946.85 
946.2 
944.98 
944.37 
943.055 
942.46 
941.585 
940.95 
939.69 
939.065 
937.83 
937.285 
935.945 
935.31 
933.625 
933.06 
931.77 
931.115 
929.93 
929.325 
928.035 
927.54 
926.755 
926.09 
924.855 
924.24 
923.08 
922.555 
921.295 
920.755 
919.15 
918.54 
917.33 
916.795 
915.56 
915.04 
913.88 
913.36 
912.63 
912.11 
910.91 
910.38 
909.185 
908.67 
907.49 
907.1 
905.56 
905.09 
903.89 
903.39 
902.255 
901.76 
900.55 
900.095 
899.385 
898.9 
897.74 
897.3 
896.23 
895.77 
894.62 
894.195 
892.685 
892.24 
891.11 
890.625 
889.545 
889.15 
888.035 
887.68 
887.095 
886.6 
885.555 
885.11 
884.12 
883.72 
882.67 
882.3 
880.905 
880.48 
879.43 
879.14 
878.155 
877.725 
876.705 
876.285 
875.79 
875.445 
874.425 
874.1 
873.09 
872.795 
871.755 
871.445 
870.115 
869.81 
868.84 
868.48 
867.545 
867.23 
866.23 
866.02 
865.495 
865.2 
864.205 
863.92 
863.07 
862.78 
861.85 
861.585 
860.26 
860.09 
859.055 
858.88 
857.985 
857.685 
856.8 
856.61 
856.17 
855.95 
855.02 
854.805 
854.05 
853.84 
852.95 
852.77 
851.5 
851.29 
850.5 
850.275 
849.48 
849.27 
848.415 
848.245 
847.87 
847.655 
846.875 
846.72 
845.94 
845.77 
844.9 
844.81 
843.625 
843.385 
842.53 
842.34 
841.58 
841.43 
840.635 
840.48 
840.105 
839.915 
839.06 
838.965 
838.13 
838.06 
837.195 
837.075 
835.86 
835.7 
834.925 
834.74 
833.91 
833.845 
832.995 
832.895 
832.485 
832.405 
831.585 
831.39 
830.58 
830.5 
829.785 
829.58 
828.43 
828.285 
827.475 
827.345 
826.59 
826.46 
825.59 
825.465 
825.075 
825.03 
824.205 
824.08 
823.32 
823.135 
822.36 
822.205 
821.085 
820.93 
820.02 
819.89 
819.175 
818.98 
818.23 
818.145 
817.82 
817.585 
816.84 
816.725 
815.96 
815.83 
815.095 
814.925 
813.735 
813.71 
812.915 
812.71 
811.97 
811.88 
811.15 
810.98 
810.71 
810.655 
809.895 
809.765 
808.985 
808.98 
808.255 
808.195 
807.035 
806.935 
806.25 
806.09 
805.45 
805.355 
804.64 
804.565 
804.28 
804.195 
803.465 
803.42 
802.7 
802.62 
801.87 
801.845 
800.71 
800.6 
799.9 
799.775 
799.09 
799.025 
798.29 
798.16 
797.91 
797.745 
797.03 
796.96 
796.3 
796.145 
795.485 
795.38 
794.23 
794.14 
793.335 
793.29 
792.645 
792.495 
791.79 
791.71 
791.435 
791.355 
790.56 
790.535 
789.805 
789.68 
789.02 
788.96 
787.77 
787.705 
786.965 
786.875 
786.17 
786.04 
785.28 
785.26 
784.935 
784.885 
784.18 
784.085 
783.375 
783.24 
782.51 
782.415 
781.29 
781.2 
780.435 
780.365 
779.625 
779.565 
778.815 
778.76 
778.455 
778.3 
777.57 
777.545 
776.86 
776.7 
775.96 
775.9 
774.78 
774.735 
774.005 
773.895 
773.235 
773.12 
772.415 
772.36 
772.115 
772.02 
771.285 
771.26 
770.655 
770.565 
769.88 
769.92 
768.76 
768.75 
768.11 
768.08 
767.5 
767.395 
766.83 
766.755 
766.54 
766.53 
765.995 
765.94 
765.315 
765.375 
764.74 
764.785 
763.745 
763.835 
763.19 
763.185 
762.575 
762.645 
762.025 
762.125 
761.965 
761.99 
761.415 
761.54 
760.945 
761.03 
760.43 
760.54 
759.56 
759.67 
759.12 
759.15 
758.735 
758.72 
758.215 
758.295 
758.23 
758.305 
757.745 
757.895 
757.345 
757.465 
756.935 
757.05 
756.04 
756.205 
755.635 
755.75 
755.205 
755.32 
754.75 
754.875 
754.745 
754.825 
754.235 
754.355 
753.835 
753.86 
753.295 
753.49 
752.405 
752.51 
751.885 
751.93 
751.425 
751.465 
750.86 
750.955 
750.785 
750.77 
750.14 
750.315 
749.72 
749.735 
749.11 
749.19 
748.115 
748.21 
747.57 
747.585 
747.045 
747.01 
746.395 
746.55 
746.315 
746.38 
745.74 
745.825 
745.195 
745.335 
744.69 
744.725 
743.69 
743.72 
743.11 
743.16 
742.635 
742.625 
742.06 
742.09 
741.885 
742.0 
741.37 
741.505 
740.86 
740.915 
740.28 
740.43 
739.385 
739.41 
738.82 
738.855 
738.305 
738.395 
737.76 
737.89 
737.725 
737.695 
737.165 
737.3 
736.705 
736.8 
736.265 
736.325 
735.325 
735.4 
734.885 
735.03 
734.455 
734.52 
733.995 
734.1 
734.025 
734.08 
733.545 
733.65 
733.16 
733.32 
732.855 
732.95 
732.015 
732.125 
731.585 
731.705 
731.21 
731.365 
730.835 
730.985 
730.935 
731.08 
730.54 
730.67 
730.23 
730.295 
729.785 
729.92 
729.005 
729.14 
728.59 
728.71 
728.17 
728.31 
727.785 
727.915 
727.795 
727.91 
727.405 
727.52 
727.02 
727.135 
726.56 
726.71 
725.77 
725.935 
725.39 
725.5 
724.96 
725.065 
724.62 
724.68 
724.62 
724.73 
724.175 
724.305 
723.835 
724.045 
723.48 
723.685 
722.77 
722.865 
722.365 
722.56 
722.065 
722.23 
721.78 
721.825 
721.935 
722.03 
721.515 
721.785 
721.29 
721.49 
720.975 
721.175 
720.285 
720.485 
719.98 
720.155 
719.755 
719.935 
719.53 
719.695 
719.71 
719.895 
719.465 
719.69 
719.305 
719.57 
719.05 
719.38 
718.51 
718.805 
718.365 
718.615 
718.24 
718.37 
718.04 
718.3 
718.42 
718.64 
718.23 
718.505 
718.195 
718.47 
718.09 
718.41 
717.67 
717.995 
717.655 
717.92 
717.58 
717.825 
717.43 
717.725 
717.84 
718.135 
717.76 
718.105 
717.68 
717.915 
717.54 
717.88 
717.05 
717.275 
716.9 
717.155 
716.745 
717.06 
716.655 
716.845 
716.87 
717.04 
716.635 
716.885 
716.5 
716.715 
716.17 
716.415 
715.505 
715.735 
715.27 
715.41 
714.975 
715.145 
714.695 
714.84 
714.765 
714.955 
714.44 
714.565 
714.08 
714.305 
713.75 
713.935 
712.915 
713.095 
712.57 
712.74 
712.16 
712.29 
711.615 
711.76 
711.68 
711.875 
711.23 
711.33 
710.79 
710.805 
710.205 
710.345 
709.36 
709.475 
708.86 
708.91 
708.335 
708.46 
707.845 
707.94 
707.78 
707.83 
707.25 
707.37 
706.795 
706.86 
706.27 
706.315 
705.305 
705.385 
704.845 
704.97 
704.395 
704.505 
703.925 
704.035 
703.945 
703.98 
703.38 
703.55 
703.01 
703.11 
702.555 
702.745 
701.795 
701.9 
701.375 
701.525 
701.035 
701.12 
700.63 
700.76 
700.72 
700.855 
700.3 
700.525 
700.005 
700.185 
699.64 
699.82 
698.905 
699.105 
698.49 
698.595 
698.17 
698.39 
697.86 
698.035 
697.99 
698.165 
697.63 
697.835 
697.29 
697.5 
696.975 
697.17 
696.365 
696.59 
696.11 
696.27 
695.85 
695.94 
695.49 
695.705 
695.655 
695.855 
695.435 
695.61 
695.19 
695.46 
694.865 
695.19 
694.355 
694.485 
694.12 
694.38 
693.87 
694.1 
693.635 
693.895 
693.825 
694.105 
693.635 
693.86 
693.51 
693.735 
693.215 
693.47 
692.72 
692.91 
692.41 
692.68 
692.295 
692.575 
692.03 
692.315 
692.345 
692.58 
692.135 
692.435 
692.04 
692.3 
691.83 
692.135 
691.33 
691.625 
691.16 
691.465 
691.085 
691.305 
690.835 
691.235 
691.34 
691.58 
691.105 
691.505 
691.12 
691.45 
691.02 
691.4 
690.715 
690.85 
690.6 
690.97 
690.595 
690.84 
690.495 
690.835 
690.86 
691.25 
690.855 
691.105 
690.815 
691.05 
690.705 
691.09 
690.375 
690.66 
690.27 
690.48 
690.23 
690.57 
690.16 
690.465 
690.57 
690.88 
690.46 
690.895 
690.43 
690.755 
690.355 
690.785 
689.97 
690.31 
689.935 
690.315 
689.94 
690.225 
689.915 
690.225 
690.34 
690.68 
690.255 
690.595 
690.3 
690.625 
690.215 
690.605 
689.86 
690.16 
689.795 
690.225 
689.82 
690.19 
689.8 
690.075 
690.21 
690.56 
690.15 
690.42 
690.09 
690.37 
690.05 
690.405 
689.775 
690.06 
689.715 
689.96 
689.585 
689.87 
689.49 
689.785 
689.845 
690.2 
689.69 
690.035 
689.64 
689.945 
689.5 
689.805 
689.065 
689.42 
688.925 
689.275 
688.815 
689.155 
688.705 
688.995 
689.055 
689.365 
688.85 
689.135 
688.85 
689.1 
688.69 
688.955 
688.15 
688.415 
687.985 
688.225 
687.885 
688.075 
687.61 
687.85 
687.895 
688.125 
687.69 
687.93 
687.505 
687.715 
687.225 
687.445 
686.675 
686.82 
686.375 
686.525 
686.095 
686.355 
685.875 
686.09 
685.995 
686.145 
685.695 
685.97 
685.505 
685.705 
685.215 
685.37 
684.61 
684.89 
684.385 
684.59 
684.095 
684.31 
683.77 
684.07 
684.07 
684.305 
683.79 
684.045 
683.6 
683.96 
683.475 
683.7 
682.905 
683.145 
682.695 
683.06 
682.64 
682.96 
682.47 
682.755 
682.865 
683.165 
682.7 
683.065 
682.715 
682.895 
682.56 
682.88 
682.165 
682.485 
682.095 
682.38 
682.05 
682.355 
682.01 
682.27 
682.39 
682.68 
682.365 
682.73 
682.38 
682.72 
682.4 
682.72 
681.955 
682.335 
681.915 
682.27 
681.975 
682.28 
681.89 
682.25 
682.375 
682.705 
682.435 
682.72 
682.42 
682.79 
682.47 
682.73 
682.11 
682.435 
681.975 
682.345 
682.03 
682.36 
681.92 
682.28 
682.355 
682.7 
682.3 
682.595 
682.175 
682.52 
682.13 
682.435 
681.7 
681.97 
681.47 
681.86 
681.42 
681.735 
681.365 
681.59 
681.68 
681.92 
681.515 
681.82 
681.515 
681.715 
681.32 
681.615 
680.875 
681.125 
680.73 
681.04 
680.645 
680.995 
680.58 
680.87 
681.01 
681.3 
680.865 
681.245 
680.85 
681.185 
680.815 
681.24 
680.435 
680.765 
680.45 
680.72 
680.48 
680.83 
680.45 
680.815 
680.945 
681.345 
680.98 
681.37 
681.08 
681.385 
681.155 
681.52 
680.815 
681.155 
680.76 
681.23 
680.915 
681.36 
681.03 
681.385 
681.49 
681.895 
681.59 
682.03 
681.76 
682.09 
681.855 
682.18 
681.56 
681.91 
681.655 
681.97 
681.765 
682.07 
681.815 
682.2 
682.315 
682.72 
682.345 
682.675 
682.505 
682.875 
682.54 
682.89 
682.195 
682.55 
682.15 
682.45 
682.215 
682.555 
682.135 
682.42 
682.55 
682.91 
682.45 
682.81 
682.385 
682.66 
682.275 
682.61 
681.71 
681.98 
681.54 
681.8 
681.415 
681.665 
681.225 
681.415 
681.445 
681.665 
681.125 
681.405 
681.04 
681.265 
680.78 
680.975 
680.24 
680.475 
680.05 
680.26 
679.795 
680.02 
679.48 
679.76 
679.76 
680.0 
679.515 
679.695 
679.23 
679.56 
679.03 
679.42 
678.53 
678.775 
678.27 
678.57 
678.17 
678.405 
677.91 
678.205 
678.28 
678.55 
678.055 
678.38 
677.92 
678.26 
677.815 
678.095 
677.415 
677.615 
677.225 
677.48 
677.075 
677.38 
677.05 
677.37 
677.38 
677.65 
677.285 
677.655 
677.305 
677.58 
677.155 
677.495 
676.815 
677.195 
676.78 
677.155 
676.84 
677.11 
676.85 
677.215 
677.335 
677.715 
677.405 
677.69 
677.465 
677.855 
677.54 
677.975 
677.315 
677.685 
677.385 
677.785 
677.5 
677.88 
677.53 
677.935 
678.18 
678.585 
678.19 
678.645 
678.36 
678.79 
678.475 
678.93 
678.37 
678.72 
678.385 
678.76 
678.525 
678.955 
678.62 
679.065 
679.25 
679.715 
679.43 
679.82 
679.595 
679.995 
679.745 
680.095 
679.57 
679.985 
679.73 
680.165 
679.965 
680.315 
680.115 
680.555 
680.765 
681.26 
680.94 
681.39 
681.22 
681.71 
681.38 
681.935 
681.19 
681.65 
681.42 
681.835 
681.64 
682.035 
681.825 
682.245 
682.43 
682.975 
682.655 
683.1 
682.915 
683.265 
683.035 
683.435 
682.87 
683.265 
682.97 
683.45 
683.175 
683.56 
683.26 
683.655 
683.76 
684.22 
683.8 
684.23 
683.925 
684.35 
683.93 
684.37 
683.68 
684.06 
683.655 
684.03 
683.685 
683.98 
683.65 
683.975 
684.12 
684.445 
684.03 
684.41 
683.985 
684.33 
683.86 
684.31 
683.49 
683.71 
683.375 
683.67 
683.295 
683.455 
683.07 
683.255 
683.26 
683.475 
683.05 
683.345 
682.835 
683.07 
682.585 
682.835 
681.975 
682.125 
681.55 
681.81 
681.3 
681.51 
680.985 
681.175 
681.12 
681.21 
680.75 
680.995 
680.45 
680.57 
680.105 
680.29 
679.33 
679.565 
679.05 
679.17 
678.675 
678.82 
678.295 
678.545 
678.49 
678.695 
678.11 
678.35 
677.895 
678.08 
677.53 
677.83 
676.935 
677.09 
676.645 
676.875 
676.375 
676.6 
676.075 
676.285 
676.3 
676.525 
676.09 
676.27 
675.925 
676.09 
675.645 
675.855 
675.095 
675.235 
674.8 
675.015 
674.59 
674.89 
674.435 
674.645 
674.62 
674.83 
674.45 
674.65 
674.33 
674.545 
674.06 
674.39 
673.52 
673.78 
673.34 
673.605 
673.235 
673.415 
673.04 
673.36 
673.345 
673.64 
673.24 
673.49 
673.16 
673.385 
673.015 
673.3 
672.605 
672.82 
672.38 
672.725 
672.255 
672.59 
672.14 
672.4 
672.465 
672.82 
672.33 
672.665 
672.255 
672.565 
672.085 
672.38 
671.615 
671.865 
671.425 
671.695 
671.325 
671.63 
671.19 
671.525 
671.57 
671.865 
671.445 
671.79 
671.44 
671.735 
671.295 
671.6 
670.905 
671.245 
670.845 
671.19 
670.865 
671.14 
670.82 
671.175 
671.315 
671.655 
671.285 
671.61 
671.325 
671.685 
671.415 
671.875 
671.12 
671.425 
671.105 
671.5 
671.32 
671.665 
671.355 
671.755 
671.915 
672.28 
672.015 
672.425 
672.205 
672.51 
672.355 
672.63 
672.075 
672.45 
672.105 
672.52 
672.26 
672.635 
672.305 
672.735 
672.85 
673.29 
672.86 
673.34 
673.04 
673.395 
673.105 
673.465 
672.765 
673.245 
672.83 
673.165 
672.915 
673.28 
672.95 
673.335 
673.425 
673.755 
673.405 
673.75 
673.38 
673.745 
673.415 
673.72 
672.955 
673.28 
672.845 
673.155 
672.785 
673.14 
672.675 
672.92 
672.91 
673.21 
672.74 
673.025 
672.62 
672.77 
672.375 
672.64 
671.75 
671.94 
671.46 
671.71 
671.245 
671.505 
670.97 
671.165 
671.115 
671.275 
670.755 
670.975 
670.525 
670.655 
670.22 
670.425 
669.59 
669.835 
669.235 
669.48 
669.04 
669.21 
668.65 
668.925 
668.89 
669.15 
668.66 
668.93 
668.475 
668.74 
668.3 
668.52 
667.685 
667.985 
667.515 
667.79 
667.365 
667.655 
667.235 
667.475 
667.545 
667.86 
667.435 
667.765 
667.365 
667.715 
667.36 
667.715 
666.99 
667.31 
666.895 
667.235 
666.945 
667.32 
667.04 
667.33 
667.485 
667.815 
667.52 
667.885 
667.63 
668.005 
667.73 
668.11 
667.45 
667.905 
667.61 
668.04 
667.745 
668.17 
667.92 
668.37 
668.6 
668.985 
668.705 
669.14 
668.915 
669.395 
669.125 
669.61 
668.945 
669.375 
669.04 
669.545 
669.24 
669.705 
669.405 
669.86 
670.055 
670.525 
670.19 
670.555 
670.265 
670.69 
670.415 
670.82 
670.075 
670.445 
670.11 
670.43 
670.19 
670.565 
670.235 
670.555 
670.625 
670.96 
670.685 
671.025 
670.705 
670.98 
670.58 
670.935 
670.2 
670.555 
670.095 
670.425 
670.01 
670.32 
670.025 
670.32 
670.425 
670.71 
670.35 
670.605 
670.285 
670.605 
670.21 
670.52 
669.75 
669.985 
669.665 
669.94 
669.62 
669.895 
669.56 
669.83 
669.94 
670.18 
669.87 
670.125 
669.795 
670.1 
669.745 
670.075 
669.38 
669.6 
669.345 
669.55 
669.25 
669.525 
669.21 
669.545 
669.595 
670.005 
669.545 
669.94 
669.615 
669.905 
669.465 
669.82 
669.185 
669.51 
669.125 
669.52 
669.15 
669.495 
669.1 
669.515 
669.59 
669.975 
669.58 
669.985 
669.6 
670.04 
669.61 
670.005 
669.265 
669.6 
669.31 
669.66 
669.27 
669.635 
669.285 
669.515 
669.64 
669.995 
669.595 
669.945 
669.57 
669.855 
669.445 
669.765 
669.045 
669.25 
668.835 
669.12 
668.72 
668.94 
668.58 
668.81 
668.795 
669.075 
668.57 
668.97 
668.46 
668.68 
668.21 
668.45 
667.665 
667.95 
667.38 
667.615 
667.13 
667.3 
666.77 
667.11 
667.06 
667.265 
666.66 
666.9 
666.37 
666.63 
666.085 
666.265 
665.405 
665.515 
664.94 
665.185 
664.64 
664.825 
664.245 
664.39 
664.36 
664.56 
663.94 
664.09 
663.55 
663.725 
663.14 
663.33 
662.51 
662.585 
661.99 
662.175 
661.645 
661.805 
661.275 
661.485 
661.385 
661.565 
660.955 
661.195 
660.755 
660.93 
660.41 
660.63 
659.77 
659.985 
659.465 
659.685 
659.2 
659.395 
659.04 
659.255 
659.26 
659.55 
659.075 
659.42 
658.975 
659.265 
658.99 
659.18 
658.54 
658.8 
658.45 
658.79 
658.42 
658.78 
658.295 
658.65 
658.805 
659.21 
658.78 
659.145 
658.82 
659.19 
658.84 
659.235 
658.595 
658.995 
658.64 
659.0 
658.68 
659.105 
658.81 
659.21 
659.365 
659.755 
659.475 
659.905 
659.635 
660.08 
659.74 
660.11 
659.545 
659.96 
659.71 
660.14 
659.865 
660.3 
659.98 
660.5 
660.63 
661.085 
660.805 
661.22 
661.03 
661.525 
661.23 
661.73 
661.0 
661.435 
661.3 
661.68 
661.39 
661.83 
661.56 
662.005 
662.265 
662.645 
662.425 
662.82 
662.655 
663.015 
662.81 
663.295 
662.7 
663.05 
662.805 
663.21 
663.035 
663.48 
663.2 
663.64 
663.78 
664.285 
664.05 
664.5 
664.26 
664.685 
664.395 
664.95 
664.34 
664.835 
664.54 
665.1 
664.885 
665.33 
665.115 
665.66 
665.875 
666.34 
666.12 
666.63 
666.455 
666.96 
666.79 
667.34 
666.775 
667.225 
667.095 
667.595 
667.4 
667.94 
667.795 
668.215 
668.505 
669.005 
668.805 
669.42 
669.215 
669.67 
669.465 
670.045 
669.465 
669.89 
669.71 
670.135 
670.01 
670.5 
670.285 
670.76 
670.985 
671.41 
671.195 
671.705 
671.545 
671.955 
671.715 
672.2 
671.625 
672.155 
671.78 
672.28 
671.995 
672.445 
672.13 
672.59 
672.78 
673.19 
672.82 
673.31 
672.985 
673.455 
673.12 
673.48 
672.785 
673.19 
672.855 
673.22 
672.885 
673.195 
672.855 
673.21 
673.345 
673.65 
673.265 
673.59 
673.23 
673.52 
673.155 
673.435 
672.755 
673.015 
672.6 
672.845 
672.48 
672.775 
672.35 
672.585 
672.69 
672.93 
672.51 
672.845 
672.45 
672.755 
672.26 
672.575 
671.815 
672.06 
671.695 
671.97 
671.58 
671.835 
671.415 
671.795 
671.895 
672.15 
671.74 
672.065 
671.71 
672.03 
671.6 
672.035 
671.175 
671.5 
671.165 
671.47 
671.11 
671.445 
671.015 
671.3 
671.405 
671.77 
671.38 
671.685 
671.385 
671.72 
671.295 
671.635 
670.855 
671.22 
670.79 
671.09 
670.8 
671.14 
670.73 
671.065 
671.115 
671.39 
671.065 
671.455 
671.13 
671.435 
671.045 
671.39 
670.665 
670.995 
670.615 
670.945 
670.6 
670.925 
670.58 
670.925 
670.985 
671.345 
670.98 
671.34 
671.035 
671.38 
670.98 
671.255 
670.555 
670.88 
670.525 
670.85 
670.615 
670.915 
670.605 
670.915 
671.05 
671.43 
671.04 
671.395 
671.06 
671.345 
671.045 
671.425 
670.815 
671.16 
670.755 
671.135 
670.785 
671.175 
670.81 
671.165 
671.305 
671.69 
671.35 
671.765 
671.54 
671.78 
671.545 
671.895 
671.215 
671.65 
671.23 
671.7 
671.415 
671.87 
671.575 
672.02 
672.225 
672.56 
672.285 
672.705 
672.5 
672.94 
672.67 
673.085 
672.475 
672.84 
672.55 
673.045 
672.73 
673.175 
672.895 
673.29 
673.52 
673.975 
673.63 
674.055 
673.825 
674.155 
673.89 
674.345 
673.63 
673.985 
673.635 
673.955 
673.75 
674.14 
673.81 
674.13 
674.285 
674.64 
674.25 
674.61 
674.31 
674.565 
674.22 
674.525 
673.765 
674.13 
673.675 
673.95 
673.61 
673.79 
673.44 
673.755 
673.81 
674.015 
673.59 
673.83 
673.455 
673.705 
673.25 
673.535 
672.61 
672.795 
672.34 
672.575 
672.12 
672.3 
671.875 
672.03 
671.975 
672.145 
671.67 
671.835 
671.425 
671.615 
671.165 
671.295 
670.38 
670.62 
670.1 
670.25 
669.795 
669.975 
669.475 
669.665 
669.66 
669.825 
669.38 
669.625 
669.215 
669.425 
668.91 
669.165 
668.36 
668.605 
668.22 
668.44 
668.055 
668.33 
667.935 
668.235 
668.295 
668.665 
668.28 
668.59 
668.245 
668.65 
668.275 
668.6 
668.01 
668.3 
668.0 
668.395 
668.065 
668.395 
668.085 
668.425 
668.655 
669.1 
668.66 
669.05 
668.785 
669.21 
668.82 
669.25 
668.68 
