Run 12 on 20200810 on sample T20-5d, LT thermometer,  dT/T0 = 0.02
Time per point = 3.125e-05 seconds
-1649.18 
-1649.325 
-1648.67 
-1648.605 
-1647.98 
-1647.975 
-1647.305 
-1647.72 
-1647.13 
-1647.165 
-1646.57 
-1646.565 
-1645.975 
-1646.095 
-1645.555 
-1645.155 
-1644.705 
-1644.755 
-1644.16 
-1644.37 
-1643.89 
-1644.085 
-1643.6 
-1644.285 
-1643.825 
-1644.05 
-1643.64 
-1643.965 
-1643.615 
-1643.86 
-1643.55 
-1643.46 
-1643.155 
-1643.56 
-1643.31 
-1643.75 
-1643.475 
-1643.855 
-1643.665 
-1644.525 
-1644.38 
-1644.95 
-1644.74 
-1645.265 
-1645.17 
-1645.755 
-1645.61 
-1645.81 
-1645.725 
-1646.27 
-1646.265 
-1646.85 
-1646.725 
-1647.37 
-1647.265 
-1648.255 
-1648.215 
-1648.84 
-1648.765 
-1649.33 
-1649.175 
-1649.795 
-1649.575 
-1649.69 
-1649.565 
-1650.03 
-1649.82 
-1650.33 
-1650.07 
-1650.485 
-1650.125 
-1650.855 
-1650.55 
-1650.875 
-1650.5 
-1650.745 
-1650.395 
-1650.605 
-1650.055 
-1649.78 
-1649.305 
-1649.435 
-1648.89 
-1648.935 
-1648.415 
-1648.41 
-1647.705 
-1648.16 
-1647.535 
-1647.49 
-1646.805 
-1646.73 
-1646.06 
-1646.045 
-1645.305 
-1644.805 
-1644.05 
-1644.025 
-1643.28 
-1643.205 
-1642.475 
-1642.43 
-1641.585 
-1641.935 
-1641.17 
-1641.17 
-1640.415 
-1640.345 
-1639.675 
-1639.615 
-1638.865 
-1638.395 
-1637.69 
-1637.65 
-1637.015 
-1636.93 
-1636.295 
-1636.31 
-1635.6 
-1636.06 
-1635.445 
-1635.485 
-1634.88 
-1634.9 
-1634.295 
-1634.44 
-1633.815 
-1633.43 
-1632.815 
-1633.03 
-1632.425 
-1632.53 
-1631.975 
-1632.215 
-1631.7 
-1632.18 
-1631.77 
-1631.96 
-1631.46 
-1631.59 
-1631.18 
-1631.39 
-1630.955 
-1630.715 
-1630.325 
-1630.565 
-1630.07 
-1630.27 
-1629.85 
-1630.065 
-1629.585 
-1630.195 
-1629.785 
-1629.985 
-1629.6 
-1629.71 
-1629.21 
-1629.425 
-1628.865 
-1628.625 
-1628.095 
-1628.185 
-1627.625 
-1627.685 
-1627.04 
-1627.115 
-1626.51 
-1626.825 
-1626.125 
-1626.085 
-1625.43 
-1625.355 
-1624.615 
-1624.545 
-1623.78 
-1623.175 
-1622.375 
-1622.25 
-1621.365 
-1621.23 
-1620.37 
-1620.195 
-1619.265 
-1619.435 
-1618.56 
-1618.33 
-1617.485 
-1617.145 
-1616.295 
-1616.125 
-1615.215 
-1614.51 
-1613.565 
-1613.415 
-1612.51 
-1612.235 
-1611.38 
-1611.12 
-1610.245 
-1610.4 
-1609.5 
-1609.425 
-1608.54 
-1608.325 
-1607.44 
-1607.37 
-1606.505 
-1605.995 
-1605.12 
-1605.035 
-1604.2 
-1604.035 
-1603.235 
-1603.28 
-1602.46 
-1602.8 
-1602.06 
-1601.945 
-1601.185 
-1601.215 
-1600.495 
-1600.42 
-1599.74 
-1599.215 
-1598.615 
-1598.58 
-1597.89 
-1597.86 
-1597.215 
-1597.27 
-1596.59 
-1597.065 
-1596.46 
-1596.55 
-1595.965 
-1595.97 
-1595.39 
-1595.49 
-1594.855 
-1594.54 
-1593.965 
-1594.105 
-1593.49 
-1593.61 
-1593.015 
-1593.12 
-1592.5 
-1593.07 
-1592.43 
-1592.525 
-1591.995 
-1591.995 
-1591.34 
-1591.41 
-1590.765 
-1590.27 
-1589.6 
-1589.56 
-1588.785 
-1588.76 
-1587.95 
-1587.815 
-1587.03 
-1587.31 
-1586.5 
-1586.22 
-1585.36 
-1585.095 
-1584.14 
-1583.885 
-1582.89 
-1582.095 
-1581.04 
-1580.7 
-1579.565 
-1579.125 
-1578.04 
-1577.55 
-1576.445 
-1576.355 
-1575.2 
-1574.665 
-1573.445 
-1572.825 
-1571.7 
-1571.12 
-1569.91 
-1568.84 
-1567.575 
-1566.965 
-1565.695 
-1565.025 
-1563.855 
-1563.26 
-1561.975 
-1561.685 
-1560.395 
-1559.8 
-1558.59 
-1557.95 
-1556.69 
-1556.09 
-1554.83 
-1553.795 
-1552.53 
-1551.995 
-1550.855 
-1550.165 
-1548.99 
-1548.475 
-1547.27 
-1547.14 
-1545.96 
-1545.52 
-1544.395 
-1543.895 
-1542.825 
-1542.35 
-1541.315 
-1540.405 
-1539.385 
-1539.115 
-1538.0 
-1537.65 
-1536.66 
-1536.355 
-1535.405 
-1535.575 
-1534.66 
-1534.425 
-1533.62 
-1533.47 
-1532.52 
-1532.465 
-1531.725 
-1531.07 
-1530.36 
-1530.35 
-1529.595 
-1529.55 
-1528.835 
-1528.86 
-1528.145 
-1528.55 
-1527.925 
-1527.98 
-1527.295 
-1527.34 
-1526.675 
-1526.8 
-1526.13 
-1525.635 
-1525.015 
-1525.08 
-1524.375 
-1524.37 
-1523.785 
-1523.775 
-1523.13 
-1523.47 
-1522.765 
-1522.765 
-1521.975 
-1521.955 
-1521.245 
-1521.145 
-1520.35 
-1519.805 
-1519.025 
-1518.895 
-1518.07 
-1517.82 
-1517.01 
-1516.89 
-1515.92 
-1516.14 
-1515.3 
-1515.08 
-1514.08 
-1513.815 
-1512.88 
-1512.65 
-1511.645 
-1510.945 
-1509.945 
-1509.57 
-1508.535 
-1508.18 
-1507.175 
-1506.69 
-1505.615 
-1505.59 
-1504.535 
-1504.02 
-1502.855 
-1502.375 
-1501.235 
-1500.64 
-1499.42 
-1498.365 
-1497.025 
-1496.485 
-1495.07 
-1494.31 
-1492.945 
-1492.23 
-1490.77 
-1490.185 
-1488.735 
-1487.845 
-1486.25 
-1485.245 
-1483.63 
-1482.6 
-1480.78 
-1479.225 
-1477.41 
-1476.185 
-1474.265 
-1472.98 
-1470.985 
-1469.635 
-1467.53 
-1466.425 
-1464.165 
-1462.72 
-1460.4 
-1458.77 
-1456.345 
-1454.645 
-1452.18 
-1449.98 
-1447.335 
-1445.45 
-1442.75 
-1440.725 
-1437.88 
-1435.74 
-1432.82 
-1430.87 
-1427.85 
-1425.475 
-1422.33 
-1419.71 
-1416.48 
-1413.815 
-1410.345 
-1407.155 
-1403.53 
-1400.57 
-1396.85 
-1393.735 
-1389.8 
-1386.515 
-1382.47 
-1379.42 
-1375.235 
-1371.685 
-1367.35 
-1363.58 
-1359.135 
-1355.21 
-1350.58 
-1346.14 
-1341.335 
-1337.105 
-1332.22 
-1327.85 
-1322.795 
-1318.29 
-1313.08 
-1308.91 
-1303.56 
-1298.845 
-1293.365 
-1288.47 
-1282.915 
-1277.935 
-1272.245 
-1266.73 
-1260.825 
-1255.7 
-1249.69 
-1244.37 
-1238.365 
-1232.865 
-1226.775 
-1221.62 
-1215.37 
-1209.75 
-1203.435 
-1197.575 
-1191.13 
-1185.385 
-1178.83 
-1172.46 
-1165.805 
-1159.815 
-1153.025 
-1146.885 
-1140.045 
-1133.9 
-1126.875 
-1121.025 
-1114.01 
-1107.65 
-1100.58 
-1094.13 
-1086.94 
-1080.395 
-1073.14 
-1066.17 
-1058.83 
-1052.17 
-1044.855 
-1038.03 
-1030.615 
-1023.895 
-1016.375 
-1009.96 
-1002.435 
-995.62 
-988.1 
-981.11 
-973.595 
-966.67 
-959.095 
-951.765 
-944.1 
-937.13 
-929.445 
-922.4 
-914.805 
-907.86 
-900.135 
-893.555 
-885.915 
-878.89 
-871.24 
-864.15 
-856.505 
-849.49 
-841.81 
-834.32 
-826.59 
-819.57 
-811.89 
-804.795 
-797.135 
-790.2 
-782.46 
-775.745 
-768.12 
-761.16 
-753.43 
-746.465 
-738.855 
-731.96 
-724.28 
-716.94 
-709.285 
-702.505 
-694.955 
-688.06 
-680.555 
-673.81 
-666.31 
-659.98 
-652.55 
-645.87 
-638.595 
-631.92 
-624.68 
-618.195 
-610.995 
-604.085 
-596.945 
-590.565 
-583.48 
-577.215 
-570.26 
-564.07 
-557.15 
-551.305 
-544.605 
-538.575 
-531.78 
-525.76 
-519.165 
-513.27 
-506.725 
-500.45 
-493.945 
-488.15 
-481.745 
-476.03 
-469.655 
-464.065 
-457.765 
-452.57 
-446.4 
-440.81 
-434.745 
-429.205 
-423.09 
-417.685 
-411.605 
-405.845 
-399.84 
-394.575 
-388.615 
-383.335 
-377.435 
-372.315 
-366.47 
-361.665 
-355.955 
-350.84 
-345.04 
-340.015 
-334.335 
-329.415 
-323.76 
-318.34 
-312.785 
-307.91 
-302.295 
-297.43 
-291.96 
-287.09 
-281.585 
-277.155 
-271.69 
-266.99 
-261.575 
-256.73 
-251.395 
-246.645 
-241.225 
-236.07 
-230.66 
-225.98 
-220.59 
-215.79 
-210.445 
-205.75 
-200.37 
-195.97 
-190.675 
-185.945 
-180.555 
-175.845 
-170.45 
-165.77 
-160.355 
-155.21 
-149.85 
-145.165 
-139.735 
-135.07 
-129.7 
-124.995 
-119.685 
-115.35 
-110.035 
-105.38 
-100.085 
-95.47 
-90.17 
-85.61 
-80.38 
-75.34 
-70.195 
-65.635 
-60.495 
-55.935 
-50.865 
-46.39 
-41.245 
-37.255 
-32.235 
-27.87 
-22.81 
-18.51 
-13.53 
-9.225 
-4.34 
0.38 
5.235 
9.425 
14.355 
18.545 
23.43 
27.585 
32.405 
36.25 
40.97 
45.04 
49.815 
54.025 
58.6 
62.775 
67.54 
72.035 
76.63 
80.745 
85.425 
89.465 
94.06 
98.055 
102.67 
106.26 
110.83 
114.76 
119.31 
123.32 
127.855 
131.755 
136.285 
140.565 
145.105 
148.995 
153.42 
157.305 
161.75 
165.575 
170.09 
173.415 
177.855 
181.585 
186.09 
189.845 
194.215 
198.015 
202.435 
206.58 
211.05 
214.82 
219.245 
222.98 
227.4 
231.12 
235.505 
238.825 
243.275 
246.97 
251.37 
255.19 
259.555 
263.245 
267.705 
271.895 
276.24 
279.965 
284.305 
288.09 
292.415 
296.03 
300.47 
303.69 
308.0 
311.625 
315.865 
319.545 
323.825 
327.45 
331.565 
335.605 
339.785 
343.32 
347.525 
350.965 
355.055 
358.495 
362.54 
365.575 
369.54 
372.94 
376.94 
380.335 
384.25 
387.56 
391.45 
395.21 
399.11 
402.385 
406.32 
409.535 
413.35 
416.55 
420.37 
423.095 
426.97 
430.095 
433.885 
437.02 
440.78 
443.875 
447.63 
451.12 
454.78 
457.74 
461.5 
464.53 
468.125 
471.07 
474.71 
477.33 
480.865 
483.7 
487.235 
490.115 
493.585 
496.355 
499.76 
503.005 
506.265 
508.985 
512.37 
515.015 
518.345 
520.905 
524.265 
526.375 
529.555 
532.085 
535.245 
537.825 
540.895 
543.355 
546.505 
549.41 
552.455 
554.92 
558.02 
560.415 
563.48 
565.865 
568.945 
571.015 
574.045 
576.41 
579.49 
581.85 
584.94 
587.325 
590.345 
593.225 
596.235 
598.61 
601.71 
604.13 
607.135 
609.525 
612.56 
614.6 
617.665 
619.975 
623.075 
625.45 
628.52 
630.87 
633.92 
636.685 
639.715 
642.12 
645.135 
647.575 
650.535 
652.895 
655.9 
657.875 
660.78 
663.275 
666.145 
668.59 
671.595 
673.89 
676.945 
679.73 
682.64 
685.045 
688.12 
690.545 
693.45 
695.905 
698.895 
700.825 
703.785 
706.18 
709.24 
711.65 
714.685 
717.03 
720.01 
722.9 
725.93 
728.305 
731.35 
733.8 
736.705 
739.11 
742.16 
744.01 
746.92 
749.24 
752.235 
754.615 
757.49 
759.75 
762.645 
765.315 
768.185 
770.395 
773.225 
775.43 
778.23 
780.375 
783.205 
784.86 
787.6 
789.705 
792.44 
794.605 
797.235 
799.28 
802.025 
804.515 
807.06 
809.115 
811.885 
813.87 
816.515 
818.5 
821.115 
822.84 
825.475 
827.425 
830.02 
832.05 
834.675 
836.715 
839.285 
841.745 
844.345 
846.25 
848.895 
850.915 
853.555 
855.44 
858.07 
859.665 
862.205 
864.12 
866.745 
868.735 
871.26 
873.145 
875.69 
878.0 
880.515 
882.315 
884.855 
886.725 
889.18 
891.025 
893.49 
894.915 
897.395 
899.09 
901.63 
903.39 
905.73 
907.51 
909.95 
912.145 
914.495 
916.195 
918.595 
920.34 
922.71 
924.385 
926.765 
928.06 
930.38 
932.05 
934.485 
936.115 
938.45 
940.135 
942.47 
944.56 
946.83 
948.425 
950.715 
952.385 
954.63 
956.2 
958.445 
959.675 
961.84 
963.355 
965.59 
967.105 
969.245 
970.655 
972.875 
974.675 
976.8 
978.245 
980.335 
981.645 
983.63 
985.075 
987.115 
987.965 
989.89 
991.22 
993.13 
994.47 
996.42 
997.72 
999.635 
1001.3 
1003.2 
1004.435 
1006.39 
1007.685 
1009.54 
1010.885 
1012.755 
1013.575 
1015.475 
1016.74 
1018.645 
1019.965 
1021.895 
1023.16 
1025.085 
1026.805 
1028.7 
1029.995 
1031.935 
1033.23 
1035.11 
1036.415 
1038.365 
1039.245 
1041.15 
1042.465 
1044.41 
1045.59 
1047.545 
1048.79 
1050.64 
1052.305 
1054.2 
1055.375 
1057.29 
1058.48 
1060.355 
1061.515 
1063.335 
1064.2 
1066.065 
1067.16 
1069.035 
1070.17 
1071.945 
1073.09 
1074.88 
1076.455 
1078.245 
1079.35 
1081.17 
1082.325 
1084.165 
1085.27 
1087.065 
1087.81 
1089.56 
1090.745 
1092.505 
1093.69 
1095.5 
1096.58 
1098.395 
1100.03 
1101.835 
1102.91 
1104.78 
1105.945 
1107.75 
1108.88 
1110.695 
1111.47 
1113.25 
1114.345 
1116.17 
1117.255 
1119.015 
1120.155 
1121.895 
1123.42 
1125.17 
1126.295 
1128.02 
1129.115 
1130.87 
1131.895 
1133.59 
1134.305 
1136.015 
1137.035 
1138.775 
1139.84 
1141.515 
1142.62 
1144.34 
1145.9 
1147.595 
1148.635 
1150.43 
1151.52 
1153.28 
1154.41 
1156.16 
1156.89 
1158.71 
1159.8 
1161.63 
1162.805 
1164.585 
1165.74 
1167.615 
1169.15 
1171.025 
1172.265 
1174.015 
1175.285 
1177.17 
1178.34 
1180.18 
1180.95 
1182.735 
1183.945 
1185.81 
1186.985 
1188.825 
1189.89 
1191.705 
1193.3 
1195.085 
1196.145 
1197.995 
1199.09 
1200.755 
1201.835 
1203.59 
1204.165 
1205.875 
1206.885 
1208.455 
1209.455 
1211.15 
1212.05 
1213.595 
1214.985 
1216.59 
1217.37 
1219.0 
1219.94 
1221.435 
1222.27 
1223.75 
1224.235 
1225.625 
1226.41 
1227.835 
1228.62 
1229.98 
1230.735 
1232.155 
1233.305 
1234.66 
1235.315 
1236.68 
1237.345 
1238.65 
1239.25 
1240.47 
1240.725 
1241.89 
1242.44 
1243.595 
1244.145 
1245.24 
1245.75 
1246.865 
1247.75 
1248.84 
1249.155 
1250.28 
1250.675 
1251.68 
1252.03 
1253.065 
1253.09 
1254.01 
1254.38 
1255.325 
1255.68 
1256.63 
1256.995 
1257.98 
1258.715 
1259.7 
1260.065 
1261.165 
1261.59 
1262.54 
1263.005 
1264.025 
1264.04 
1265.135 
1265.55 
1266.65 
1267.16 
1268.37 
1268.84 
1270.07 
1271.02 
1272.295 
1272.8 
1274.085 
1274.7 
1275.98 
1276.57 
1277.905 
1278.19 
1279.465 
1280.1 
1281.415 
1282.125 
1283.47 
1284.075 
1285.46 
1286.585 
1287.975 
1288.58 
1289.95 
1290.645 
1291.95 
1292.635 
1293.945 
1294.205 
1295.52 
1296.15 
1297.49 
1298.2 
1299.465 
1300.15 
1301.39 
1302.45 
1303.705 
1304.355 
1305.62 
1306.245 
1307.58 
1308.115 
1309.465 
1309.645 
1310.825 
1311.4 
1312.685 
1313.265 
1314.48 
1315.05 
1316.255 
1317.24 
1318.44 
1318.89 
1320.13 
1320.65 
1321.82 
1322.265 
1323.375 
1323.46 
1324.535 
1324.975 
1326.04 
1326.47 
1327.46 
1327.885 
1328.91 
1329.665 
1330.655 
1330.975 
1332.03 
1332.295 
1333.2 
1333.46 
1334.43 
1334.33 
1335.215 
1335.445 
1336.365 
1336.635 
1337.57 
1337.78 
1338.72 
1339.38 
1340.3 
1340.555 
1341.46 
1341.835 
1342.78 
1343.025 
1344.01 
1344.025 
1344.94 
1345.25 
1346.22 
1346.65 
1347.665 
1348.065 
1349.05 
1349.88 
1350.95 
1351.345 
1352.405 
1352.925 
1353.985 
1354.455 
1355.52 
1355.585 
1356.685 
1357.12 
1358.15 
1358.715 
1359.73 
1360.185 
1361.255 
1362.09 
1363.185 
1363.66 
1364.77 
1365.155 
1366.18 
1366.565 
1367.59 
1367.565 
1368.59 
1368.915 
1369.925 
1370.305 
1371.24 
1371.595 
1372.515 
1373.24 
1374.235 
1374.495 
1375.455 
1375.725 
1376.62 
1376.89 
1377.76 
1377.575 
1378.405 
1378.645 
1379.54 
1379.76 
1380.63 
1380.785 
1381.53 
1382.105 
1382.895 
1382.975 
1383.745 
1383.87 
1384.56 
1384.665 
1385.285 
1384.865 
1385.53 
1385.505 
1386.09 
1386.045 
1386.585 
1386.515 
1387.0 
1387.29 
1387.785 
1387.6 
1388.125 
1387.9 
1388.27 
1388.06 
1388.44 
1387.695 
1388.08 
1387.83 
1388.165 
1387.865 
1388.205 
1387.87 
1388.265 
1388.35 
1388.655 
1388.345 
1388.725 
1388.415 
1388.78 
1388.47 
1388.79 
1388.07 
1388.505 
1388.165 
1388.565 
1388.325 
1388.76 
1388.52 
1388.9 
1389.1 
1389.565 
1389.28 
1389.785 
1389.61 
1390.025 
1389.815 
1390.395 
1389.715 
1390.23 
1389.98 
1390.485 
1390.33 
1390.76 
1390.525 
1390.99 
1391.3 
1391.735 
1391.555 
1392.01 
1391.715 
1392.19 
1391.92 
1392.405 
1391.885 
1392.235 
1392.0 
1392.38 
1392.175 
1392.575 
1392.3 
1392.67 
1392.88 
1393.215 
1392.95 
1393.375 
1393.105 
1393.455 
1393.22 
1393.605 
1392.905 
1393.24 
1392.95 
1393.36 
1393.07 
1393.425 
1393.155 
1393.525 
1393.65 
1393.985 
1393.715 
1394.09 
1393.74 
1394.095 
1393.685 
1394.1 
1393.39 
1393.61 
1393.305 
1393.69 
1393.325 
1393.61 
1393.29 
1393.48 
1393.595 
1393.88 
1393.475 
1393.81 
1393.415 
1393.675 
1393.285 
1393.59 
1392.76 
1393.07 
1392.73 
1392.975 
1392.67 
1392.985 
1392.62 
1393.01 
1393.1 
1393.53 
1393.165 
1393.64 
1393.44 
1393.905 
1393.675 
1394.185 
1393.69 
1394.2 
1394.095 
1394.685 
1394.6 
1395.295 
1395.25 
1395.95 
1396.39 
1397.085 
1397.22 
1397.985 
1398.125 
1398.895 
1399.01 
1399.92 
1399.725 
1400.56 
1400.68 
1401.62 
1401.85 
1402.71 
1402.955 
1403.81 
1404.56 
1405.44 
1405.675 
1406.68 
1406.92 
1407.87 
1408.115 
1409.12 
1409.0 
1409.85 
1410.17 
1411.075 
1411.38 
1412.285 
1412.52 
1413.57 
1414.235 
1415.18 
1415.32 
1416.37 
1416.6 
1417.56 
1417.765 
1418.69 
1418.605 
1419.455 
1419.66 
1420.625 
1420.85 
1421.78 
1421.955 
1422.835 
1423.51 
1424.495 
1424.565 
1425.485 
1425.66 
1426.51 
1426.6 
1427.47 
1427.33 
1428.095 
1428.22 
1428.97 
1429.165 
1429.905 
1429.975 
1430.75 
1431.205 
1431.865 
1431.945 
1432.67 
1432.71 
1433.495 
1433.425 
1434.095 
1433.765 
1434.43 
1434.4 
1435.16 
1435.13 
1435.875 
1435.785 
1436.565 
1437.035 
1437.7 
1437.795 
1438.495 
1438.65 
1439.34 
1439.41 
1440.185 
1439.915 
1440.65 
1440.835 
1441.6 
1441.76 
1442.575 
1442.68 
1443.575 
1444.16 
1444.975 
1445.15 
1445.995 
1446.185 
1447.03 
1447.085 
1447.99 
1447.78 
1448.56 
1448.63 
1449.405 
1449.57 
1450.34 
1450.355 
1451.12 
1451.635 
1452.36 
1452.285 
1453.01 
1452.975 
1453.58 
1453.52 
1454.125 
1453.715 
1454.265 
1454.135 
1454.605 
1454.49 
1454.98 
1454.785 
1455.24 
1455.4 
1455.905 
1455.635 
1456.025 
1455.775 
1456.22 
1455.79 
1456.215 
1455.52 
1455.825 
1455.54 
1455.89 
1455.53 
1455.905 
1455.55 
1455.82 
1455.865 
1456.215 
1455.75 
1456.07 
1455.695 
1456.005 
1455.525 
1455.845 
1455.105 
1455.295 
1454.86 
1455.1 
1454.725 
1454.935 
1454.48 
1454.705 
1454.75 
1454.89 
1454.46 
1454.745 
1454.24 
1454.45 
1454.05 
1454.335 
1453.45 
1453.745 
1453.26 
1453.58 
1453.105 
1453.44 
1453.055 
1453.41 
1453.455 
1453.81 
1453.45 
1453.795 
1453.57 
1453.93 
1453.655 
1454.175 
1453.64 
1454.07 
1453.835 
1454.395 
1454.195 
1454.74 
1454.625 
1455.15 
1455.45 
1456.03 
1455.905 
1456.625 
1456.475 
1457.15 
1457.045 
1457.685 
1457.245 
1457.83 
1457.81 
1458.405 
1458.335 
1458.91 
1458.83 
1459.455 
1459.84 
1460.4 
1460.275 
1460.815 
1460.75 
1461.23 
1461.12 
1461.615 
1461.1 
1461.565 
1461.39 
1461.875 
1461.73 
1462.12 
1461.86 
1462.32 
1462.515 
1462.99 
1462.72 
1463.095 
1462.92 
1463.285 
1463.02 
1463.395 
1462.74 
1463.095 
1462.75 
1463.205 
1462.83 
1463.17 
1462.885 
1463.22 
1463.335 
1463.705 
1463.365 
1463.655 
1463.345 
1463.61 
1463.295 
1463.62 
1462.79 
1463.145 
1462.695 
1462.945 
1462.58 
1462.83 
1462.375 
1462.65 
1462.63 
1462.88 
1462.385 
1462.67 
1462.23 
1462.475 
1462.07 
1462.255 
1461.41 
1461.635 
1461.155 
1461.47 
1461.04 
1461.305 
1460.865 
1461.115 
1461.17 
1461.435 
1461.12 
1461.375 
1461.03 
1461.375 
1461.045 
1461.425 
1460.67 
1461.055 
1460.755 
1461.2 
1460.92 
1461.365 
1461.105 
1461.555 
1461.79 
1462.205 
1461.985 
1462.45 
1462.24 
1462.715 
1462.495 
1463.0 
1462.37 
1462.8 
1462.59 
1463.03 
1462.85 
1463.31 
1462.955 
1463.38 
1463.605 
1464.01 
1463.765 
1464.19 
1463.905 
1464.195 
1463.92 
1464.315 
1463.62 
1463.99 
1463.61 
1463.94 
1463.575 
1463.95 
1463.535 
1463.875 
1463.995 
1464.275 
1463.9 
1464.185 
1463.865 
1464.145 
1463.815 
1464.135 
1463.38 
1463.65 
1463.32 
1463.7 
1463.41 
1463.705 
1463.415 
1463.715 
1463.85 
1464.225 
1463.9 
1464.3 
1464.04 
1464.305 
1464.125 
1464.555 
1463.77 
1464.215 
1463.955 
1464.315 
1464.085 
1464.515 
1464.305 
1464.7 
1464.925 
1465.305 
1465.075 
1465.535 
1465.365 
1465.81 
1465.605 
1466.16 
1465.55 
1466.035 
1465.87 
1466.405 
1466.335 
1466.905 
1466.735 
1467.435 
1467.83 
1468.435 
1468.435 
1469.115 
1469.125 
1469.835 
1469.885 
1470.7 
1470.395 
1471.09 
1471.305 
1472.18 
1472.335 
1473.17 
1473.385 
1474.27 
1474.885 
1475.755 
1476.06 
1477.005 
1477.29 
1478.21 
1478.435 
1479.395 
1479.275 
1480.195 
1480.425 
1481.38 
1481.685 
1482.56 
1482.76 
1483.66 
1484.325 
1485.215 
1485.35 
1486.28 
1486.575 
1487.34 
1487.49 
1488.32 
1488.15 
1488.845 
1488.99 
1489.79 
1489.885 
1490.645 
1490.69 
1491.455 
1492.025 
1492.71 
1492.745 
1493.455 
1493.575 
1494.285 
1494.255 
1494.99 
1494.64 
1495.325 
1495.3 
1496.035 
1496.02 
1496.685 
1496.695 
1497.345 
1497.75 
1498.385 
1498.34 
1499.025 
1499.025 
1499.62 
1499.59 
1500.25 
1499.9 
1500.425 
1500.385 
1500.95 
1500.935 
1501.485 
1501.35 
1501.93 
1502.235 
1502.815 
1502.64 
1503.2 
1503.065 
1503.69 
1503.525 
1504.08 
1503.58 
1504.135 
1503.92 
1504.47 
1504.415 
1504.91 
1504.8 
1505.415 
1505.73 
1506.24 
1506.155 
1506.745 
1506.695 
1507.31 
1507.19 
1507.85 
1507.42 
1508.005 
1507.935 
1508.62 
1508.595 
1509.205 
1509.185 
1509.855 
1510.295 
1510.845 
1510.785 
1511.485 
1511.45 
1512.135 
1512.05 
1512.595 
1512.13 
1512.78 
1512.59 
1513.125 
1513.065 
1513.665 
1513.41 
1513.935 
1514.19 
1514.7 
1514.455 
1514.945 
1514.655 
1515.06 
1514.775 
1515.17 
1514.455 
1514.815 
1514.505 
1514.795 
1514.445 
1514.76 
1514.345 
1514.635 
1514.685 
1514.93 
1514.505 
1514.73 
1514.31 
1514.49 
1514.05 
1514.335 
1513.495 
1513.72 
1513.135 
1513.4 
1512.95 
1513.155 
1512.69 
1512.865 
1512.83 
1513.06 
1512.515 
1512.72 
1512.305 
1512.485 
1511.95 
1512.175 
1511.185 
1511.415 
1510.855 
1510.995 
1510.525 
1510.645 
1510.1 
1510.215 
1510.185 
1510.345 
1509.755 
1509.875 
1509.445 
1509.51 
1508.95 
1509.2 
1508.23 
1508.39 
1507.865 
1508.085 
1507.555 
1507.74 
1507.325 
1507.52 
1507.495 
1507.75 
1507.27 
1507.585 
1507.185 
1507.48 
1507.01 
1507.365 
1506.76 
1507.065 
1506.775 
1507.07 
1506.84 
1507.255 
1506.975 
1507.365 
1507.545 
1507.98 
1507.69 
1508.13 
1507.94 
1508.385 
1508.155 
1508.63 
1508.01 
1508.43 
1508.175 
1508.58 
1508.39 
1508.83 
1508.5 
1508.88 
1509.1 
1509.51 
1509.195 
1509.605 
1509.315 
1509.615 
1509.295 
1509.65 
1508.94 
1509.24 
1508.845 
1509.155 
1508.78 
1509.045 
1508.735 
1508.94 
1508.965 
1509.195 
1508.82 
1509.125 
1508.68 
1508.92 
1508.46 
1508.77 
1507.89 
1508.095 
1507.63 
1507.955 
1507.5 
1507.685 
1507.27 
1507.465 
1507.48 
1507.71 
1507.2 
1507.465 
1507.025 
1507.235 
1506.74 
1507.04 
1506.185 
1506.405 
1505.92 
1506.09 
1505.61 
1505.865 
1505.43 
1505.575 
1505.565 
1505.8 
1505.3 
1505.57 
1505.115 
1505.38 
1504.975 
1505.155 
1504.445 
1504.64 
1504.215 
1504.47 
1504.14 
1504.455 
1504.1 
1504.43 
1504.51 
1504.895 
1504.64 
1505.085 
1504.81 
1505.235 
1505.015 
1505.49 
1504.89 
1505.395 
1505.185 
1505.645 
1505.48 
1506.07 
1505.885 
1506.44 
1506.78 
1507.365 
1507.255 
1507.82 
1507.785 
1508.28 
1508.195 
1508.71 
1508.18 
1508.715 
1508.565 
1509.07 
1508.925 
1509.45 
1509.23 
1509.675 
1509.88 
1510.385 
1510.075 
1510.49 
1510.205 
1510.595 
1510.24 
1510.565 
1509.91 
1510.21 
1509.79 
1510.02 
1509.705 
1509.875 
1509.465 
1509.6 
1509.58 
1509.755 
1509.215 
1509.395 
1508.885 
1509.06 
1508.48 
1508.58 
1507.61 
1507.735 
1507.135 
1507.25 
1506.545 
1506.67 
1506.025 
1506.135 
1505.94 
1505.96 
1505.26 
1505.305 
1504.675 
1504.71 
1504.015 
1503.995 
1502.92 
1502.905 
1502.135 
1502.13 
1501.45 
1501.39 
1500.695 
1500.6 
1500.45 
1500.37 
1499.6 
1499.605 
1498.905 
1498.9 
1498.22 
1498.215 
1497.145 
1497.205 
1496.5 
1496.54 
1495.98 
1496.03 
1495.435 
1495.585 
1495.43 
1495.63 
1495.125 
1495.29 
1494.93 
1495.13 
1494.665 
1494.98 
1494.27 
1494.565 
1494.3 
1494.645 
1494.335 
1494.675 
1494.47 
1494.825 
1495.075 
1495.565 
1495.29 
1495.815 
1495.645 
1496.12 
1495.975 
1496.445 
1495.9 
1496.36 
1496.16 
1496.68 
1496.535 
1497.005 
1496.81 
1497.22 
1497.53 
1497.995 
1497.735 
1498.25 
1498.04 
1498.405 
1498.13 
1498.525 
1497.915 
1498.285 
1497.945 
1498.36 
1498.035 
1498.415 
1498.09 
1498.405 
1498.55 
1498.85 
1498.39 
1498.77 
1498.41 
1498.705 
1498.375 
1498.635 
1497.885 
1498.19 
1497.815 
1498.075 
1497.68 
1497.965 
1497.52 
1497.81 
1497.83 
1498.14 
1497.64 
1497.87 
1497.525 
1497.77 
1497.34 
1497.56 
1496.815 
1496.98 
1496.525 
1496.705 
1496.33 
1496.53 
1496.06 
1496.275 
1496.225 
1496.48 
1496.005 
1496.24 
1495.805 
1496.065 
1495.625 
1495.87 
1495.01 
1495.315 
1494.91 
1495.245 
1494.9 
1495.165 
1494.95 
1495.28 
1495.415 
1495.765 
1495.505 
1495.995 
1495.81 
1496.27 
1496.135 
1496.595 
1496.12 
1496.69 
1496.615 
1497.155 
1497.19 
1497.85 
1497.775 
1498.4 
1498.94 
1499.62 
1499.665 
1500.39 
1500.46 
1501.14 
1501.225 
1501.995 
1501.675 
1502.37 
1502.42 
1503.18 
1503.305 
1504.015 
1504.015 
1504.745 
1505.245 
1505.95 
1505.945 
1506.59 
1506.63 
1507.28 
1507.245 
1507.925 
1507.525 
1508.095 
1507.955 
1508.515 
1508.46 
1508.985 
1508.81 
1509.335 
1509.615 
1510.06 
1509.845 
1510.265 
1510.095 
1510.54 
1510.175 
1510.605 
1509.925 
1510.205 
1509.865 
1510.175 
1509.815 
1510.0 
1509.6 
1509.85 
1509.855 
1510.015 
1509.49 
1509.62 
1509.09 
1509.175 
1508.615 
1508.625 
1507.59 
1507.585 
1506.895 
1506.87 
1506.15 
1506.04 
1505.29 
1505.21 
1504.86 
1504.71 
1503.885 
1503.745 
1502.975 
1502.79 
1501.905 
1501.795 
1500.51 
1500.35 
1499.505 
1499.37 
1498.595 
1498.42 
1497.575 
1497.45 
1497.165 
1497.06 
1496.375 
1496.275 
1495.645 
1495.62 
1495.0 
1495.05 
1494.19 
1494.28 
1493.68 
1493.885 
1493.37 
1493.53 
1493.05 
1493.3 
1493.34 
1493.67 
1493.165 
1493.56 
1493.24 
1493.655 
1493.285 
1493.68 
1493.035 
1493.49 
1493.18 
1493.58 
1493.405 
1493.89 
1493.595 
1493.98 
1494.35 
1494.805 
1494.61 
1495.09 
1494.895 
1495.305 
1495.235 
1495.635 
1495.17 
1495.55 
1495.365 
1495.79 
1495.64 
1496.115 
1495.875 
1496.335 
1496.61 
1497.11 
1496.885 
1497.34 
1497.115 
1497.535 
1497.3 
1497.74 
1497.135 
1497.59 
1497.29 
1497.67 
1497.43 
1497.755 
1497.505 
1497.88 
1498.025 
1498.34 
1497.965 
1498.355 
1497.96 
1498.26 
1497.895 
1498.12 
1497.365 
1497.62 
1497.155 
1497.375 
1496.905 
1497.07 
1496.555 
1496.8 
1496.665 
1496.765 
1496.27 
1496.41 
1495.89 
1496.06 
1495.415 
1495.555 
1494.665 
1494.81 
1494.21 
1494.375 
1493.82 
1494.01 
1493.43 
1493.605 
1493.605 
1493.775 
1493.34 
1493.57 
1493.19 
1493.42 
1493.015 
1493.315 
1492.59 
1492.94 
1492.595 
1492.965 
1492.69 
1493.095 
1492.805 
1493.26 
1493.43 
1493.945 
1493.68 
1494.24 
1494.065 
1494.575 
1494.35 
1494.955 
1494.41 
1494.93 
1494.755 
1495.315 
1495.24 
1495.74 
1495.61 
1496.14 
1496.51 
1496.97 
1496.9 
1497.455 
1497.325 
1497.88 
1497.745 
1498.3 
1497.825 
1498.39 
1498.16 
1498.665 
1498.58 
1499.06 
1498.94 
1499.395 
1499.665 
1500.135 
1499.97 
1500.535 
1500.355 
1500.805 
1500.59 
1501.08 
1500.455 
1500.895 
1500.695 
1501.09 
1500.86 
1501.35 
1501.055 
1501.425 
1501.62 
1501.98 
1501.665 
1501.945 
1501.67 
1502.0 
1501.68 
1501.965 
1501.255 
1501.505 
1501.045 
1501.225 
1500.855 
1501.07 
1500.54 
1500.81 
1500.685 
1500.915 
1500.41 
1500.545 
1500.045 
1500.24 
1499.715 
1499.84 
1498.985 
1499.11 
1498.6 
1498.81 
1498.295 
1498.5 
1498.025 
1498.25 
1498.265 
1498.455 
1498.05 
1498.295 
1497.985 
1498.2 
1497.93 
1498.255 
1497.585 
1497.985 
1497.645 
1498.085 
1497.885 
1498.355 
1498.04 
1498.565 
1498.82 
1499.33 
1499.155 
1499.725 
1499.67 
1500.205 
1500.085 
1500.67 
1500.18 
1500.77 
1500.665 
1501.215 
1501.16 
1501.825 
1501.675 
1502.17 
1502.65 
1503.25 
1503.095 
1503.695 
1503.645 
1504.205 
1504.09 
1504.645 
1504.125 
1504.7 
1504.555 
1505.11 
1505.04 
1505.515 
1505.38 
1505.89 
1506.165 
1506.645 
1506.49 
1507.08 
1506.875 
1507.385 
1507.165 
1507.665 
1507.085 
1507.56 
1507.32 
1507.775 
1507.525 
1508.01 
1507.68 
1508.16 
1508.355 
1508.755 
1508.38 
1508.815 
1508.455 
1508.855 
1508.575 
1508.855 
1508.295 
1508.52 
1508.205 
1508.465 
1508.015 
1508.37 
1507.92 
1508.16 
1508.24 
1508.52 
1508.08 
1508.33 
1507.9 
1508.145 
1507.7 
1508.0 
1507.215 
1507.46 
1507.01 
1507.38 
1507.105 
1507.37 
1507.015 
1507.375 
1507.505 
1507.935 
1507.625 
1508.03 
1507.85 
1508.3 
1508.115 
1508.65 
1508.15 
1508.71 
1508.61 
1509.195 
1509.19 
1509.77 
1509.76 
1510.39 
1510.895 
1511.53 
1511.565 
1512.31 
1512.365 
1513.145 
1513.105 
1513.92 
1513.61 
1514.365 
1514.44 
1515.18 
1515.295 
1516.015 
1515.995 
1516.77 
1517.255 
1518.02 
1518.05 
1518.72 
1518.725 
1519.44 
1519.435 
1520.05 
1519.73 
1520.31 
1520.21 
1520.715 
1520.69 
1521.26 
1521.11 
1521.67 
1521.945 
1522.445 
1522.19 
1522.635 
1522.46 
1522.965 
1522.62 
1523.04 
1522.285 
1522.695 
1522.365 
1522.66 
1522.3 
1522.575 
1522.17 
1522.45 
1522.39 
1522.615 
1522.12 
1522.29 
1521.775 
1521.855 
1521.38 
1521.415 
1520.41 
1520.505 
1519.87 
1519.845 
1519.235 
1519.26 
1518.56 
1518.495 
1518.205 
1518.175 
1517.435 
1517.405 
1516.715 
1516.67 
1515.93 
1515.93 
1514.8 
1514.805 
1514.09 
1514.115 
1513.415 
1513.495 
1512.82 
1512.865 
1512.76 
1512.785 
1512.28 
1512.48 
1511.93 
1512.05 
1511.61 
1511.84 
1511.145 
1511.455 
1510.96 
1511.245 
1510.98 
1511.315 
1510.965 
1511.34 
1511.495 
1511.95 
1511.655 
1512.115 
1511.87 
1512.38 
1512.11 
1512.64 
1512.01 
1512.49 
1512.215 
1512.71 
1512.55 
1513.005 
1512.81 
1513.245 
1513.465 
1513.905 
1513.67 
1514.1 
1513.965 
1514.38 
1514.07 
1514.505 
1513.795 
1514.155 
1513.835 
1514.21 
1513.89 
1514.3 
1513.925 
1514.31 
1514.35 
1514.615 
1514.23 
1514.555 
1514.15 
1514.465 
1513.965 
1514.3 
1513.515 
1513.72 
1513.255 
1513.455 
1512.99 
1513.23 
1512.735 
1512.86 
1512.8 
1513.03 
1512.39 
1512.605 
1512.085 
1512.13 
1511.57 
1511.63 
1510.695 
1510.75 
1510.07 
1510.14 
1509.5 
1509.525 
1508.815 
1508.925 
1508.645 
1508.66 
1508.0 
1508.025 
1507.43 
1507.425 
1506.755 
1506.77 
1505.735 
1505.77 
1505.16 
1505.195 
1504.685 
1504.735 
1504.205 
1504.385 
1504.295 
1504.435 
1503.99 
1504.245 
1503.855 
1504.1 
1503.725 
1504.11 
1503.335 
1503.675 
1503.425 
1503.82 
1503.625 
1504.16 
1503.945 
1504.42 
1504.695 
1505.295 
1505.17 
1505.72 
1505.685 
1506.285 
1506.215 
1506.885 
1506.41 
1507.09 
1507.08 
1507.65 
1507.74 
1508.36 
1508.365 
1508.965 
1509.485 
1510.09 
1510.115 
1510.79 
1510.86 
1511.44 
1511.44 
1512.025 
1511.755 
1512.3 
1512.305 
1512.985 
1512.93 
1513.52 
1513.455 
1514.05 
1514.395 
1515.05 
1514.79 
1515.485 
1515.32 
1515.92 
1515.715 
1516.24 
1515.75 
