Run 0 on 20200811 on sample T20-5d, LT thermometer,  dT/T0 = 0.02
Time per point = 3.125e-05 seconds
2812.705 
2812.405 
2812.695 
2812.59 
2813.03 
2812.92 
2813.615 
2813.225 
2813.935 
2814.025 
2814.915 
2815.125 
2816.115 
2816.385 
2817.485 
2818.315 
2819.485 
2819.89 
2821.135 
2821.695 
2822.96 
2823.57 
2824.845 
2825.045 
2826.41 
2826.98 
2828.38 
2829.04 
2830.38 
2830.985 
2832.38 
2833.385 
2834.72 
2835.28 
2836.55 
2837.03 
2838.165 
2838.695 
2839.805 
2839.905 
2840.82 
2841.16 
2842.055 
2842.235 
2842.995 
2843.055 
2843.76 
2844.155 
2844.72 
2844.525 
2845.0 
2844.76 
2845.07 
2844.66 
2844.83 
2843.955 
2843.945 
2843.325 
2843.26 
2842.56 
2842.39 
2841.535 
2841.225 
2840.76 
2840.405 
2839.295 
2838.94 
2837.895 
2837.34 
2836.17 
2835.67 
2834.035 
2833.46 
2832.165 
2831.615 
2830.36 
2829.73 
2828.42 
2827.835 
2827.005 
2826.475 
2825.175 
2824.71 
2823.515 
2823.035 
2821.93 
2821.545 
2820.055 
2819.72 
2818.69 
2818.465 
2817.625 
2817.49 
2816.65 
2816.6 
2816.35 
2816.35 
2815.85 
2815.99 
2815.52 
2815.795 
2815.45 
2815.865 
2815.245 
2815.71 
2815.51 
2816.15 
2816.15 
2816.72 
2816.785 
2817.605 
2818.17 
2818.985 
2819.205 
2820.09 
2820.39 
2821.37 
2821.63 
2822.685 
2822.62 
2823.61 
2823.945 
2825.015 
2825.425 
2826.43 
2826.75 
2827.81 
2828.625 
2829.535 
2829.825 
2830.845 
2831.025 
2831.935 
2832.1 
2832.955 
2832.675 
2833.39 
2833.315 
2834.06 
2833.935 
2834.48 
2834.305 
2834.735 
2834.95 
2835.245 
2834.84 
2835.025 
2834.585 
2834.73 
2834.075 
2834.025 
2832.89 
2832.78 
2831.985 
2831.785 
2830.775 
2830.53 
2829.485 
2829.095 
2828.435 
2827.945 
2826.76 
2826.215 
2824.965 
2824.355 
2823.08 
2822.4 
2820.74 
2820.03 
2818.675 
2818.025 
2816.62 
2815.965 
2814.565 
2813.895 
2813.01 
2812.385 
2811.095 
2810.43 
2809.175 
2808.665 
2807.43 
2806.915 
2805.395 
2805.0 
2803.945 
2803.57 
2802.72 
2802.44 
2801.54 
2801.44 
2801.18 
2801.11 
2800.475 
2800.635 
2800.155 
2800.31 
2799.88 
2800.245 
2799.47 
2799.955 
2799.74 
2800.22 
2800.18 
2800.815 
2800.785 
2801.485 
2802.055 
2802.815 
2802.935 
2803.815 
2804.065 
2804.995 
2805.2 
2806.275 
2806.1 
2807.08 
2807.41 
2808.47 
2808.72 
2809.87 
2810.095 
2811.135 
2811.865 
2812.88 
2813.155 
2814.095 
2814.38 
2815.28 
2815.425 
2816.225 
2816.0 
2816.775 
2816.755 
2817.405 
2817.385 
2817.965 
2817.81 
2818.295 
2818.5 
2818.86 
2818.455 
2818.755 
2818.41 
2818.53 
2817.935 
2818.025 
2816.9 
2816.88 
2816.125 
2816.015 
2815.17 
2814.935 
2813.99 
2813.665 
2813.13 
2812.74 
2811.6 
2811.185 
2810.04 
2809.55 
2808.415 
2807.875 
2806.255 
2805.665 
2804.4 
2803.885 
2802.67 
2802.05 
2800.855 
2800.28 
2799.58 
2799.01 
2797.86 
2797.42 
2796.35 
2795.99 
2794.93 
2794.585 
2793.24 
2793.0 
2792.095 
2791.975 
2791.225 
2791.095 
2790.415 
2790.555 
2790.43 
2790.585 
2790.1 
2790.345 
2790.06 
2790.42 
2790.195 
2790.7 
2790.32 
2790.86 
2790.775 
2791.49 
2791.58 
2792.345 
2792.52 
2793.345 
2794.03 
2794.965 
2795.26 
2796.28 
2796.635 
2797.735 
2798.105 
2799.225 
2799.225 
2800.355 
2800.75 
2801.87 
2802.37 
2803.48 
2803.885 
2805.005 
2805.86 
2806.915 
2807.325 
2808.32 
2808.705 
2809.63 
2809.865 
2810.8 
2810.585 
2811.37 
2811.495 
2812.21 
2812.255 
2812.88 
2812.82 
2813.395 
2813.605 
2814.085 
2813.785 
2814.13 
2813.8 
2814.045 
2813.505 
2813.69 
2812.64 
2812.695 
2811.995 
2811.95 
2811.145 
2811.015 
2810.13 
2809.935 
2809.395 
2809.13 
2808.135 
2807.775 
2806.75 
2806.245 
2805.235 
2804.77 
2803.275 
2802.725 
2801.69 
2801.125 
2800.035 
2799.51 
2798.375 
2797.88 
2797.185 
2796.725 
2795.65 
2795.295 
2794.31 
2793.995 
2792.915 
2792.675 
2791.355 
2791.115 
2790.29 
2790.215 
2789.475 
2789.365 
2788.765 
2788.83 
2788.675 
2788.795 
2788.325 
2788.595 
2788.27 
2788.5 
2788.24 
2788.665 
2788.11 
2788.555 
2788.445 
2788.98 
2788.925 
2789.62 
2789.62 
2790.315 
2790.825 
2791.545 
2791.615 
2792.44 
2792.595 
2793.36 
2793.5 
2794.365 
2794.15 
2794.87 
2795.02 
2795.725 
2795.9 
2796.62 
2796.68 
2797.415 
2797.85 
2798.32 
2798.3 
2798.825 
2798.66 
2799.025 
2798.755 
2799.015 
2798.27 
2798.455 
2797.84 
2797.88 
2797.215 
2797.03 
2796.13 
2795.9 
2795.3 
2794.86 
2793.625 
2793.075 
2791.75 
2790.955 
2789.355 
2788.465 
2786.415 
2785.315 
2783.42 
2782.17 
2780.16 
2778.76 
2776.545 
2775.04 
2773.155 
2771.425 
2768.995 
2767.175 
2764.6 
2762.69 
2760.035 
2758.015 
2754.73 
2752.715 
2749.8 
2747.54 
2744.71 
2742.415 
2739.365 
2737.07 
2734.53 
2732.165 
2729.05 
2726.725 
2723.625 
2721.2 
2718.115 
2715.76 
2712.315 
2709.935 
2706.86 
2704.5 
2701.475 
2699.12 
2696.09 
2693.755 
2691.295 
2689.01 
2686.065 
2683.875 
2681.02 
2678.78 
2675.935 
2673.795 
2670.71 
2668.54 
2665.745 
2663.675 
2660.985 
2658.95 
2656.275 
2654.185 
2651.955 
2650.045 
2647.3 
2645.37 
2642.665 
2640.72 
2638.015 
2636.055 
2632.985 
2630.895 
2628.15 
2626.1 
2623.365 
2621.225 
2618.44 
2616.275 
2613.865 
2611.645 
2608.72 
2606.37 
2603.395 
2600.955 
2597.885 
2595.34 
2591.76 
2589.15 
2585.76 
2583.125 
2579.68 
2576.825 
2573.3 
2570.36 
2567.14 
2564.09 
2560.26 
2557.14 
2553.245 
2549.94 
2545.865 
2542.54 
2537.975 
2534.475 
2530.29 
2526.68 
2522.38 
2518.705 
2514.305 
2510.53 
2506.545 
2502.73 
2498.205 
2494.32 
2489.79 
2485.9 
2481.27 
2477.415 
2472.415 
2468.505 
2463.88 
2460.0 
2455.42 
2451.52 
2446.97 
2443.15 
2439.105 
2435.32 
2430.85 
2427.18 
2422.845 
2419.195 
2414.975 
2411.37 
2406.875 
2403.445 
2399.355 
2396.1 
2392.18 
2388.965 
2385.19 
2382.06 
2378.92 
2375.94 
2372.38 
2369.56 
2366.205 
2363.585 
2360.265 
2357.725 
2354.14 
2351.725 
2348.72 
2346.435 
2343.48 
2341.255 
2338.425 
2336.38 
2334.085 
2332.085 
2329.405 
2327.485 
2324.955 
2323.065 
2320.605 
2318.74 
2315.89 
2314.145 
2311.72 
2309.9 
2307.51 
2305.74 
2303.34 
2301.56 
2299.565 
2297.785 
2295.295 
2293.505 
2291.08 
2289.165 
2286.63 
2284.72 
2281.665 
2279.71 
2276.895 
2274.885 
2272.085 
2269.96 
2267.04 
2264.735 
2262.305 
2259.94 
2256.855 
2254.425 
2251.25 
2248.77 
2245.45 
2242.86 
2239.13 
2236.315 
2232.93 
2230.095 
2226.62 
2223.715 
2220.165 
2217.235 
2214.0 
2211.055 
2207.31 
2204.34 
2200.64 
2197.56 
2193.85 
2190.805 
2186.675 
2183.575 
2179.705 
2176.725 
2173.03 
2170.015 
2166.31 
2163.405 
2160.225 
2157.27 
2153.715 
2150.9 
2147.415 
2144.635 
2141.245 
2138.57 
2134.9 
2132.29 
2129.11 
2126.61 
2123.54 
2121.245 
2118.25 
2116.055 
2113.665 
2111.635 
2108.885 
2106.875 
2104.35 
2102.435 
2099.97 
2098.235 
2095.62 
2093.905 
2091.63 
2090.16 
2088.02 
2086.58 
2084.46 
2083.205 
2081.63 
2080.355 
2078.395 
2077.255 
2075.37 
2074.245 
2072.375 
2071.255 
2069.045 
2067.905 
2066.1 
2065.025 
2063.265 
2062.145 
2060.3 
2059.14 
2057.755 
2056.565 
2054.65 
2053.405 
2051.56 
2050.185 
2048.13 
2046.755 
2044.295 
2042.805 
2040.625 
2039.045 
2036.745 
2035.04 
2032.665 
2030.885 
2028.785 
2026.895 
2024.305 
2022.31 
2019.605 
2017.505 
2014.625 
2012.46 
2009.125 
2006.83 
2003.745 
2001.355 
1998.31 
1995.79 
1992.625 
1990.09 
1987.29 
1984.75 
1981.405 
1978.82 
1975.52 
1972.81 
1969.47 
1966.825 
1963.1 
1960.4 
1957.075 
1954.465 
1951.17 
1948.575 
1945.275 
1942.785 
1940.05 
1937.51 
1934.4 
1931.96 
1928.935 
1926.625 
1923.71 
1921.515 
1918.27 
1916.225 
1913.435 
1911.455 
1908.91 
1907.0 
1904.605 
1902.91 
1901.005 
1899.455 
1897.16 
1895.765 
1893.72 
1892.37 
1890.46 
1889.275 
1887.09 
1885.975 
1884.275 
1883.32 
1881.69 
1880.85 
1879.29 
1878.505 
1877.54 
1876.86 
1875.505 
1874.855 
1873.575 
1872.975 
1871.79 
1871.21 
1869.54 
1869.01 
1867.71 
1867.165 
1865.97 
1865.395 
1864.09 
1863.435 
1862.64 
1861.995 
1860.555 
1859.895 
1858.47 
1857.645 
1856.13 
1855.2 
1853.29 
1852.325 
1850.495 
1849.455 
1847.62 
1846.37 
1844.365 
1843.0 
1841.43 
1840.0 
1837.775 
1836.14 
1833.815 
1832.17 
1829.675 
1827.9 
1824.905 
1822.925 
1820.35 
1818.205 
1815.51 
1813.32 
1810.49 
1808.33 
1805.87 
1803.62 
1800.64 
1798.35 
1795.3 
1792.925 
1789.945 
1787.58 
1784.15 
1781.795 
1778.75 
1776.345 
1773.425 
1771.1 
1768.115 
1765.905 
1763.465 
1761.235 
1758.47 
1756.37 
1753.69 
1751.675 
1749.015 
1747.125 
1744.265 
1742.45 
1740.075 
1738.415 
1736.225 
1734.705 
1732.63 
1731.265 
1729.72 
1728.54 
1726.69 
1725.6 
1723.93 
1723.055 
1721.45 
1720.695 
1718.835 
1718.245 
1716.895 
1716.34 
1715.1 
1714.69 
1713.64 
1713.275 
1712.7 
1712.435 
1711.5 
1711.315 
1710.515 
1710.26 
1709.5 
1709.38 
1708.135 
1708.065 
1707.215 
1707.115 
1706.345 
1706.255 
1705.355 
1705.205 
1704.77 
1704.56 
1703.585 
1703.32 
1702.375 
1702.025 
1700.9 
1700.47 
1698.87 
1698.2 
1696.95 
1696.245 
1694.86 
1694.04 
1692.455 
1691.5 
1690.3 
1689.225 
1687.415 
1686.195 
1684.39 
1683.05 
1680.975 
1679.58 
1677.045 
1675.46 
1673.16 
1671.555 
1669.175 
1667.43 
1664.985 
1663.185 
1661.18 
1659.29 
1656.68 
1654.825 
1652.255 
1650.28 
1647.66 
1645.72 
1642.79 
1640.88 
1638.285 
1636.34 
1633.83 
1631.965 
1629.45 
1627.66 
1625.71 
1623.985 
1621.52 
1619.95 
1617.775 
1616.255 
1614.11 
1612.735 
1610.38 
1609.12 
1607.205 
1606.135 
1604.41 
1603.45 
1601.87 
1601.045 
1600.075 
1599.425 
1598.2 
1597.675 
1596.645 
1596.21 
1595.23 
1595.03 
1593.805 
1593.755 
1592.975 
1593.055 
1592.46 
1592.645 
1592.12 
1592.365 
1592.43 
1592.725 
1592.405 
1592.8 
1592.61 
1593.03 
1592.68 
1593.22 
1592.59 
1593.015 
1592.765 
1593.2 
1593.04 
1593.53 
1593.13 
1593.53 
1593.6 
1593.9 
1593.48 
1593.765 
1593.245 
1593.335 
1592.745 
1592.75 
1591.62 
1591.535 
1590.565 
1590.32 
1589.315 
1588.905 
1587.675 
1587.21 
1586.345 
1585.655 
1584.155 
1583.3 
1581.765 
1580.735 
1578.93 
1577.835 
1575.595 
1574.29 
1572.28 
1570.92 
1568.84 
1567.255 
1565.1 
1563.43 
1561.655 
1559.91 
1557.5 
1555.815 
1553.445 
1551.67 
1549.155 
1547.435 
1544.525 
1542.74 
1540.26 
1538.455 
1536.16 
1534.315 
1531.985 
1530.255 
1528.41 
1526.83 
1524.56 
1523.105 
1520.94 
1519.51 
1517.565 
1516.295 
1513.985 
1512.88 
1511.02 
1510.07 
1508.55 
1507.615 
1506.235 
1505.495 
1504.67 
1504.195 
1503.06 
1502.71 
1501.785 
1501.52 
1500.64 
1500.625 
1499.605 
1499.605 
1499.09 
1499.26 
1498.86 
1499.15 
1498.9 
1499.255 
1499.54 
1500.0 
1499.835 
1500.43 
1500.35 
1500.905 
1500.855 
1501.59 
1501.165 
1501.79 
1501.75 
1502.395 
1502.355 
1502.985 
1502.875 
1503.445 
1503.775 
1504.17 
1503.995 
1504.42 
1504.135 
1504.455 
1504.01 
1504.115 
1503.21 
1503.245 
1502.535 
1502.43 
1501.705 
1501.47 
1500.44 
1500.04 
1499.4 
1498.805 
1497.48 
1496.755 
1495.44 
1494.505 
1492.92 
1491.95 
1489.795 
1488.62 
1486.74 
1485.545 
1483.505 
1482.155 
1480.12 
1478.645 
1476.835 
1475.26 
1473.005 
1471.475 
1469.18 
1467.495 
1465.115 
1463.465 
1460.695 
1458.985 
1456.66 
1454.965 
1452.665 
1450.96 
1448.72 
1447.09 
1445.37 
1443.87 
1441.695 
1440.265 
1438.325 
1436.995 
1435.085 
1433.885 
1431.68 
1430.62 
1428.985 
1428.11 
1426.62 
1425.845 
1424.515 
1423.88 
1423.09 
1422.68 
1421.655 
1421.38 
1420.605 
1420.39 
1419.71 
1419.755 
1418.745 
1418.92 
1418.44 
1418.715 
1418.405 
1418.81 
1418.655 
1419.165 
1419.49 
1420.095 
1420.03 
1420.73 
1420.77 
1421.46 
1421.555 
1422.365 
1421.97 
1422.77 
1422.825 
1423.615 
1423.7 
1424.425 
1424.5 
1425.14 
1425.55 
1426.175 
1426.065 
1426.62 
1426.445 
1426.91 
1426.56 
1426.985 
1426.18 
1426.415 
1425.775 
1425.815 
1425.17 
1425.085 
1424.225 
1424.015 
1423.495 
1423.13 
1421.97 
1421.47 
1420.265 
1419.515 
1418.085 
1417.335 
1415.335 
1414.455 
1412.78 
1411.695 
1409.915 
1408.765 
1406.92 
1405.655 
1404.165 
1402.82 
1400.835 
1399.455 
1397.445 
1396.005 
1393.89 
1392.44 
1389.99 
1388.58 
1386.53 
1385.085 
1383.115 
1381.78 
1379.77 
1378.49 
1377.08 
1375.935 
1374.015 
1372.935 
1371.33 
1370.355 
1368.76 
1367.94 
1366.095 
1365.35 
1364.09 
1363.48 
1362.34 
1361.935 
1360.975 
1360.685 
1360.32 
1360.21 
1359.55 
1359.635 
1359.1 
1359.3 
1358.93 
1359.285 
1358.625 
1359.1 
1359.01 
1359.57 
1359.59 
1360.33 
1360.46 
1361.295 
1361.915 
1362.765 
1363.04 
1364.035 
1364.335 
1365.31 
1365.685 
1366.685 
1366.58 
1367.585 
1367.895 
1368.945 
1369.335 
1370.195 
1370.48 
1371.345 
1372.01 
1372.795 
1372.92 
1373.695 
1373.685 
1374.3 
1374.165 
1374.68 
1374.045 
1374.36 
1374.01 
1374.205 
1373.69 
1373.79 
1373.14 
1373.03 
1372.685 
1372.4 
1371.405 
1371.02 
1369.945 
1369.405 
1368.12 
1367.49 
1365.67 
1364.825 
1363.28 
1362.31 
1360.735 
1359.72 
1357.9 
1356.83 
1355.47 
1354.265 
1352.395 
1351.16 
1349.27 
1347.97 
1346.005 
1344.715 
1342.41 
1341.175 
1339.175 
1337.855 
1336.09 
1334.8 
1332.945 
1331.79 
1330.5 
1329.42 
1327.725 
1326.79 
1325.24 
1324.415 
1322.89 
1322.24 
1320.545 
1319.97 
1318.8 
1318.38 
1317.45 
1317.035 
1316.27 
1316.145 
1315.88 
1315.955 
1315.375 
1315.61 
1315.245 
1315.585 
1315.285 
1315.895 
1315.435 
1315.98 
1316.085 
1316.89 
1317.015 
1317.92 
1318.21 
1319.14 
1319.93 
1321.05 
1321.5 
1322.64 
1323.1 
1324.335 
1324.77 
1326.0 
1326.15 
1327.32 
1327.855 
1328.995 
1329.545 
1330.735 
1331.185 
1332.21 
1333.07 
1334.09 
1334.35 
1335.325 
1335.52 
1336.405 
1336.505 
1337.155 
1336.715 
1337.25 
1337.04 
1337.525 
1337.265 
1337.44 
1336.975 
1337.05 
1336.88 
1336.85 
1336.065 
1335.855 
1334.925 
1334.665 
1333.485 
1333.0 
1331.37 
1330.67 
1329.41 
1328.615 
1327.1 
1326.265 
1324.77 
1323.765 
1322.55 
1321.51 
1319.76 
1318.67 
1316.945 
1315.795 
1313.985 
1312.915 
1310.66 
1309.57 
1307.75 
1306.655 
1304.89 
1303.9 
1302.085 
1301.12 
1299.89 
1299.055 
1297.395 
1296.74 
1295.23 
1294.6 
1293.24 
1292.7 
1291.14 
1290.63 
1289.58 
1289.335 
1288.555 
1288.34 
1287.605 
1287.69 
1287.51 
1287.655 
1287.31 
1287.615 
1287.42 
1287.875 
1287.725 
1288.425 
1288.115 
1288.865 
1288.96 
1289.945 
1290.23 
1291.16 
1291.55 
1292.68 
1293.565 
1294.675 
1295.09 
1296.405 
1297.01 
1298.24 
1298.815 
1300.065 
1300.195 
1301.465 
1301.99 
1303.26 
1303.81 
1304.92 
1305.42 
1306.54 
1307.325 
1308.41 
1308.675 
1309.64 
1309.78 
1310.575 
1310.61 
1311.255 
1310.755 
1311.28 
1310.99 
1311.39 
1311.01 
1311.23 
1310.61 
1310.655 
1310.355 
1310.225 
1309.335 
1309.065 
1308.02 
1307.575 
1306.3 
1305.775 
1303.925 
1303.135 
1301.74 
1300.82 
1299.23 
1298.235 
1296.45 
1295.41 
1294.085 
1292.885 
1291.015 
1289.85 
1287.955 
1286.645 
1284.65 
1283.495 
1281.12 
1279.87 
1277.9 
1276.67 
1274.83 
1273.58 
1271.755 
1270.67 
1269.35 
1268.34 
1266.635 
1265.71 
1264.17 
1263.405 
1261.925 
1261.34 
1259.61 
1259.075 
1257.925 
1257.58 
1256.585 
1256.355 
1255.515 
1255.47 
1255.285 
1255.405 
1254.87 
1255.18 
1254.925 
1255.29 
1255.095 
1255.69 
1255.225 
1255.95 
1256.1 
1256.895 
1257.195 
1258.13 
1258.44 
1259.525 
1260.385 
1261.49 
1261.99 
1263.29 
1263.805 
1265.08 
1265.625 
1266.955 
1267.175 
1268.365 
1269.01 
1270.245 
1270.825 
1271.99 
1272.505 
1273.745 
1274.6 
1275.64 
1276.03 
1277.02 
1277.335 
1278.245 
1278.3 
1279.055 
1278.755 
1279.385 
1279.235 
1279.77 
1279.495 
1279.81 
1279.35 
1279.565 
1279.35 
1279.415 
1278.645 
1278.535 
1277.72 
1277.475 
1276.35 
1275.995 
1274.39 
1273.875 
1272.53 
1271.895 
1270.5 
1269.805 
1268.18 
1267.45 
1266.345 
1265.37 
1263.7 
1262.775 
1261.13 
1260.15 
1258.48 
1257.505 
1255.375 
1254.455 
1252.745 
1251.81 
1250.26 
1249.36 
1247.85 
1247.02 
1246.0 
1245.225 
1243.9 
1243.31 
1242.09 
1241.685 
1240.575 
1240.205 
1238.82 
1238.67 
1237.87 
1237.775 
1237.195 
1237.265 
1236.8 
1237.0 
1237.225 
1237.65 
1237.575 
1238.08 
1238.095 
1238.845 
1239.0 
1239.905 
1239.82 
1240.8 
1241.28 
1242.44 
1242.97 
1244.295 
1244.83 
1246.27 
1247.43 
1248.83 
1249.635 
1251.105 
1251.92 
1253.505 
1254.265 
1255.84 
1256.305 
1257.72 
1258.51 
1260.055 
1260.89 
1262.24 
1262.965 
1264.365 
1265.42 
1266.78 
1267.23 
1268.45 
1268.84 
1269.915 
1270.195 
1271.12 
1270.925 
1271.635 
1271.645 
1272.225 
1272.12 
1272.585 
1272.22 
1272.545 
1272.495 
1272.625 
1271.965 
1271.96 
1271.23 
1270.955 
1269.935 
1269.68 
1268.18 
1267.72 
1266.44 
1265.885 
1264.535 
1263.835 
1262.365 
1261.575 
1260.495 
1259.675 
1258.015 
1257.215 
1255.545 
1254.535 
1252.89 
1251.925 
1249.915 
1249.02 
1247.35 
1246.45 
1244.84 
1244.05 
1242.41 
1241.615 
1240.7 
1239.935 
1238.53 
1237.93 
1236.71 
1236.275 
1235.145 
1234.785 
1233.495 
1233.285 
1232.395 
1232.33 
1231.71 
1231.87 
1231.365 
1231.58 
1231.71 
1232.14 
1231.94 
1232.515 
1232.575 
1233.26 
1233.41 
1234.27 
1234.2 
1235.215 
1235.58 
1236.765 
1237.23 
1238.47 
1239.035 
1240.435 
1241.605 
1242.98 
1243.675 
1245.15 
1245.99 
1247.485 
1248.375 
1249.835 
1250.27 
1251.76 
1252.51 
1253.99 
1254.785 
1256.145 
1256.79 
1258.18 
1259.265 
1260.525 
1260.995 
1262.135 
1262.54 
1263.57 
1263.885 
1264.765 
1264.55 
1265.2 
1265.15 
1265.82 
1265.635 
1266.025 
1265.65 
1265.92 
1265.875 
1266.0 
1265.33 
1265.25 
1264.45 
1264.2 
1263.235 
1262.865 
1261.38 
1260.915 
1259.615 
1258.98 
1257.64 
1256.945 
1255.47 
1254.61 
1253.665 
1252.79 
1251.165 
1250.225 
1248.63 
1247.625 
1246.06 
1245.1 
1243.01 
1242.13 
1240.46 
1239.625 
1238.065 
1237.185 
1235.715 
1234.925 
1233.96 
1233.23 
1231.935 
1231.36 
1230.17 
1229.77 
1228.69 
1228.425 
1227.11 
1226.935 
1226.11 
1226.135 
1225.47 
1225.65 
1225.25 
1225.48 
1225.695 
1226.16 
1225.99 
1226.715 
1226.765 
1227.5 
1227.625 
1228.575 
1228.565 
1229.645 
1229.99 
1231.195 
1231.72 
1233.04 
1233.58 
1234.965 
1236.145 
1237.575 
1238.31 
1239.8 
1240.535 
1241.97 
1242.875 
1244.335 
1244.77 
1246.28 
1247.025 
1248.47 
1249.235 
1250.555 
1251.19 
1252.495 
1253.5 
1254.77 
1255.185 
1256.34 
1256.685 
1257.595 
1257.85 
1258.66 
1258.4 
1259.0 
1258.915 
1259.39 
1259.195 
1259.515 
1259.105 
1259.27 
1259.135 
1259.13 
1258.39 
1258.325 
1257.345 
1257.08 
1256.06 
1255.62 
1254.07 
1253.405 
1252.035 
1251.355 
1250.005 
1249.215 
1247.655 
1246.795 
1245.61 
1244.655 
1242.97 
1242.015 
1240.295 
1239.32 
1237.65 
1236.55 
1234.565 
1233.455 
1231.78 
1230.805 
1229.2 
1228.275 
1226.75 
1225.945 
1224.925 
1224.2 
1222.77 
1222.205 
1221.01 
1220.51 
1219.42 
1219.105 
1217.79 
1217.535 
1216.72 
1216.72 
1216.08 
1216.225 
1215.725 
1216.08 
1216.23 
1216.71 
1216.525 
1217.19 
1217.275 
1217.985 
1218.17 
1219.17 
1219.1 
1220.125 
1220.58 
1221.81 
1222.375 
1223.655 
1224.295 
1225.655 
1226.94 
1228.35 
1229.16 
1230.76 
1231.635 
1233.125 
1234.005 
1235.55 
1236.06 
1237.67 
1238.435 
1239.96 
1240.79 
1242.29 
1243.065 
1244.445 
1245.575 
1246.855 
1247.49 
1248.64 
1249.195 
1250.215 
1250.555 
1251.485 
1251.4 
1252.205 
1252.23 
1252.825 
1252.81 
1253.215 
1252.945 
1253.33 
1253.29 
1253.5 
1252.875 
1252.895 
1252.125 
1252.01 
1251.005 
1250.835 
1249.405 
1248.99 
1247.77 
1247.28 
1246.02 
1245.385 
1243.995 
1243.26 
1242.26 
1241.51 
1239.955 
1239.17 
1237.585 
1236.785 
1235.265 
1234.37 
1232.465 
1231.625 
1230.12 
1229.28 
1227.855 
1227.125 
1225.66 
1225.03 
1224.19 
1223.62 
1222.405 
1221.93 
1220.885 
1220.625 
1219.56 
1219.42 
1218.23 
1218.185 
1217.475 
1217.55 
1217.135 
1217.41 
1217.04 
1217.47 
1217.745 
1218.34 
1218.245 
1218.99 
1219.24 
1220.075 
1220.345 
1221.375 
1221.445 
1222.625 
1223.085 
1224.455 
1225.06 
1226.415 
1227.14 
1228.615 
1229.905 
1231.425 
1232.235 
1233.86 
1234.72 
1236.27 
1237.15 
1238.855 
1239.27 
1240.85 
1241.675 
1243.195 
1244.065 
1245.495 
1246.165 
1247.61 
1248.675 
1249.965 
1250.495 
1251.66 
1252.1 
1253.075 
1253.405 
1254.25 
1253.995 
1254.705 
1254.675 
1255.19 
1255.065 
1255.385 
1255.04 
1255.24 
1255.185 
1255.22 
1254.42 
1254.375 
1253.505 
1253.35 
1252.155 
1251.85 
1250.26 
1249.745 
1248.395 
1247.79 
1246.395 
1245.595 
1244.08 
1243.18 
1242.11 
1241.175 
1239.505 
1238.575 
1236.885 
1235.91 
1234.245 
1233.225 
1231.19 
1230.26 
1228.505 
1227.665 
1226.04 
1225.17 
1223.605 
1222.815 
1221.83 
1221.03 
1219.75 
1219.13 
1217.88 
1217.46 
1216.305 
1216.065 
1214.725 
1214.535 
1213.685 
1213.69 
1213.07 
1213.195 
1212.695 
1213.01 
1213.16 
1213.665 
1213.465 
1214.045 
1214.11 
1214.85 
1214.97 
1215.945 
1215.88 
1216.85 
1217.255 
1218.425 
1218.985 
1220.22 
1220.76 
1222.05 
1223.245 
1224.645 
1225.375 
1226.85 
1227.62 
1229.1 
1229.865 
1231.4 
1231.725 
1233.175 
1233.885 
1235.34 
1236.0 
1237.365 
1238.0 
1239.2 
1240.21 
1241.355 
1241.795 
1242.895 
1243.15 
1244.155 
1244.335 
1245.045 
1244.725 
1245.335 
1245.205 
1245.67 
1245.345 
1245.605 
1245.265 
1245.38 
1245.23 
1245.18 
1244.375 
1244.215 
1243.32 
1243.02 
1241.945 
1241.495 
1239.86 
1239.255 
1237.925 
1237.245 
1235.805 
1234.965 
1233.405 
1232.56 
1231.48 
1230.55 
1228.885 
1227.955 
1226.275 
1225.33 
1223.615 
1222.67 
1220.625 
1219.685 
1218.05 
1217.175 
1215.615 
1214.805 
1213.315 
1212.54 
1211.685 
1211.005 
1209.745 
1209.255 
1208.12 
1207.71 
1206.815 
1206.585 
1205.305 
1205.21 
1204.45 
1204.61 
1204.05 
1204.345 
1204.01 
1204.41 
1204.675 
1205.29 
1205.24 
1206.045 
1206.205 
1207.09 
1207.37 
1208.43 
1208.46 
1209.64 
1210.205 
1211.5 
1212.14 
1213.555 
1214.27 
1215.79 
1217.125 
1218.57 
1219.485 
1221.14 
1221.98 
1223.57 
1224.525 
1226.085 
1226.665 
1228.235 
1229.03 
1230.605 
1231.45 
1232.94 
1233.695 
1235.06 
1236.205 
1237.44 
1237.975 
1239.195 
1239.64 
1240.715 
1240.955 
1241.84 
1241.65 
1242.365 
1242.32 
1242.94 
1242.74 
1243.135 
1242.82 
1243.005 
1242.955 
1243.065 
1242.335 
1242.27 
1241.43 
1241.235 
1240.2 
1239.875 
1238.335 
1237.755 
1236.51 
1235.92 
1234.51 
1233.82 
1232.325 
1231.55 
1230.415 
1229.545 
1227.935 
1227.045 
1225.46 
1224.435 
1222.835 
1221.915 
1219.945 
1218.97 
1217.395 
1216.465 
1214.975 
1214.095 
1212.65 
1211.875 
1211.03 
1210.315 
1209.085 
1208.55 
1207.385 
1207.03 
1205.98 
1205.75 
1204.545 
1204.38 
1203.66 
1203.76 
1203.14 
1203.35 
1203.01 
1203.405 
1203.61 
1204.125 
1204.09 
1204.78 
1204.89 
1205.78 
1206.02 
1206.985 
1206.97 
1208.155 
1208.57 
1209.885 
1210.54 
1211.8 
1212.51 
1213.975 
1215.21 
1216.66 
1217.48 
1219.125 
1220.02 
1221.55 
1222.52 
1224.115 
1224.5 
1226.115 
1226.99 
1228.48 
1229.35 
1230.85 
1231.595 
1232.97 
1234.15 
1235.415 
1236.025 
1237.22 
1237.745 
1238.78 
1239.13 
1240.01 
1239.955 
1240.725 
1240.68 
1241.405 
1241.26 
1241.7 
1241.445 
1241.75 
1241.765 
1241.995 
1241.32 
1241.425 
1240.695 
1240.47 
1239.59 
1239.3 
1237.99 
1237.525 
1236.365 
1235.835 
1234.575 
1233.91 
1232.585 
1231.94 
1230.975 
1230.205 
1228.69 
1227.99 
1226.495 
1225.635 
1224.215 
1223.4 
1221.5 
1220.68 
1219.155 
1218.425 
1217.025 
1216.29 
1214.93 
1214.405 
1213.555 
1213.045 
1211.83 
1211.46 
1210.44 
1210.155 
1209.16 
1209.08 
1207.925 
1207.885 
1207.245 
1207.415 
1206.91 
1207.215 
1206.925 
1207.39 
1207.655 
1208.285 
1208.295 
1209.065 
1209.21 
1210.115 
1210.36 
1211.47 
1211.46 
1212.57 
1213.1 
1214.38 
1215.06 
1216.42 
1217.13 
1218.61 
1219.835 
1221.335 
1222.08 
1223.615 
1224.595 
1226.135 
1226.98 
1228.495 
1228.96 
1230.505 
1231.25 
1232.73 
1233.575 
1234.95 
1235.66 
1236.975 
1238.005 
1239.2 
1239.665 
1240.81 
1241.215 
1242.2 
1242.365 
1243.245 
1242.905 
1243.57 
1243.465 
1243.985 
1243.835 
1244.15 
1243.71 
1243.92 
1243.73 
1243.79 
1243.045 
1242.99 
1242.065 
1241.795 
1240.74 
1240.39 
1238.815 
1238.3 
1236.925 
1236.305 
1234.975 
1234.12 
1232.725 
1231.88 
1230.78 
1229.875 
1228.255 
1227.355 
1225.745 
1224.775 
1223.185 
1222.17 
1220.275 
1219.375 
1217.73 
1216.895 
1215.355 
1214.52 
1213.055 
1212.315 
1211.35 
1210.745 
1209.45 
1208.925 
1207.795 
1207.385 
1206.325 
1206.11 
1204.88 
1204.71 
1203.97 
1204.01 
1203.385 
1203.57 
1203.16 
1203.445 
1203.63 
1204.075 
1203.955 
1204.6 
1204.685 
1205.44 
1205.5 
1206.48 
1206.37 
1207.37 
1207.78 
1208.89 
1209.435 
1210.61 
1211.165 
1212.44 
1213.54 
1214.855 
1215.545 
1217.02 
1217.69 
1219.125 
1219.77 
1221.205 
1221.56 
1222.89 
1223.59 
1224.85 
1225.48 
1226.74 
1227.295 
1228.475 
1229.41 
1230.475 
1230.77 
1231.785 
1232.035 
1232.9 
1232.945 
1233.72 
1233.26 
1233.85 
1233.625 
1234.11 
1233.755 
1234.045 
1233.545 
1233.575 
1233.385 
1233.315 
1232.46 
1232.365 
1231.37 
1231.05 
1229.885 
1229.515 
1227.93 
1227.31 
1226.015 
1225.23 
1223.92 
1223.13 
1221.525 
1220.785 
1219.65 
1218.835 
1217.105 
1216.22 
1214.61 
1213.72 
1212.145 
1211.21 
1209.225 
1208.385 
1206.815 
1206.06 
1204.595 
1203.73 
1202.365 
1201.74 
1200.87 
1200.345 
1199.12 
1198.77 
1197.745 
1197.4 
1196.505 
1196.415 
1195.195 
1195.27 
1194.605 
1194.79 
1194.375 
1194.69 
1194.48 
1194.94 
1195.275 
1195.925 
1196.0 
1196.755 
1197.035 
1197.995 
1198.28 
1199.385 
1199.595 
1200.77 
1201.35 
1202.68 
1203.425 
1204.815 
1205.565 
1207.1 
1208.43 
1209.965 
1210.795 
1212.49 
1213.375 
1215.02 
1215.92 
1217.585 
1218.12 
1219.685 
1220.55 
1222.07 
1222.99 
1224.415 
1225.12 
1226.585 
1227.655 
1228.995 
1229.46 
1230.67 
1231.12 
1232.175 
1232.445 
1233.42 
1233.17 
1233.905 
1233.89 
1234.555 
1234.385 
1234.83 
1234.52 
1234.75 
1234.72 
1234.86 
1234.155 
1234.185 
1233.4 
1233.18 
1232.26 
1231.98 
1230.55 
1230.05 
1228.88 
1228.325 
1227.065 
1226.4 
1225.075 
1224.39 
1223.355 
1222.58 
1221.135 
1220.34 
1218.83 
1218.02 
1216.55 
1215.715 
1213.785 
1213.04 
1211.56 
1210.805 
1209.395 
1208.76 
1207.345 
1206.75 
1206.05 
1205.58 
1204.37 
1204.035 
1203.07 
1202.85 
1201.93 
1201.84 
1200.76 
1200.82 
1200.165 
1200.385 
1199.99 
1200.295 
1200.095 
1200.615 
1201.01 
1201.665 
1201.66 
1202.42 
1202.735 
1203.65 
1203.97 
1205.115 
1205.255 
1206.35 
1206.93 
1208.25 
1208.93 
1210.395 
1211.095 
1212.56 
1213.85 
1215.33 
1216.21 
1217.82 
1218.62 
1220.285 
1221.16 
1222.72 
1223.2 
1224.685 
1225.53 
1226.97 
1227.815 
1229.215 
1229.915 
1231.2 
1232.315 
1233.515 
1233.955 
1235.075 
1235.45 
1236.47 
1236.705 
1237.515 
1237.29 
1237.925 
1237.83 
1238.325 
1238.085 
1238.48 
1238.065 
1238.265 
1238.15 
1238.225 
1237.46 
1237.4 
1236.545 
1236.305 
1235.22 
1234.945 
1233.415 
1232.865 
1231.62 
1231.0 
1229.645 
1228.91 
1227.495 
1226.705 
1225.715 
1224.85 
1223.33 
1222.47 
1220.97 
1220.075 
1218.535 
1217.675 
1215.77 
1214.89 
1213.335 
1212.62 
1211.18 
1210.4 
1209.02 
1208.415 
1207.615 
1207.055 
1205.885 
1205.49 
1204.385 
1204.135 
1203.235 
1203.09 
1201.845 
1201.91 
1201.185 
1201.34 
1200.91 
1201.21 
1200.84 
1201.225 
1201.545 
1202.145 
1202.075 
1202.825 
1202.945 
1203.74 
1203.99 
1204.985 
1204.97 
1206.045 
1206.425 
1207.67 
1208.24 
1209.475 
1210.085 
1211.385 
1212.535 
1213.91 
1214.565 
1216.02 
1216.73 
1218.18 
1218.835 
1220.255 
1220.56 
1221.855 
1222.435 
1223.735 
1224.395 
1225.545 
1226.045 
1227.19 
1228.06 
1229.055 
1229.37 
1230.205 
1230.395 
1231.115 
1231.185 
1231.825 
1231.235 
1231.735 
1231.415 
1231.785 
1231.355 
1231.555 
1230.945 
1230.955 
1230.625 
1230.46 
1229.535 
1229.285 
1228.2 
1227.82 
1226.625 
1226.03 
1224.36 
1223.715 
1222.315 
1221.57 
1220.1 
1219.235 
1217.625 
1216.77 
1215.52 
1214.67 
1212.96 
1212.025 
1210.32 
1209.385 
1207.63 
1206.665 
1204.72 
1203.84 
1202.22 
1201.285 
1199.855 
1199.0 
1197.51 
1196.78 
1195.955 
1195.285 
1194.075 
1193.53 
1192.455 
1192.125 
1191.12 
1190.915 
1189.755 
1189.625 
1188.91 
1189.025 
1188.535 
1188.81 
1188.38 
1188.745 
1188.98 
1189.535 
1189.435 
1190.11 
1190.24 
1191.12 
1191.185 
1192.215 
1192.13 
1193.17 
1193.58 
1194.86 
1195.37 
1196.565 
1197.175 
1198.45 
1199.63 
1201.025 
1201.675 
1203.135 
1203.92 
1205.335 
1206.015 
1207.5 
1207.775 
1209.195 
1209.84 
1211.205 
1211.87 
1213.135 
1213.65 
1214.88 
1215.795 
1216.97 
1217.295 
1218.255 
1218.565 
1219.465 
1219.62 
1220.385 
1219.98 
1220.59 
1220.435 
1220.86 
1220.655 
1220.915 
1220.495 
1220.69 
1220.545 
1220.56 
1219.88 
1219.77 
1218.925 
1218.715 
1217.74 
1217.445 
1215.95 
1215.465 
1214.29 
1213.725 
1212.52 
1211.92 
1210.565 
1209.9 
1208.985 
1208.22 
1206.86 
1206.22 
1204.785 
1203.99 
1202.67 
1201.99 
1200.15 
1199.56 
1198.14 
1197.54 
1196.305 
1195.815 
1194.63 
1194.13 
1193.56 
1193.245 
1192.265 
1192.07 
1191.18 
1191.13 
1190.33 
1190.5 
1189.56 
1189.735 
1189.3 
1189.665 
1189.445 
1189.875 
1189.77 
1190.43 
1190.9 
1191.73 
1191.795 
1192.765 
1193.065 
1194.155 
1194.47 
1195.7 
1195.995 
1197.16 
1197.825 
1199.135 
1199.865 
1201.28 
1202.04 
1203.485 
1204.75 
1206.24 
1207.035 
1208.635 
1209.485 
1211.03 
1211.78 
1213.375 
1213.685 
