Run 0 on 20200811 on sample T20-5d, LT thermometer,  dT/T0 = 0.02
Time per point = 3.125e-05 seconds
569.375 
568.99 
569.425 
569.145 
569.5 
569.225 
569.61 
568.935 
569.235 
568.925 
569.29 
568.97 
569.385 
568.97 
569.305 
569.43 
569.745 
569.36 
569.75 
569.39 
569.735 
569.37 
569.685 
568.905 
569.255 
568.77 
569.06 
568.725 
569.025 
568.58 
568.865 
568.925 
569.205 
568.81 
569.1 
568.725 
569.03 
568.57 
568.85 
568.1 
568.33 
567.905 
568.195 
567.72 
568.02 
567.54 
567.82 
567.87 
568.17 
567.785 
568.02 
567.6 
567.915 
567.495 
567.9 
567.115 
567.325 
566.98 
567.24 
566.915 
567.205 
566.85 
567.185 
567.31 
567.665 
567.3 
567.66 
567.365 
567.69 
567.35 
567.705 
567.055 
567.46 
567.055 
567.455 
567.215 
567.475 
567.28 
567.715 
567.84 
568.26 
567.955 
568.415 
568.165 
568.545 
568.24 
568.74 
568.03 
568.48 
568.175 
568.565 
568.37 
568.79 
568.53 
568.91 
569.09 
569.525 
569.235 
569.695 
569.445 
569.795 
569.52 
569.945 
569.235 
569.63 
569.275 
569.64 
569.36 
569.705 
569.435 
569.8 
569.93 
570.255 
569.88 
570.265 
569.93 
570.325 
569.965 
570.26 
569.505 
569.845 
569.41 
569.705 
569.36 
569.655 
569.225 
569.58 
569.665 
569.87 
569.49 
569.825 
569.48 
569.68 
569.255 
569.535 
568.715 
568.92 
568.535 
568.875 
568.465 
568.67 
568.31 
568.53 
568.59 
568.83 
568.44 
568.735 
568.36 
568.635 
568.215 
568.595 
567.735 
567.99 
567.645 
567.92 
567.585 
567.885 
567.47 
567.85 
567.92 
568.21 
567.835 
568.245 
567.875 
568.16 
567.89 
568.19 
567.495 
567.905 
567.535 
567.88 
567.59 
567.895 
567.635 
567.975 
568.21 
568.55 
568.19 
568.595 
568.32 
568.735 
568.505 
568.855 
568.11 
568.53 
568.19 
568.615 
568.35 
568.705 
568.42 
568.795 
569.0 
569.355 
568.97 
569.385 
569.135 
569.49 
569.165 
569.58 
568.84 
569.165 
568.805 
569.165 
568.925 
569.22 
568.81 
569.14 
569.22 
569.515 
569.075 
569.435 
569.1 
569.395 
568.98 
569.26 
568.465 
568.725 
568.335 
568.475 
568.115 
568.35 
567.915 
568.155 
568.25 
568.43 
568.0 
568.23 
567.85 
568.1 
567.65 
567.86 
567.005 
567.22 
566.705 
567.0 
566.51 
566.79 
566.27 
566.565 
566.525 
566.795 
566.295 
566.63 
566.27 
566.445 
565.97 
566.295 
565.44 
565.7 
565.26 
565.545 
565.185 
565.445 
564.99 
565.31 
565.46 
565.665 
565.325 
565.715 
565.325 
565.625 
565.27 
565.6 
564.805 
565.175 
564.83 
565.18 
564.855 
565.135 
564.87 
565.2 
565.31 
565.685 
565.345 
565.75 
565.465 
565.83 
565.515 
565.93 
565.17 
565.52 
565.23 
565.61 
565.325 
565.72 
565.45 
565.805 
565.975 
566.28 
565.96 
566.345 
566.03 
566.405 
566.045 
566.39 
565.73 
566.045 
565.67 
566.05 
565.72 
566.08 
565.645 
565.99 
566.07 
566.35 
565.99 
566.34 
565.91 
566.2 
565.875 
566.115 
565.34 
565.63 
565.185 
565.465 
565.075 
565.365 
564.93 
565.2 
565.215 
565.46 
565.065 
565.34 
564.965 
565.18 
564.765 
564.985 
564.19 
564.375 
563.97 
564.28 
563.835 
564.05 
563.735 
563.905 
563.94 
564.195 
563.755 
564.045 
563.645 
563.975 
563.54 
563.84 
563.025 
563.3 
562.915 
563.225 
562.87 
563.135 
562.775 
563.15 
563.22 
563.535 
563.105 
563.46 
563.195 
563.545 
563.205 
563.525 
562.83 
563.195 
562.82 
563.185 
562.895 
563.225 
563.0 
563.335 
563.465 
563.765 
563.52 
563.925 
563.72 
564.045 
563.815 
564.13 
563.42 
563.785 
563.59 
563.89 
563.595 
564.03 
563.74 
564.035 
564.265 
564.58 
564.255 
564.69 
564.39 
564.715 
564.36 
564.72 
563.97 
564.335 
563.995 
564.27 
563.895 
564.235 
563.83 
564.145 
564.265 
564.48 
564.1 
564.385 
563.96 
564.24 
563.82 
564.065 
563.19 
563.415 
563.02 
563.215 
562.77 
562.95 
562.465 
562.62 
562.63 
562.8 
562.285 
562.475 
562.025 
562.18 
561.56 
561.77 
561.03 
561.125 
560.54 
560.825 
560.21 
560.325 
559.755 
559.86 
559.795 
559.975 
559.295 
559.545 
558.915 
559.055 
558.475 
558.575 
557.655 
557.75 
557.165 
557.285 
556.685 
556.805 
556.175 
556.31 
556.135 
556.29 
555.69 
555.79 
555.165 
555.315 
554.66 
554.73 
553.79 
553.845 
553.18 
553.265 
552.645 
552.69 
551.995 
552.05 
551.79 
551.855 
551.205 
551.17 
550.49 
550.54 
549.805 
549.735 
548.645 
548.565 
547.8 
547.72 
547.01 
546.91 
546.115 
546.005 
545.62 
545.49 
544.7 
544.505 
543.68 
543.46 
542.59 
542.4 
541.065 
540.87 
539.9 
539.665 
538.64 
538.37 
537.27 
537.0 
536.43 
536.08 
535.035 
534.66 
533.55 
533.27 
532.07 
531.68 
530.17 
529.74 
528.535 
528.11 
526.88 
526.345 
525.215 
524.705 
523.97 
523.47 
522.14 
521.64 
520.42 
519.855 
518.515 
517.96 
516.395 
515.775 
514.48 
513.92 
512.585 
512.06 
510.76 
510.095 
509.245 
508.635 
507.32 
506.725 
505.415 
504.775 
503.45 
502.815 
501.125 
500.56 
499.17 
498.505 
497.225 
496.74 
495.27 
494.72 
493.81 
493.23 
491.95 
491.26 
490.01 
489.375 
488.135 
487.485 
485.925 
485.33 
483.995 
483.385 
482.095 
481.43 
480.12 
479.555 
478.73 
478.12 
476.76 
476.125 
474.905 
474.365 
472.915 
472.4 
470.815 
470.125 
468.825 
468.19 
466.945 
466.31 
464.955 
464.285 
463.51 
462.905 
461.465 
460.92 
459.57 
459.015 
457.62 
456.97 
455.34 
454.73 
453.305 
452.645 
451.335 
450.615 
449.34 
448.66 
447.76 
447.085 
445.63 
445.03 
443.575 
442.92 
441.54 
440.895 
439.12 
438.435 
436.97 
436.305 
434.87 
434.12 
432.75 
432.13 
431.19 
430.505 
429.09 
428.34 
426.96 
426.29 
424.905 
424.215 
422.475 
421.765 
420.38 
419.665 
418.295 
417.66 
416.185 
415.555 
414.75 
414.04 
412.64 
412.015 
410.75 
410.06 
408.75 
408.18 
406.5 
405.8 
404.565 
403.945 
402.655 
402.115 
400.81 
400.255 
399.485 
398.88 
397.675 
397.155 
395.995 
395.43 
394.21 
393.7 
392.08 
391.58 
390.385 
389.925 
388.775 
388.25 
387.12 
386.64 
385.895 
385.47 
384.325 
383.87 
382.76 
382.365 
381.17 
380.78 
379.25 
378.74 
377.65 
377.23 
376.125 
375.68 
374.6 
374.16 
373.49 
373.03 
371.98 
371.54 
370.485 
370.015 
368.835 
368.455 
366.945 
366.515 
365.41 
364.945 
363.86 
363.365 
362.315 
361.825 
361.07 
360.6 
359.465 
359.05 
357.91 
357.41 
356.28 
355.76 
354.175 
353.665 
352.515 
352.04 
350.905 
350.365 
349.205 
348.77 
347.995 
347.47 
346.28 
345.845 
344.63 
344.155 
342.895 
342.49 
340.8 
340.34 
339.175 
338.665 
337.5 
337.025 
335.83 
335.41 
334.675 
334.24 
333.02 
332.625 
331.475 
331.045 
329.9 
329.505 
327.96 
327.565 
326.455 
326.05 
324.975 
324.565 
323.46 
323.065 
322.48 
322.105 
321.005 
320.735 
319.71 
319.395 
318.31 
318.06 
316.665 
316.3 
315.34 
314.985 
314.105 
313.745 
312.77 
312.53 
312.03 
311.69 
310.695 
310.46 
309.685 
309.415 
308.375 
308.16 
306.88 
306.595 
305.71 
305.45 
304.56 
304.3 
303.355 
303.15 
302.675 
302.48 
301.47 
301.325 
300.44 
300.195 
299.235 
299.01 
297.61 
297.48 
296.425 
296.225 
295.32 
295.065 
294.12 
293.915 
293.345 
293.07 
292.175 
291.89 
290.985 
290.69 
289.705 
289.38 
288.025 
287.75 
286.765 
286.38 
285.465 
285.09 
284.165 
283.865 
283.26 
283.005 
281.91 
281.635 
280.68 
280.355 
279.295 
279.075 
277.69 
277.335 
276.335 
275.96 
274.92 
274.635 
273.595 
273.27 
272.765 
272.505 
271.345 
271.15 
270.18 
269.78 
268.81 
268.56 
267.16 
266.88 
265.87 
265.6 
264.655 
264.375 
263.405 
263.19 
262.68 
262.44 
261.515 
261.265 
260.38 
260.22 
259.27 
259.05 
257.75 
257.57 
256.615 
256.52 
255.635 
255.53 
254.64 
254.375 
254.025 
253.82 
253.0 
252.905 
252.045 
251.945 
251.125 
250.945 
249.685 
249.545 
248.775 
248.575 
247.825 
247.66 
246.845 
246.73 
246.44 
246.295 
245.49 
245.325 
244.545 
244.395 
243.575 
243.48 
242.285 
242.14 
241.295 
241.165 
240.29 
240.14 
239.325 
239.2 
238.845 
238.635 
237.795 
237.61 
236.84 
236.62 
235.765 
235.56 
234.34 
234.055 
233.165 
232.98 
232.115 
231.875 
230.975 
230.785 
230.29 
230.12 
229.215 
228.97 
228.125 
227.905 
226.895 
226.67 
225.35 
225.145 
224.185 
223.95 
223.055 
222.81 
221.895 
221.615 
221.27 
220.985 
220.005 
219.84 
218.96 
218.705 
217.765 
217.64 
216.29 
216.1 
215.225 
215.0 
214.225 
213.975 
213.165 
212.96 
212.595 
212.345 
211.56 
211.365 
210.6 
210.495 
209.605 
209.49 
208.315 
208.25 
207.415 
207.375 
206.54 
206.445 
205.72 
205.625 
205.255 
205.26 
204.49 
204.41 
203.75 
203.67 
203.005 
202.94 
201.795 
201.76 
201.045 
200.985 
200.345 
200.235 
199.645 
199.57 
199.365 
199.26 
198.645 
198.585 
197.975 
197.895 
197.24 
197.15 
196.01 
196.065 
195.25 
195.215 
194.515 
194.485 
193.69 
193.68 
193.32 
193.305 
192.575 
192.525 
191.76 
191.695 
190.935 
190.86 
189.66 
189.525 
188.715 
188.585 
187.815 
187.62 
186.84 
186.715 
186.38 
186.205 
185.395 
185.25 
184.455 
184.305 
183.43 
183.33 
181.99 
181.84 
181.0 
180.8 
179.985 
179.79 
178.98 
178.735 
178.385 
178.18 
177.33 
177.265 
176.44 
176.24 
175.455 
175.36 
173.945 
173.83 
173.09 
172.89 
172.14 
172.0 
171.225 
171.185 
170.835 
170.685 
169.97 
169.86 
169.205 
169.035 
168.355 
168.31 
167.14 
167.095 
166.32 
166.385 
165.71 
165.64 
165.005 
165.05 
164.79 
164.86 
164.185 
164.21 
163.61 
163.665 
163.015 
163.115 
162.105 
162.06 
161.49 
161.54 
161.01 
161.095 
160.52 
160.58 
160.43 
160.545 
159.97 
160.06 
159.55 
159.635 
159.055 
159.095 
158.11 
158.185 
157.57 
157.65 
157.105 
157.145 
156.575 
156.665 
156.44 
156.52 
155.92 
155.98 
155.4 
155.4 
154.775 
154.785 
153.7 
153.745 
153.08 
153.045 
152.455 
152.385 
151.765 
151.735 
151.475 
151.455 
150.725 
150.735 
150.1 
150.025 
149.32 
149.24 
148.09 
148.085 
147.35 
147.295 
146.54 
146.465 
145.75 
145.705 
145.42 
145.355 
144.6 
144.535 
143.895 
143.85 
143.13 
143.125 
141.905 
141.865 
141.11 
141.085 
140.43 
140.4 
139.735 
139.735 
139.535 
139.52 
138.86 
138.81 
138.315 
138.305 
137.64 
137.71 
136.65 
136.775 
136.1 
136.205 
135.615 
135.7 
135.095 
135.21 
135.1 
135.215 
134.72 
134.835 
134.285 
134.415 
133.96 
134.125 
133.185 
133.315 
132.79 
133.005 
132.565 
132.72 
132.26 
132.355 
132.375 
132.535 
132.065 
132.305 
131.86 
132.02 
131.53 
131.76 
130.835 
130.985 
130.52 
130.695 
130.25 
130.415 
129.895 
130.1 
130.02 
130.1 
129.615 
129.845 
129.255 
129.465 
128.865 
129.02 
127.995 
128.165 
127.605 
127.675 
127.15 
127.19 
126.64 
126.73 
126.61 
126.62 
126.065 
126.145 
125.56 
125.635 
124.97 
125.03 
124.045 
124.11 
123.33 
123.435 
122.775 
122.86 
122.14 
122.16 
121.965 
122.06 
121.36 
121.445 
120.835 
120.82 
120.255 
120.245 
119.155 
119.27 
118.62 
118.615 
118.08 
118.095 
117.435 
117.565 
117.425 
117.45 
116.86 
117.025 
116.435 
116.515 
116.015 
116.01 
115.14 
115.24 
114.62 
114.885 
114.295 
114.46 
113.885 
114.055 
113.995 
114.2 
113.595 
113.835 
113.4 
113.575 
113.065 
113.26 
112.355 
112.55 
112.045 
112.25 
111.8 
112.02 
111.54 
111.75 
111.735 
111.94 
111.505 
111.725 
111.245 
111.46 
111.0 
111.2 
110.225 
110.51 
109.945 
110.11 
109.72 
109.88 
109.375 
109.51 
109.48 
109.64 
109.105 
109.2 
108.765 
108.9 
108.385 
108.465 
107.515 
107.635 
107.03 
107.2 
106.665 
106.64 
106.12 
106.2 
105.995 
106.035 
105.52 
105.53 
104.98 
105.06 
104.5 
104.495 
103.41 
103.43 
102.845 
102.83 
102.295 
102.24 
101.62 
101.62 
101.475 
101.465 
100.81 
100.85 
100.24 
100.315 
99.615 
99.725 
98.57 
98.695 
98.02 
98.07 
97.56 
97.55 
97.0 
97.03 
96.885 
97.0 
96.45 
96.515 
95.96 
96.07 
95.45 
95.57 
94.655 
94.805 
94.19 
94.375 
93.91 
94.06 
93.505 
93.675 
93.635 
93.83 
93.31 
93.575 
93.065 
93.29 
92.885 
93.06 
92.14 
92.435 
91.935 
92.16 
91.715 
91.945 
91.53 
91.8 
91.77 
91.96 
91.58 
91.805 
91.455 
91.66 
91.23 
91.52 
90.61 
90.84 
90.415 
90.665 
90.235 
90.41 
89.97 
90.18 
90.18 
90.32 
89.86 
90.09 
89.64 
89.785 
89.285 
89.53 
88.61 
88.745 
88.24 
88.43 
87.945 
88.045 
87.505 
87.61 
87.58 
87.715 
87.085 
87.325 
86.78 
86.93 
86.35 
86.455 
85.42 
85.49 
84.975 
85.065 
84.61 
84.66 
84.135 
84.205 
84.115 
84.25 
83.64 
83.83 
83.315 
83.395 
82.87 
83.085 
82.07 
82.165 
81.68 
81.77 
81.36 
81.49 
80.97 
81.215 
81.105 
81.315 
80.86 
81.075 
80.69 
80.965 
80.4 
80.655 
79.805 
80.03 
79.55 
79.81 
79.475 
79.655 
79.3 
79.64 
79.665 
79.94 
79.52 
79.855 
79.55 
79.835 
79.435 
79.8 
79.05 
79.275 
78.97 
79.385 
79.02 
79.32 
78.975 
79.33 
79.42 
79.81 
79.42 
79.765 
79.435 
79.77 
79.41 
79.7 
79.07 
79.41 
79.025 
79.375 
78.975 
79.31 
78.9 
79.215 
79.245 
79.545 
79.125 
79.425 
79.025 
79.295 
78.88 
79.135 
78.325 
78.555 
78.04 
78.305 
77.85 
78.055 
77.605 
77.875 
77.76 
78.025 
77.5 
77.67 
77.195 
77.425 
76.835 
77.095 
76.21 
76.255 
75.84 
75.975 
75.55 
75.665 
75.1 
75.22 
75.245 
75.41 
74.83 
75.06 
74.5 
74.62 
74.13 
74.365 
73.435 
73.595 
73.16 
73.335 
72.87 
73.115 
72.51 
72.745 
72.72 
73.005 
72.495 
72.735 
72.3 
72.555 
72.12 
72.455 
71.6 
71.84 
71.45 
71.705 
71.34 
71.63 
71.235 
71.485 
71.61 
71.915 
71.51 
71.895 
71.545 
71.845 
71.485 
71.87 
71.13 
71.455 
71.11 
71.435 
71.14 
71.45 
71.1 
71.41 
71.545 
71.93 
71.505 
71.92 
71.55 
71.925 
71.565 
71.9 
71.125 
71.51 
71.055 
71.345 
71.03 
71.35 
70.745 
71.125 
71.22 
71.48 
71.005 
71.305 
70.81 
71.05 
70.615 
70.82 
70.06 
70.26 
69.63 
69.9 
69.44 
69.585 
68.99 
69.27 
69.26 
69.425 
68.8 
68.99 
68.445 
68.66 
68.025 
68.155 
67.305 
67.465 
66.85 
66.995 
66.41 
66.575 
65.935 
66.135 
65.97 
66.125 
65.51 
65.75 
65.195 
65.3 
64.725 
64.98 
63.93 
64.095 
63.615 
63.73 
63.26 
63.44 
62.9 
63.095 
63.095 
63.275 
62.745 
63.03 
62.505 
62.795 
62.31 
62.55 
61.775 
62.03 
61.57 
61.855 
61.44 
61.735 
61.3 
61.595 
61.705 
62.045 
61.57 
61.93 
61.625 
61.985 
61.51 
61.895 
61.255 
61.64 
61.155 
61.59 
61.215 
61.545 
61.2 
61.585 
61.68 
62.14 
61.655 
62.115 
61.77 
62.065 
61.71 
62.125 
61.365 
61.76 
61.33 
61.685 
61.385 
61.675 
61.31 
61.555 
61.66 
61.92 
61.555 
61.825 
61.415 
61.645 
61.2 
61.485 
60.665 
60.955 
60.385 
60.665 
60.205 
60.41 
59.96 
60.19 
60.095 
60.33 
59.75 
59.98 
59.45 
59.67 
59.12 
59.325 
58.44 
58.645 
58.04 
58.195 
57.66 
57.815 
57.265 
57.455 
57.405 
57.585 
56.95 
57.235 
56.765 
56.845 
56.36 
56.615 
55.675 
55.94 
55.34 
55.52 
55.115 
55.32 
54.8 
55.01 
55.075 
55.3 
54.79 
55.125 
54.7 
54.985 
54.57 
54.805 
54.135 
54.365 
54.0 
54.365 
53.975 
54.32 
53.895 
54.23 
54.31 
54.745 
54.32 
54.635 
54.415 
54.82 
54.43 
54.87 
54.195 
54.515 
54.17 
54.515 
54.29 
54.625 
54.325 
54.685 
54.87 
55.255 
54.945 
55.4 
55.035 
55.435 
55.125 
55.49 
54.68 
55.155 
54.75 
55.08 
54.785 
55.065 
54.78 
55.125 
55.225 
55.49 
55.085 
55.425 
55.105 
55.35 
54.955 
55.26 
54.375 
54.67 
54.235 
54.495 
54.065 
54.29 
53.87 
54.095 
54.14 
54.31 
53.88 
54.1 
53.63 
53.845 
53.4 
53.595 
52.69 
52.86 
52.38 
52.615 
52.12 
52.3 
51.85 
52.02 
51.97 
52.21 
51.685 
51.915 
51.44 
51.67 
51.255 
51.45 
50.585 
50.75 
50.34 
50.56 
50.125 
50.5 
49.99 
50.3 
50.295 
50.58 
50.245 
50.47 
50.18 
50.43 
50.145 
50.395 
49.6 
49.9 
49.61 
49.92 
49.635 
50.015 
49.71 
50.065 
50.21 
50.6 
50.28 
50.665 
50.485 
50.805 
50.54 
50.97 
50.225 
50.585 
50.34 
50.705 
50.48 
50.905 
50.625 
50.98 
51.25 
51.545 
51.35 
51.75 
51.415 
51.835 
51.51 
51.965 
51.21 
51.62 
51.22 
51.68 
51.32 
51.73 
51.295 
51.66 
51.75 
52.05 
51.695 
51.99 
51.62 
51.94 
51.525 
51.865 
50.99 
51.225 
50.815 
51.085 
50.66 
50.9 
50.53 
50.69 
50.675 
50.955 
50.475 
50.63 
50.245 
50.405 
49.985 
50.185 
49.265 
49.41 
48.965 
49.145 
48.715 
48.885 
48.48 
48.615 
48.58 
48.765 
48.26 
48.475 
48.09 
48.25 
47.825 
47.995 
47.175 
47.31 
46.93 
47.14 
46.76 
46.995 
46.57 
46.78 
46.9 
47.075 
46.71 
47.045 
46.68 
46.895 
46.54 
46.875 
46.03 
46.365 
45.945 
46.32 
45.995 
46.26 
45.96 
46.365 
46.485 
46.825 
46.565 
46.835 
46.6 
46.96 
46.645 
47.01 
46.245 
46.66 
46.37 
46.715 
46.44 
46.805 
46.48 
46.84 
47.025 
47.415 
47.075 
47.48 
47.145 
47.49 
47.295 
47.635 
46.86 
47.135 
46.745 
47.09 
46.805 
47.065 
46.76 
46.985 
47.11 
47.305 
46.9 
47.275 
46.845 
47.145 
46.72 
46.96 
46.05 
46.36 
45.9 
46.12 
45.655 
45.805 
45.42 
45.62 
45.57 
45.735 
45.29 
45.52 
45.035 
45.23 
44.645 
44.875 
44.095 
44.19 
43.735 
43.955 
43.415 
43.56 
42.96 
43.2 
43.19 
43.435 
42.82 
43.035 
42.59 
42.74 
42.175 
42.435 
41.57 
41.865 
41.275 
41.485 
41.075 
41.405 
40.89 
41.18 
41.17 
41.475 
40.98 
41.29 
40.885 
41.205 
40.775 
41.13 
40.45 
40.695 
40.25 
40.645 
40.295 
40.635 
40.25 
40.695 
40.785 
41.205 
40.8 
41.195 
40.935 
41.28 
40.99 
41.395 
40.64 
40.985 
40.715 
41.18 
40.87 
41.28 
40.965 
41.395 
41.545 
41.93 
41.62 
42.085 
41.775 
42.085 
41.855 
42.215 
41.615 
41.955 
41.515 
41.91 
41.59 
41.98 
41.54 
41.92 
42.025 
42.365 
41.92 
42.275 
41.89 
42.2 
41.8 
42.105 
41.36 
41.635 
41.165 
41.47 
41.04 
41.295 
40.85 
41.135 
41.175 
41.42 
40.965 
41.16 
40.805 
40.975 
40.58 
40.81 
39.935 
40.14 
39.715 
39.945 
39.515 
39.71 
39.275 
39.475 
39.48 
39.745 
39.285 
39.555 
39.145 
39.39 
38.895 
39.205 
38.28 
38.605 
38.245 
38.39 
38.155 
38.375 
37.935 
38.29 
38.385 
38.715 
38.33 
38.655 
38.32 
38.67 
38.32 
38.755 
38.09 
38.46 
38.035 
38.425 
38.095 
38.465 
38.175 
38.65 
38.765 
39.225 
38.85 
39.295 
39.025 
39.575 
39.195 
39.695 
38.995 
39.495 
39.155 
39.57 
39.36 
39.83 
39.525 
39.93 
40.155 
40.6 
40.38 
40.765 
40.51 
40.92 
40.66 
41.155 
40.425 
40.84 
40.56 
40.925 
40.665 
41.03 
40.705 
41.12 
41.195 
41.6 
41.26 
41.625 
41.365 
41.62 
41.275 
41.62 
40.835 
41.095 
40.705 
41.035 
40.68 
40.9 
40.595 
40.925 
40.935 
41.205 
40.725 
41.005 
40.67 
40.825 
40.51 
40.68 
39.815 
40.06 
39.605 
39.82 
39.385 
39.645 
39.17 
39.44 
39.455 
39.695 
39.215 
39.47 
39.105 
39.315 
38.85 
39.13 
38.245 
38.53 
38.115 
38.365 
38.0 
38.225 
37.855 
38.18 
38.2 
38.485 
38.15 
38.505 
38.14 
38.395 
38.145 
38.42 
37.665 
37.97 
37.655 
37.98 
37.735 
38.11 
37.835 
38.18 
38.25 
38.685 
38.365 
38.775 
38.555 
38.92 
38.645 
39.035 
38.345 
38.66 
38.45 
38.845 
38.565 
38.965 
38.7 
39.065 
39.37 
39.705 
39.4 
39.87 
39.555 
39.985 
39.725 
40.045 
39.41 
39.805 
39.4 
39.8 
39.505 
39.885 
39.485 
39.86 
40.015 
40.295 
39.88 
40.26 
39.88 
40.235 
39.815 
40.14 
39.32 
39.66 
39.19 
39.46 
39.075 
39.3 
38.905 
39.185 
39.24 
39.44 
38.95 
39.18 
38.81 
39.065 
38.515 
38.87 
37.92 
38.16 
37.73 
37.91 
37.51 
37.685 
37.26 
37.47 
37.405 
37.68 
37.13 
37.425 
37.015 
37.25 
36.81 
37.08 
36.185 
36.46 
36.02 
36.205 
35.885 
36.1 
35.8 
35.97 
36.07 
36.355 
35.935 
36.28 
35.98 
36.26 
35.885 
36.195 
35.465 
35.78 
35.395 
35.78 
35.435 
35.825 
35.49 
35.87 
36.01 
36.47 
36.09 
36.525 
36.235 
36.595 
36.37 
36.8 
36.045 
36.475 
36.135 
36.59 
36.345 
36.73 
36.365 
36.8 
37.02 
37.45 
37.13 
37.58 
37.305 
37.675 
37.42 
37.755 
37.1 
37.43 
37.145 
37.515 
37.225 
37.595 
37.25 
37.56 
37.725 
38.02 
37.7 
38.06 
37.675 
38.06 
37.6 
37.925 
37.15 
37.385 
37.03 
37.28 
36.91 
37.135 
36.79 
37.025 
37.055 
37.255 
36.84 
37.07 
36.705 
36.815 
36.51 
36.735 
35.885 
36.105 
35.57 
35.85 
35.37 
35.6 
35.14 
35.375 
35.335 
35.69 
35.16 
35.425 
35.01 
35.25 
34.82 
35.11 
34.22 
34.56 
34.125 
34.37 
34.0 
34.32 
33.92 
34.245 
34.29 
34.625 
34.245 
34.595 
34.31 
34.615 
34.26 
34.67 
33.9 
34.27 
33.925 
34.34 
34.05 
34.43 
34.115 
34.61 
34.75 
35.135 
34.945 
35.32 
35.125 
35.555 
35.3 
35.76 
35.045 
35.48 
35.26 
35.685 
35.42 
35.87 
35.675 
36.085 
36.355 
36.695 
36.5 
36.93 
36.685 
37.15 
36.93 
37.335 
36.565 
37.055 
36.72 
37.055 
36.815 
37.205 
36.905 
37.325 
37.375 
37.74 
37.49 
37.805 
37.58 
37.825 
37.47 
37.865 
37.035 
37.425 
37.035 
37.3 
36.935 
37.23 
36.915 
37.11 
37.16 
37.415 
37.035 
37.255 
36.975 
37.175 
36.84 
37.0 
36.15 
36.32 
35.96 
36.175 
35.745 
36.015 
35.59 
35.835 
35.86 
36.095 
35.685 
35.935 
35.53 
35.775 
35.33 
35.665 
34.775 
35.035 
34.705 
34.945 
34.585 
34.88 
34.475 
34.765 
34.885 
35.145 
34.805 
35.2 
34.85 
35.235 
34.85 
35.17 
34.61 
35.01 
34.62 
35.01 
34.695 
35.07 
34.785 
35.19 
35.39 
35.835 
35.45 
35.91 
35.65 
36.105 
35.785 
36.305 
35.625 
36.095 
35.725 
36.195 
35.985 
36.42 
36.125 
36.565 
36.81 
37.28 
36.94 
37.43 
37.12 
37.53 
37.34 
37.695 
37.08 
37.53 
37.15 
37.545 
37.285 
37.71 
37.37 
37.735 
37.865 
38.225 
37.875 
38.23 
37.885 
38.305 
37.935 
38.285 
37.445 
37.785 
37.41 
37.67 
37.325 
37.585 
37.175 
37.42 
37.49 
37.73 
37.28 
37.595 
37.165 
37.415 
37.01 
37.225 
36.46 
36.725 
36.14 
36.485 
35.97 
36.255 
35.725 
35.99 
36.0 
36.305 
35.695 
35.995 
35.545 
35.805 
35.305 
35.63 
34.845 
35.08 
34.595 
34.91 
34.475 
34.725 
34.305 
34.675 
34.725 
35.02 
34.585 
34.94 
34.62 
34.915 
34.555 
34.96 
34.205 
34.595 
34.11 
34.55 
34.25 
34.64 
34.275 
34.65 
34.85 
35.225 
34.885 
35.31 
35.13 
35.465 
35.13 
35.55 
34.895 
35.365 
35.01 
35.47 
35.165 
35.57 
35.305 
35.71 
35.94 
36.34 
36.07 
36.425 
36.215 
36.555 
36.325 
36.595 
36.085 
36.455 
36.06 
36.46 
36.14 
36.495 
36.1 
36.45 
36.685 
36.965 
36.495 
36.895 
36.53 
36.825 
36.41 
36.775 
36.0 
36.355 
35.805 
36.17 
35.71 
35.985 
35.53 
35.8 
35.815 
36.025 
35.57 
35.815 
35.46 
35.66 
35.245 
35.475 
34.605 
34.875 
34.315 
34.635 
34.14 
34.355 
33.96 
34.175 
34.17 
34.385 
33.98 
34.21 
33.815 
34.05 
33.6 
33.87 
33.04 
33.29 
32.89 
33.12 
32.75 
33.015 
32.64 
32.89 
33.03 
33.355 
32.975 
33.33 
33.07 
33.37 
33.04 
33.295 
32.615 
32.975 
32.625 
33.01 
32.71 
33.04 
32.685 
33.125 
33.335 
33.705 
33.425 
33.83 
33.565 
33.97 
33.655 
34.085 
33.455 
33.835 
33.56 
34.005 
33.77 
34.195 
33.86 
34.375 
34.55 
34.925 
34.655 
35.12 
34.84 
35.185 
34.97 
35.425 
34.685 
35.07 
34.7 
35.075 
34.82 
35.19 
34.87 
35.19 
35.345 
35.66 
35.315 
35.63 
35.355 
35.67 
35.345 
35.62 
34.82 
35.095 
34.705 
34.96 
34.605 
34.82 
34.405 
34.72 
34.755 
35.01 
34.6 
34.855 
34.48 
34.7 
34.265 
34.57 
33.7 
33.97 
33.47 
33.725 
33.25 
33.55 
33.0 
33.29 
33.295 
33.6 
33.035 
33.405 
32.965 
33.235 
32.765 
33.095 
32.265 
32.545 
32.13 
32.465 
32.095 
32.41 
32.045 
32.345 
32.45 
32.8 
32.43 
32.785 
32.495 
32.895 
32.535 
32.88 
32.12 
32.57 
32.265 
32.67 
32.415 
32.84 
32.555 
32.96 
33.105 
33.62 
33.32 
33.79 
33.56 
33.985 
33.74 
34.185 
33.495 
33.92 
33.75 
34.2 
33.945 
34.445 
34.1 
34.67 
34.885 
35.27 
34.985 
35.45 
35.25 
35.67 
35.45 
35.845 
35.125 
35.615 
35.19 
35.595 
35.32 
35.745 
35.4 
35.76 
35.935 
36.255 
35.92 
36.22 
35.925 
36.225 
35.86 
36.21 
35.425 
35.725 
35.275 
35.625 
35.205 
35.495 
35.09 
35.42 
35.44 
35.655 
35.21 
35.47 
35.065 
35.3 
34.915 
35.175 
34.26 
34.415 
34.065 
34.28 
33.885 
34.1 
33.62 
33.86 
33.86 
34.15 
33.705 
33.925 
33.53 
33.78 
33.36 
33.69 
32.84 
33.08 
32.655 
32.91 
32.6 
32.91 
32.46 
32.825 
32.9 
33.13 
32.845 
33.195 
32.89 
33.19 
32.88 
33.235 
32.54 
32.925 
32.605 
32.995 
32.68 
33.06 
32.82 
33.245 
33.33 
33.765 
33.44 
33.98 
33.69 
34.09 
33.895 
34.33 
33.595 
34.065 
33.815 
34.245 
34.01 
34.43 
34.16 
34.535 
34.775 
35.155 
34.94 
35.39 
35.185 
35.495 
35.29 
35.65 
34.91 
35.305 
35.015 
35.39 
35.1 
35.415 
35.085 
35.445 
35.51 
35.86 
35.555 
35.87 
35.505 
35.795 
35.445 
35.7 
34.895 
35.16 
34.76 
35.01 
34.64 
34.82 
34.425 
34.685 
34.69 
34.9 
34.47 
34.76 
34.3 
34.49 
34.06 
34.295 
33.325 
33.53 
33.105 
33.29 
32.855 
33.005 
32.6 
32.805 
32.8 
33.04 
32.62 
32.81 
32.405 
32.585 
32.205 
32.5 
31.565 
31.84 
31.43 
31.71 
31.315 
31.655 
31.265 
31.575 
31.6 
31.87 
31.53 
31.88 
31.605 
31.915 
31.61 
31.945 
31.17 
31.545 
31.165 
31.61 
31.28 
31.67 
31.39 
31.805 
31.995 
32.4 
32.11 
32.475 
32.31 
32.68 
32.455 
32.88 
32.175 
32.555 
32.345 
32.745 
32.525 
32.93 
32.655 
33.095 
33.28 
33.705 
33.455 
33.89 
33.59 
34.01 
33.705 
34.17 
33.46 
33.91 
33.515 
33.93 
33.615 
34.02 
33.565 
33.985 
34.13 
34.41 
33.96 
34.38 
34.04 
34.315 
33.93 
34.18 
33.445 
