Run 0 on 20200811 on sample T20-5d, LT thermometer,  dT/T0 = 0.02
Time per point = 3.125e-05 seconds
-3111.715 
-3112.145 
-3111.685 
-3112.015 
-3111.66 
-3112.045 
-3111.715 
-3112.385 
-3112.0 
-3112.44 
-3112.115 
-3112.46 
-3112.095 
-3112.48 
-3112.125 
-3112.11 
-3111.795 
-3112.25 
-3111.855 
-3112.22 
-3111.905 
-3112.305 
-3112.0 
-3112.825 
-3112.465 
-3112.85 
-3112.585 
-3112.895 
-3112.61 
-3113.035 
-3112.65 
-3112.59 
-3112.28 
-3112.575 
-3112.34 
-3112.655 
-3112.33 
-3112.655 
-3112.26 
-3112.875 
-3112.575 
-3112.925 
-3112.445 
-3112.78 
-3112.33 
-3112.62 
-3112.115 
-3111.975 
-3111.4 
-3111.67 
-3111.12 
-3111.34 
-3110.725 
-3110.93 
-3110.38 
-3110.86 
-3110.3 
-3110.365 
-3109.815 
-3109.855 
-3109.21 
-3109.32 
-3108.65 
-3108.21 
-3107.57 
-3107.58 
-3106.94 
-3106.905 
-3106.215 
-3106.235 
-3105.575 
-3105.985 
-3105.33 
-3105.305 
-3104.625 
-3104.705 
-3104.085 
-3104.085 
-3103.42 
-3103.04 
-3102.415 
-3102.5 
-3101.86 
-3101.915 
-3101.31 
-3101.485 
-3100.895 
-3101.455 
-3100.84 
-3101.065 
-3100.565 
-3100.645 
-3100.155 
-3100.37 
-3099.86 
-3099.63 
-3099.165 
-3099.385 
-3098.92 
-3099.155 
-3098.75 
-3099.025 
-3098.575 
-3099.265 
-3098.835 
-3099.095 
-3098.775 
-3099.045 
-3098.67 
-3098.94 
-3098.59 
-3098.47 
-3098.12 
-3098.44 
-3098.08 
-3098.38 
-3097.975 
-3098.41 
-3098.03 
-3098.805 
-3098.445 
-3098.78 
-3098.465 
-3098.845 
-3098.46 
-3098.85 
-3098.54 
-3098.4 
-3098.085 
-3098.425 
-3098.11 
-3098.34 
-3098.075 
-3098.37 
-3098.01 
-3098.69 
-3098.355 
-3098.68 
-3098.28 
-3098.575 
-3098.145 
-3098.46 
-3098.02 
-3097.84 
-3097.415 
-3097.65 
-3097.225 
-3097.415 
-3096.955 
-3097.2 
-3096.68 
-3097.23 
-3096.78 
-3096.96 
-3096.43 
-3096.545 
-3096.09 
-3096.235 
-3095.68 
-3095.32 
-3094.84 
-3094.96 
-3094.345 
-3094.535 
-3093.95 
-3094.175 
-3093.505 
-3094.075 
-3093.52 
-3093.735 
-3093.165 
-3093.36 
-3092.84 
-3093.13 
-3092.61 
-3092.38 
-3091.89 
-3092.15 
-3091.705 
-3091.92 
-3091.575 
-3091.865 
-3091.43 
-3092.135 
-3091.765 
-3092.155 
-3091.785 
-3092.115 
-3091.775 
-3092.235 
-3091.935 
-3091.905 
-3091.61 
-3092.01 
-3091.705 
-3092.17 
-3092.005 
-3092.455 
-3092.145 
-3092.98 
-3092.835 
-3093.29 
-3093.1 
-3093.61 
-3093.4 
-3093.9 
-3093.71 
-3093.755 
-3093.685 
-3094.15 
-3093.91 
-3094.52 
-3094.285 
-3094.835 
-3094.675 
-3095.62 
-3095.43 
-3096.03 
-3095.845 
-3096.27 
-3096.145 
-3096.635 
-3096.465 
-3096.525 
-3096.31 
-3096.79 
-3096.605 
-3096.965 
-3096.765 
-3097.16 
-3096.885 
-3097.745 
-3097.42 
-3097.85 
-3097.58 
-3097.875 
-3097.595 
-3097.84 
-3097.47 
-3097.36 
-3096.955 
-3097.135 
-3096.735 
-3096.875 
-3096.475 
-3096.63 
-3096.05 
-3096.65 
-3096.06 
-3096.22 
-3095.625 
-3095.695 
-3095.005 
-3095.13 
-3094.53 
-3094.055 
-3093.415 
-3093.425 
-3092.735 
-3092.7 
-3092.09 
-3092.005 
-3091.39 
-3091.795 
-3091.07 
-3091.155 
-3090.41 
-3090.44 
-3089.755 
-3089.805 
-3089.175 
-3088.775 
-3088.095 
-3088.135 
-3087.6 
-3087.63 
-3087.01 
-3087.17 
-3086.57 
-3087.115 
-3086.565 
-3086.795 
-3086.255 
-3086.42 
-3085.895 
-3086.09 
-3085.63 
-3085.375 
-3084.945 
-3085.28 
-3084.75 
-3084.985 
-3084.69 
-3084.985 
-3084.585 
-3085.225 
-3084.89 
-3085.215 
-3084.825 
-3085.18 
-3084.925 
-3085.26 
-3084.95 
-3084.82 
-3084.625 
-3085.01 
-3084.7 
-3085.105 
-3084.84 
-3085.255 
-3084.97 
-3085.84 
-3085.535 
-3086.0 
-3085.76 
-3086.085 
-3085.935 
-3086.335 
-3086.05 
-3086.0 
-3085.76 
-3086.19 
-3085.995 
-3086.24 
-3086.045 
-3086.315 
-3086.05 
-3086.855 
-3086.55 
-3086.9 
-3086.52 
-3086.87 
-3086.465 
-3086.715 
-3086.355 
-3086.13 
-3085.69 
-3085.945 
-3085.49 
-3085.605 
-3085.1 
-3085.29 
-3084.765 
-3085.245 
-3084.685 
-3084.85 
-3084.215 
-3084.215 
-3083.71 
-3083.675 
-3083.055 
-3082.57 
-3081.9 
-3081.935 
-3081.185 
-3081.185 
-3080.48 
-3080.425 
-3079.795 
-3080.15 
-3079.425 
-3079.405 
-3078.65 
-3078.61 
-3077.93 
-3077.975 
-3077.15 
-3076.76 
-3075.995 
-3076.04 
-3075.32 
-3075.25 
-3074.58 
-3074.525 
-3073.81 
-3074.275 
-3073.665 
-3073.655 
-3073.025 
-3072.92 
-3072.3 
-3072.3 
-3071.635 
-3071.18 
-3070.545 
-3070.555 
-3069.835 
-3069.87 
-3069.075 
-3069.06 
-3068.34 
-3068.7 
-3068.015 
-3067.93 
-3067.2 
-3067.03 
-3066.27 
-3066.19 
-3065.325 
-3064.61 
-3063.795 
-3063.69 
-3062.715 
-3062.365 
-3061.43 
-3061.165 
-3060.14 
-3060.15 
-3059.145 
-3058.67 
-3057.525 
-3056.935 
-3055.73 
-3055.165 
-3053.87 
-3052.785 
-3051.34 
-3050.58 
-3049.1 
-3048.24 
-3046.655 
-3045.675 
-3043.98 
-3043.21 
-3041.395 
-3040.23 
-3038.295 
-3036.905 
-3034.84 
-3033.395 
-3031.2 
-3029.085 
-3026.795 
-3025.055 
-3022.525 
-3020.615 
-3017.99 
-3015.94 
-3013.175 
-3011.41 
-3008.44 
-3006.13 
-3003.025 
-3000.51 
-2997.285 
-2994.655 
-2991.285 
-2988.0 
-2984.42 
-2981.585 
-2977.835 
-2974.745 
-2970.895 
-2967.73 
-2963.75 
-2960.81 
-2956.72 
-2953.2 
-2949.015 
-2945.35 
-2941.015 
-2937.3 
-2932.855 
-2928.545 
-2923.88 
-2920.03 
-2915.275 
-2911.23 
-2906.41 
-2902.21 
-2897.255 
-2893.36 
-2888.375 
-2884.01 
-2878.845 
-2874.305 
-2869.105 
-2864.435 
-2859.095 
-2853.955 
-2848.49 
-2843.68 
-2838.1 
-2833.17 
-2827.455 
-2822.445 
-2816.64 
-2811.905 
-2805.995 
-2800.75 
-2794.86 
-2789.425 
-2783.38 
-2777.945 
-2771.705 
-2765.695 
-2759.465 
-2753.85 
-2747.405 
-2741.605 
-2735.12 
-2729.335 
-2722.68 
-2717.125 
-2710.445 
-2704.45 
-2697.65 
-2691.485 
-2684.705 
-2678.455 
-2671.505 
-2664.715 
-2657.68 
-2651.25 
-2644.145 
-2637.58 
-2630.45 
-2623.785 
-2616.435 
-2610.215 
-2602.8 
-2596.015 
-2588.58 
-2581.68 
-2574.165 
-2567.265 
-2559.63 
-2552.2 
-2544.445 
-2537.42 
-2529.625 
-2522.375 
-2514.615 
-2507.49 
-2499.48 
-2492.64 
-2484.685 
-2477.375 
-2469.385 
-2461.97 
-2453.995 
-2446.51 
-2438.445 
-2430.535 
-2422.395 
-2414.985 
-2406.81 
-2399.265 
-2391.055 
-2383.645 
-2375.385 
-2368.215 
-2360.045 
-2352.555 
-2344.335 
-2336.88 
-2328.74 
-2321.34 
-2313.185 
-2305.22 
-2297.13 
-2289.66 
-2281.64 
-2274.26 
-2266.155 
-2258.845 
-2250.805 
-2243.885 
-2235.92 
-2228.665 
-2220.69 
-2213.49 
-2205.635 
-2198.42 
-2190.59 
-2182.98 
-2175.2 
-2168.12 
-2160.36 
-2153.315 
-2145.555 
-2138.555 
-2130.94 
-2124.35 
-2116.735 
-2109.795 
-2102.255 
-2095.395 
-2087.83 
-2080.995 
-2073.445 
-2066.32 
-2058.82 
-2052.02 
-2044.585 
-2037.805 
-2030.49 
-2023.735 
-2016.42 
-2010.18 
-2002.855 
-1996.245 
-1988.905 
-1982.275 
-1974.99 
-1968.465 
-1961.195 
-1954.12 
-1946.9 
-1940.31 
-1933.065 
-1926.5 
-1919.295 
-1912.765 
-1905.565 
-1899.46 
-1892.145 
-1885.7 
-1878.465 
-1871.885 
-1864.71 
-1858.225 
-1851.0 
-1844.02 
-1836.745 
-1830.265 
-1822.98 
-1816.325 
-1809.19 
-1802.525 
-1795.265 
-1789.17 
-1781.925 
-1775.325 
-1768.09 
-1761.52 
-1754.23 
-1747.565 
-1740.39 
-1733.39 
-1726.095 
-1719.48 
-1712.255 
-1705.65 
-1698.425 
-1691.895 
-1684.65 
-1678.59 
-1671.345 
-1664.87 
-1657.71 
-1651.305 
-1644.175 
-1637.745 
-1630.6 
-1623.735 
-1616.73 
-1610.405 
-1603.42 
-1597.09 
-1590.13 
-1583.945 
-1577.0 
-1571.245 
-1564.395 
-1558.275 
-1551.53 
-1545.435 
-1538.625 
-1532.655 
-1526.01 
-1519.59 
-1512.905 
-1507.07 
-1500.455 
-1494.625 
-1488.135 
-1482.325 
-1475.81 
-1470.45 
-1464.005 
-1458.41 
-1451.965 
-1446.355 
-1440.025 
-1434.47 
-1428.14 
-1422.165 
-1415.955 
-1410.47 
-1404.21 
-1398.715 
-1392.57 
-1387.185 
-1381.09 
-1376.06 
-1369.94 
-1364.59 
-1358.5 
-1353.115 
-1347.18 
-1341.76 
-1335.815 
-1329.975 
-1324.05 
-1318.795 
-1312.685 
-1307.435 
-1301.49 
-1296.155 
-1290.225 
-1285.295 
-1279.385 
-1274.11 
-1268.105 
-1262.765 
-1256.895 
-1251.595 
-1245.635 
-1239.84 
-1233.825 
-1228.57 
-1222.58 
-1217.2 
-1211.215 
-1205.86 
-1199.86 
-1194.94 
-1188.925 
-1183.55 
-1177.545 
-1172.21 
-1166.145 
-1160.85 
-1154.755 
-1148.915 
-1142.905 
-1137.605 
-1131.515 
-1126.195 
-1120.105 
-1114.775 
-1108.86 
-1103.905 
-1097.985 
-1092.73 
-1086.67 
-1081.48 
-1075.61 
-1070.395 
-1064.51 
-1058.945 
-1053.05 
-1047.945 
-1042.28 
-1037.16 
-1031.4 
-1026.41 
-1020.745 
-1016.17 
-1010.63 
-1005.75 
-1000.225 
-995.35 
-989.97 
-985.17 
-979.855 
-974.68 
-969.33 
-964.715 
-959.52 
-954.855 
-949.68 
-945.22 
-940.125 
-936.07 
-931.025 
-926.64 
-921.69 
-917.38 
-912.445 
-908.21 
-903.395 
-898.725 
-893.88 
-889.79 
-885.025 
-880.95 
-876.255 
-872.23 
-867.55 
-863.97 
-859.395 
-855.46 
-850.82 
-846.945 
-842.425 
-838.54 
-834.025 
-829.725 
-825.25 
-821.4 
-816.885 
-813.13 
-808.68 
-804.89 
-800.47 
-797.06 
-792.555 
-788.945 
-784.47 
-780.6 
-776.16 
-772.44 
-768.02 
-763.765 
-759.365 
-755.54 
-751.035 
-747.315 
-742.82 
-739.015 
-734.49 
-731.08 
-726.62 
-722.805 
-718.26 
-714.425 
-709.86 
-705.955 
-701.455 
-697.145 
-692.62 
-688.77 
-684.145 
-680.21 
-675.645 
-671.76 
-667.22 
-663.72 
-659.17 
-655.305 
-650.76 
-646.845 
-642.355 
-638.525 
-634.06 
-629.745 
-625.26 
-621.47 
-617.03 
-613.265 
-608.775 
-605.11 
-600.67 
-597.37 
-593.09 
-589.38 
-585.08 
-581.465 
-577.16 
-573.61 
-569.39 
-565.49 
-561.245 
-557.76 
-553.64 
-550.195 
-546.165 
-542.735 
-538.715 
-535.81 
-531.775 
-528.45 
-524.56 
-521.255 
-517.4 
-514.135 
-510.285 
-506.67 
-502.82 
-499.745 
-495.935 
-492.83 
-489.005 
-485.95 
-482.23 
-479.585 
-475.92 
-472.895 
-469.265 
-466.17 
-462.64 
-459.655 
-455.965 
-452.575 
-448.955 
-446.015 
-442.42 
-439.41 
-435.875 
-432.895 
-429.31 
-426.8 
-423.18 
-420.28 
-416.685 
-413.7 
-410.095 
-407.2 
-403.555 
-400.13 
-396.535 
-393.475 
-389.83 
-386.775 
-383.11 
-380.175 
-376.335 
-373.72 
-369.985 
-366.935 
-363.22 
-360.045 
-356.265 
-353.205 
-349.375 
-345.815 
-341.965 
-338.825 
-334.955 
-331.8 
-327.935 
-324.78 
-320.885 
-318.07 
-314.25 
-311.095 
-307.24 
-304.04 
-300.195 
-297.12 
-293.295 
-289.65 
-285.82 
-282.795 
-278.94 
-275.86 
-272.105 
-269.035 
-265.315 
-262.61 
-258.995 
-255.995 
-252.36 
-249.31 
-245.72 
-242.78 
-239.215 
-235.86 
-232.285 
-229.59 
-226.035 
-223.16 
-219.79 
-216.985 
-213.615 
-211.16 
-207.83 
-205.165 
-201.88 
-199.19 
-195.875 
-193.355 
-190.09 
-187.03 
-183.855 
-181.39 
-178.15 
-175.615 
-172.52 
-170.075 
-166.94 
-164.92 
-161.82 
-159.48 
-156.38 
-153.965 
-150.99 
-148.615 
-145.61 
-142.805 
-139.745 
-137.5 
-134.485 
-132.185 
-129.125 
-126.835 
-123.78 
-121.92 
-118.935 
-116.61 
-113.645 
-111.285 
-108.285 
-105.98 
-102.965 
-100.16 
-97.155 
-94.825 
-91.72 
-89.32 
-86.315 
-83.85 
-80.795 
-78.785 
-75.635 
-73.25 
-70.13 
-67.65 
-64.57 
-62.05 
-58.91 
-55.965 
-52.805 
-50.35 
-47.15 
-44.575 
-41.42 
-38.84 
-35.69 
-33.64 
-30.395 
-27.94 
-24.78 
-22.245 
-19.035 
-16.545 
-13.415 
-10.46 
-7.37 
-4.89 
-1.795 
0.67 
3.74 
6.105 
9.17 
11.12 
14.145 
16.445 
19.455 
21.79 
24.75 
26.99 
29.9 
32.565 
35.505 
37.69 
40.535 
42.725 
45.51 
47.61 
50.425 
52.145 
54.905 
56.93 
59.595 
61.61 
64.305 
66.28 
68.905 
71.315 
73.93 
75.82 
78.42 
80.395 
82.93 
84.735 
87.315 
88.74 
91.245 
93.025 
95.515 
97.39 
99.765 
101.53 
104.075 
106.22 
108.71 
110.37 
112.805 
114.63 
116.95 
118.73 
121.205 
122.48 
124.88 
126.565 
128.985 
130.725 
133.09 
134.825 
137.27 
139.44 
141.79 
143.58 
146.04 
147.79 
150.28 
151.97 
154.49 
155.79 
158.285 
160.105 
162.55 
164.37 
166.825 
168.65 
171.105 
173.365 
175.89 
177.79 
180.25 
182.13 
184.625 
186.445 
188.995 
190.34 
192.855 
194.685 
197.175 
198.97 
201.43 
203.28 
205.77 
207.945 
210.33 
212.045 
214.565 
216.255 
218.69 
220.365 
222.705 
223.94 
226.23 
227.84 
230.155 
231.73 
233.95 
235.555 
237.675 
239.62 
241.8 
243.275 
245.36 
246.85 
248.835 
250.2 
252.3 
253.13 
255.14 
256.445 
258.365 
259.67 
261.525 
262.73 
264.61 
266.25 
268.05 
269.2 
271.035 
272.21 
273.96 
275.01 
276.76 
277.375 
279.06 
280.08 
281.79 
282.835 
284.51 
285.44 
287.17 
288.595 
290.265 
291.125 
292.815 
293.8 
295.39 
296.405 
297.97 
298.585 
300.22 
301.165 
302.76 
303.81 
305.37 
306.355 
308.045 
309.45 
311.145 
312.165 
313.86 
314.935 
316.635 
317.665 
319.4 
320.01 
321.8 
322.91 
324.67 
325.865 
327.62 
328.835 
330.68 
332.315 
334.12 
335.3 
337.185 
338.425 
340.325 
341.535 
343.45 
344.24 
346.205 
347.445 
349.36 
350.61 
352.525 
353.78 
355.75 
357.365 
359.355 
360.565 
362.49 
363.71 
365.665 
366.795 
368.72 
369.535 
371.325 
372.515 
374.37 
375.56 
377.35 
378.485 
380.24 
381.865 
383.655 
384.71 
386.495 
387.515 
389.29 
390.255 
391.985 
392.56 
394.265 
395.225 
396.835 
397.81 
399.425 
400.335 
401.92 
403.275 
404.835 
405.71 
407.295 
408.19 
409.745 
410.56 
412.12 
412.44 
413.955 
414.785 
416.235 
417.045 
418.505 
419.31 
420.765 
421.985 
423.475 
424.185 
425.695 
426.48 
427.89 
428.685 
430.225 
430.57 
432.0 
432.78 
434.32 
435.16 
436.685 
437.44 
439.015 
440.27 
441.79 
442.69 
444.29 
445.25 
446.84 
447.72 
449.335 
449.935 
451.575 
452.575 
454.21 
455.21 
456.91 
457.985 
459.635 
461.225 
462.96 
464.02 
465.78 
466.92 
468.69 
469.875 
471.615 
472.34 
474.195 
475.325 
477.105 
478.25 
480.045 
481.165 
482.94 
484.58 
486.345 
487.435 
489.24 
490.37 
492.095 
493.17 
494.945 
495.605 
497.32 
498.225 
500.01 
501.05 
502.675 
503.655 
505.265 
506.675 
508.27 
509.185 
510.76 
511.665 
513.18 
514.01 
515.555 
515.93 
517.425 
518.18 
519.635 
520.4 
521.835 
522.555 
523.9 
525.06 
526.355 
526.96 
528.34 
528.955 
530.28 
530.815 
532.135 
532.255 
533.41 
534.04 
535.22 
535.8 
537.035 
537.5 
538.68 
539.665 
540.8 
541.29 
542.45 
542.985 
544.105 
544.57 
545.73 
545.765 
546.885 
547.4 
548.505 
549.02 
550.145 
550.705 
551.765 
552.795 
553.925 
554.42 
555.665 
556.25 
557.345 
557.925 
559.145 
559.315 
560.51 
561.085 
562.385 
562.97 
564.255 
564.855 
566.18 
567.205 
568.47 
569.135 
570.485 
571.175 
572.465 
573.105 
574.47 
574.655 
576.005 
576.7 
577.99 
578.625 
579.985 
580.625 
581.885 
582.995 
584.25 
584.85 
586.055 
586.69 
587.97 
588.53 
589.805 
589.92 
591.03 
591.545 
592.75 
593.26 
594.455 
594.885 
595.96 
596.84 
597.91 
598.27 
599.345 
599.71 
600.66 
601.005 
601.97 
601.985 
602.945 
603.13 
604.055 
604.34 
605.23 
605.385 
606.29 
606.815 
607.69 
607.825 
608.59 
608.78 
609.555 
609.6 
610.42 
610.055 
610.785 
610.875 
611.635 
611.675 
612.405 
612.415 
613.155 
613.635 
614.345 
614.34 
615.05 
615.125 
615.82 
615.84 
616.595 
616.155 
616.81 
616.88 
617.665 
617.8 
618.525 
618.595 
619.29 
619.93 
620.61 
620.805 
621.64 
621.875 
622.7 
622.83 
623.735 
623.58 
624.455 
624.735 
625.665 
625.89 
626.965 
627.245 
628.27 
629.055 
630.07 
630.43 
631.455 
631.895 
633.035 
633.425 
634.53 
634.575 
635.685 
636.21 
637.265 
637.85 
638.925 
639.415 
640.585 
641.455 
642.65 
643.06 
644.335 
644.85 
645.96 
646.39 
647.6 
647.605 
648.755 
649.095 
650.245 
650.705 
651.84 
652.15 
653.275 
654.12 
655.175 
655.52 
656.56 
656.88 
657.925 
658.185 
659.19 
659.125 
660.055 
660.345 
661.26 
661.535 
662.445 
662.64 
663.565 
664.245 
665.07 
665.205 
666.115 
666.28 
667.075 
667.195 
668.1 
667.805 
668.645 
668.705 
669.505 
669.61 
670.38 
670.43 
671.27 
671.77 
672.525 
672.66 
673.42 
673.465 
674.245 
674.33 
675.105 
674.825 
675.615 
675.755 
676.5 
676.725 
677.465 
677.66 
678.455 
679.075 
679.9 
680.1 
680.97 
681.15 
682.055 
682.28 
683.215 
683.005 
684.0 
684.215 
685.22 
685.57 
686.515 
686.815 
687.855 
688.645 
689.65 
689.995 
691.085 
691.43 
692.525 
692.835 
693.925 
693.895 
694.975 
695.385 
696.475 
696.905 
697.96 
698.27 
699.37 
700.26 
701.345 
701.645 
702.67 
703.055 
704.13 
704.405 
705.505 
705.405 
706.34 
706.59 
707.55 
707.87 
708.84 
709.05 
709.885 
710.59 
711.505 
711.635 
712.515 
712.71 
713.52 
713.65 
714.405 
714.155 
714.91 
715.02 
715.68 
715.805 
716.52 
716.505 
717.235 
717.715 
718.365 
718.28 
718.995 
718.97 
719.63 
719.49 
720.11 
719.68 
720.215 
720.165 
720.735 
720.705 
721.265 
721.14 
721.735 
722.085 
722.68 
722.435 
723.085 
722.95 
723.6 
723.42 
724.045 
723.605 
724.185 
724.07 
724.675 
724.675 
725.26 
725.145 
725.86 
726.315 
726.935 
726.955 
727.625 
727.725 
728.39 
728.415 
729.215 
728.915 
729.715 
729.765 
730.565 
730.7 
731.59 
731.725 
732.62 
733.295 
734.135 
734.4 
735.35 
735.62 
736.52 
736.745 
737.75 
737.72 
738.695 
738.94 
739.935 
740.245 
741.185 
741.49 
742.515 
743.245 
744.285 
744.525 
745.54 
745.84 
746.815 
747.04 
748.08 
747.985 
748.91 
749.11 
750.045 
750.27 
751.22 
751.45 
752.345 
753.035 
753.95 
754.01 
754.98 
755.15 
755.945 
756.105 
756.895 
756.66 
757.44 
757.51 
758.25 
758.33 
759.1 
759.16 
759.88 
760.375 
761.03 
761.005 
761.715 
761.685 
762.36 
762.335 
762.955 
762.475 
763.115 
763.03 
763.62 
763.53 
764.105 
763.985 
764.545 
764.91 
765.455 
765.26 
765.815 
765.73 
766.34 
766.065 
766.72 
766.13 
766.675 
766.485 
767.09 
766.955 
767.465 
767.29 
767.87 
768.26 
768.82 
768.69 
769.335 
769.215 
769.84 
769.745 
770.38 
769.98 
770.595 
770.54 
771.275 
771.26 
771.975 
771.95 
772.745 
773.28 
773.9 
774.03 
774.805 
774.915 
775.725 
775.75 
776.57 
776.305 
777.11 
777.24 
778.045 
778.215 
779.0 
779.1 
779.925 
780.515 
781.355 
781.39 
782.18 
782.355 
783.15 
783.2 
784.05 
783.735 
784.425 
784.475 
785.225 
785.285 
785.94 
786.0 
786.7 
787.13 
787.82 
787.775 
788.38 
788.35 
788.935 
788.87 
789.465 
789.06 
789.605 
789.405 
789.925 
789.78 
790.365 
790.07 
790.555 
790.75 
791.26 
791.01 
791.45 
791.235 
791.635 
791.295 
791.69 
790.995 
791.43 
791.065 
791.445 
791.11 
791.47 
791.165 
791.435 
791.565 
791.955 
791.53 
791.89 
791.615 
791.835 
791.595 
791.9 
791.245 
791.55 
791.165 
791.57 
791.295 
791.675 
791.34 
791.76 
791.96 
792.36 
792.085 
792.59 
792.355 
792.795 
792.635 
793.185 
792.58 
793.145 
792.995 
793.5 
793.45 
794.015 
793.995 
794.64 
795.07 
795.705 
795.62 
796.3 
796.355 
797.065 
797.06 
797.82 
797.44 
798.18 
798.21 
798.91 
799.035 
799.79 
799.885 
800.605 
801.175 
801.94 
801.97 
802.74 
802.775 
803.6 
803.67 
804.38 
804.05 
804.765 
804.8 
805.52 
805.575 
806.23 
806.275 
806.92 
807.395 
808.02 
808.005 
808.705 
808.685 
809.245 
809.175 
809.825 
809.305 
809.91 
809.79 
810.365 
810.2 
810.755 
810.565 
811.075 
811.42 
811.92 
811.74 
812.255 
812.08 
812.55 
812.285 
812.805 
812.09 
812.6 
812.37 
812.765 
812.585 
812.945 
812.71 
813.185 
813.35 
813.855 
813.58 
813.95 
813.79 
814.18 
813.945 
814.43 
813.925 
814.34 
814.145 
814.675 
814.475 
814.965 
814.775 
815.285 
815.645 
816.18 
816.055 
816.695 
816.575 
817.26 
817.125 
817.77 
817.365 
818.07 
818.04 
818.74 
818.875 
819.595 
819.55 
820.45 
820.96 
821.77 
821.865 
822.695 
822.925 
823.755 
823.86 
824.7 
824.545 
825.37 
825.51 
826.435 
826.605 
827.5 
827.565 
828.5 
829.145 
830.03 
830.11 
830.955 
831.13 
832.02 
832.095 
832.96 
832.63 
833.385 
833.51 
834.205 
834.27 
835.065 
835.055 
835.78 
836.205 
836.825 
836.825 
837.48 
837.42 
838.01 
837.885 
838.45 
837.95 
838.53 
838.24 
838.83 
838.625 
839.135 
838.83 
839.26 
839.46 
839.88 
839.535 
839.965 
839.665 
840.03 
839.645 
840.025 
839.235 
839.58 
839.19 
839.45 
839.06 
839.405 
838.94 
839.26 
839.26 
839.545 
839.105 
839.39 
839.025 
839.29 
838.87 
839.2 
838.41 
838.69 
838.26 
838.65 
838.26 
838.65 
838.24 
838.575 
838.77 
839.16 
838.83 
839.345 
839.045 
839.505 
839.25 
839.765 
839.19 
839.705 
839.545 
840.065 
840.02 
840.56 
840.48 
841.125 
841.51 
842.175 
842.105 
842.805 
842.83 
843.55 
843.495 
844.225 
843.985 
844.615 
844.695 
845.45 
845.525 
846.195 
846.165 
846.93 
847.455 
848.15 
848.16 
848.885 
848.91 
849.625 
849.54 
850.245 
849.785 
850.445 
850.345 
850.995 
850.9 
851.47 
851.35 
851.82 
852.18 
852.675 
852.51 
852.99 
852.84 
853.215 
853.0 
853.445 
852.75 
853.12 
852.805 
853.145 
852.785 
853.085 
852.805 
853.01 
853.09 
853.35 
852.85 
853.12 
852.62 
852.95 
852.405 
852.57 
851.705 
851.895 
851.38 
851.54 
850.995 
851.205 
850.58 
850.79 
850.775 
850.885 
850.335 
850.47 
849.965 
850.07 
849.565 
849.77 
848.9 
849.05 
848.515 
848.64 
848.27 
848.495 
847.965 
848.205 
848.27 
848.53 
848.08 
848.385 
848.02 
848.32 
847.945 
848.37 
847.595 
848.015 
847.72 
848.09 
847.88 
848.285 
848.05 
848.56 
848.81 
849.18 
848.985 
849.58 
849.425 
849.91 
849.77 
850.275 
849.715 
850.235 
850.095 
850.68 
850.53 
851.025 
850.9 
851.43 
851.69 
852.265 
852.02 
852.54 
852.32 
852.83 
852.56 
853.095 
852.475 
852.86 
852.63 
853.065 
852.755 
853.135 
852.88 
853.2 
853.275 
853.665 
853.26 
853.6 
853.195 
853.505 
853.04 
853.295 
852.575 
852.805 
852.325 
852.48 
852.03 
852.24 
851.695 
851.865 
851.79 
851.93 
851.35 
851.475 
850.98 
851.165 
850.57 
850.665 
849.745 
849.775 
849.225 
849.37 
848.855 
848.9 
848.355 
848.445 
848.405 
848.545 
847.97 
848.11 
847.64 
847.775 
847.28 
847.47 
846.695 
846.875 
846.33 
846.555 
846.19 
846.48 
845.995 
846.305 
846.445 
846.815 
846.485 
846.89 
846.6 
846.975 
846.68 
847.2 
846.555 
847.115 
846.85 
847.43 
847.335 
847.915 
847.715 
848.37 
848.7 
849.335 
849.3 
849.95 
849.9 
850.615 
850.655 
851.295 
850.97 
851.705 
851.695 
852.45 
852.45 
853.25 
853.145 
853.955 
854.425 
855.185 
855.235 
855.965 
855.965 
856.685 
856.655 
857.36 
857.0 
857.69 
857.645 
858.34 
858.37 
859.005 
858.94 
859.54 
860.03 
860.6 
860.535 
861.165 
861.145 
861.635 
861.555 
862.115 
861.63 
862.095 
861.895 
862.465 
862.3 
862.89 
862.615 
863.195 
863.38 
863.895 
863.635 
864.085 
863.895 
864.38 
864.11 
864.575 
863.905 
864.26 
864.07 
864.49 
864.27 
864.67 
864.345 
864.775 
865.04 
865.49 
865.18 
865.59 
865.32 
865.795 
865.545 
865.99 
865.435 
865.965 
865.66 
866.15 
866.01 
866.43 
866.27 
866.73 
867.06 
867.565 
867.45 
867.995 
867.915 
868.485 
868.395 
868.955 
868.515 
869.19 
869.065 
869.74 
869.76 
870.375 
870.445 
871.035 
871.485 
872.19 
872.205 
872.905 
872.95 
873.63 
873.715 
874.38 
874.035 
874.755 
874.745 
875.465 
875.455 
876.225 
876.125 
876.79 
877.23 
877.915 
877.835 
878.485 
878.435 
879.065 
878.975 
879.56 
879.055 
879.61 
879.425 
880.01 
879.8 
880.275 
880.12 
880.59 
880.755 
881.215 
880.94 
881.315 
881.105 
881.435 
881.125 
881.45 
880.79 
881.055 
880.66 
880.96 
880.59 
880.84 
880.395 
880.68 
880.745 
880.895 
880.445 
880.67 
880.31 
880.385 
879.97 
880.15 
879.23 
879.38 
878.875 
879.09 
878.57 
878.755 
878.17 
878.345 
878.345 
878.435 
877.935 
878.085 
877.64 
877.78 
877.26 
877.46 
876.59 
876.755 
876.265 
876.5 
876.08 
876.32 
875.8 
876.015 
876.1 
876.365 
875.945 
876.31 
875.96 
876.235 
875.855 
876.235 
875.585 
875.945 
875.605 
876.04 
875.72 
876.18 
875.88 
876.405 
876.595 
877.06 
876.87 
877.395 
877.245 
877.71 
877.54 
878.04 
877.59 
878.13 
877.935 
878.49 
878.32 
878.83 
878.65 
879.115 
879.475 
880.035 
879.815 
880.32 
880.115 
880.645 
880.34 
880.89 
880.315 
880.805 
880.515 
880.945 
880.76 
881.17 
880.885 
881.29 
881.485 
881.87 
881.515 
881.865 
881.55 
881.925 
881.55 
881.875 
881.15 
881.49 
881.06 
881.375 
881.01 
881.225 
880.865 
881.08 
881.1 
881.405 
880.845 
881.17 
880.74 
880.955 
880.485 
880.71 
879.86 
880.035 
879.575 
879.81 
879.38 
879.535 
879.085 
879.32 
879.29 
879.565 
879.04 
879.265 
878.785 
879.03 
878.575 
878.955 
878.025 
878.27 
877.895 
878.195 
877.86 
878.135 
877.675 
878.015 
878.145 
878.49 
878.18 
878.52 
878.25 
878.62 
878.285 
878.75 
878.09 
878.54 
878.285 
878.765 
878.56 
879.085 
878.82 
879.385 
879.67 
880.225 
879.975 
880.545 
880.435 
880.975 
880.83 
881.305 
880.83 
881.39 
881.275 
881.765 
881.68 
882.175 
882.03 
882.57 
882.855 
883.345 
883.15 
883.59 
883.505 
883.98 
883.73 
884.205 
883.595 
883.945 
883.705 
884.08 
883.835 
884.22 
883.85 
884.245 
884.365 
884.705 
884.24 
884.675 
884.265 
884.55 
884.125 
884.43 
883.65 
883.91 
883.43 
883.68 
883.18 
883.41 
882.905 
883.095 
883.06 
883.265 
882.73 
882.895 
882.38 
882.52 
881.945 
882.16 
881.255 
881.425 
880.79 
881.01 
880.475 
880.565 
880.085 
880.2 
880.16 
880.32 
879.735 
879.985 
879.49 
879.625 
879.185 
879.455 
878.615 
878.84 
878.34 
878.66 
878.21 
878.485 
878.085 
878.415 
878.5 
878.805 
878.53 
878.92 
878.66 
879.085 
878.75 
879.205 
878.58 
879.07 
878.81 
879.34 
879.21 
879.765 
879.515 
880.16 
880.485 
881.095 
880.93 
881.515 
881.455 
882.145 
881.995 
882.7 
882.27 
882.915 
882.82 
883.515 
883.425 
884.11 
884.05 
884.675 
885.075 
885.755 
885.665 
886.3 
886.345 
886.97 
886.89 
887.515 
886.985 
887.58 
887.44 
888.085 
888.005 
888.545 
888.43 
889.075 
889.36 
889.93 
889.715 
890.28 
890.23 
890.73 
890.495 
890.98 
890.48 
890.94 
890.72 
891.205 
891.0 
891.415 
891.2 
891.71 
891.885 
892.335 
892.0 
892.56 
892.31 
892.725 
892.43 
892.89 
892.275 
892.725 
892.395 
892.855 
892.59 
892.985 
892.74 
893.195 
893.425 
893.83 
893.595 
894.015 
893.775 
894.27 
894.02 
894.49 
893.945 
894.44 
894.24 
894.77 
894.605 
895.13 
894.955 
895.535 
895.795 
896.395 
896.16 
896.865 
896.765 
897.32 
897.165 
897.885 
897.41 
898.015 
897.99 
898.63 
898.545 
899.265 
899.26 
899.95 
900.355 
901.04 
900.995 
901.71 
901.68 
902.335 
902.375 
903.015 
902.555 
903.18 
903.17 
903.79 
903.705 
904.38 
904.255 
904.78 
905.11 
905.71 
905.56 
906.1 
905.935 
906.485 
906.24 
906.75 
906.035 
906.475 
906.115 
906.52 
906.29 
906.635 
906.27 
906.615 
906.685 
906.935 
906.455 
906.765 
906.315 
906.625 
906.02 
906.275 
905.41 
905.56 
905.015 
905.21 
904.61 
904.76 
904.19 
904.26 
904.145 
904.26 
903.66 
903.735 
903.18 
903.255 
902.69 
902.73 
901.7 
901.765 
901.18 
901.155 
900.62 
900.66 
900.1 
900.16 
900.02 
900.125 
899.57 
899.63 
899.115 
899.24 
898.675 
898.845 
897.93 
898.085 
897.54 
897.81 
897.265 
897.51 
897.01 
897.25 
897.24 
897.61 
897.175 
897.465 
897.19 
897.525 
897.17 
897.54 
896.875 
897.265 
896.885 
897.27 
897.075 
897.47 
897.245 
897.8 
897.96 
898.425 
898.18 
898.725 
898.56 
899.04 
898.885 
899.32 
898.845 
899.305 
899.17 
899.64 
899.495 
899.965 
899.735 
900.18 
900.48 
900.91 
900.73 
901.17 
900.915 
901.345 
901.125 
901.565 
900.895 
901.295 
900.96 
901.315 
901.005 
901.33 
901.025 
901.355 
901.475 
901.745 
901.385 
901.645 
901.3 
901.535 
901.125 
901.385 
900.55 
900.8 
900.305 
900.51 
900.09 
900.27 
899.785 
899.995 
899.925 
900.075 
899.595 
899.8 
899.31 
899.455 
899.01 
899.21 
898.32 
898.455 
897.96 
898.1 
897.685 
897.815 
897.36 
897.495 
897.495 
897.715 
897.29 
897.545 
897.13 
897.32 
896.86 
897.165 
896.4 
896.685 
896.31 
896.62 
896.3 
896.65 
896.34 
896.665 
896.825 
897.24 
896.985 
897.5 
897.27 
897.68 
897.455 
897.97 
897.405 
897.9 
897.74 
898.255 
898.255 
898.75 
898.67 
899.25 
899.715 
900.23 
900.195 
900.765 
900.845 
901.32 
901.325 
901.99 
901.52 
902.115 
902.035 
902.685 
902.66 
903.305 
903.215 
903.775 
904.165 
904.71 
904.63 
905.24 
905.075 
905.595 
905.45 
905.985 
905.425 
905.85 
905.655 
906.17 
905.895 
906.31 
906.055 
906.395 
906.6 
906.965 
906.575 
906.98 
906.645 
906.995 
906.525 
906.85 
906.135 
906.395 
905.855 
906.095 
905.635 
905.85 
905.38 
905.585 
905.51 
905.68 
905.1 
905.22 
904.765 
904.865 
904.3 
904.395 
903.415 
