Run 0 on 20200811 on sample T20-5d, LT thermometer,  dT/T0 = 0.02
Time per point = 3.125e-05 seconds
-6380.63 
-6381.365 
-6381.33 
-6381.8 
-6381.78 
-6382.415 
-6382.395 
-6383.525 
-6383.48 
-6384.285 
-6384.36 
-6385.085 
-6385.17 
-6385.97 
-6386.1 
-6386.4 
-6386.54 
-6387.335 
-6387.495 
-6388.29 
-6388.37 
-6389.26 
-6389.345 
-6390.555 
-6390.685 
-6391.4 
-6391.515 
-6392.26 
-6392.325 
-6393.005 
-6392.995 
-6393.19 
-6393.205 
-6393.81 
-6393.665 
-6394.18 
-6394.035 
-6394.485 
-6394.285 
-6395.075 
-6394.73 
-6395.1 
-6394.755 
-6394.975 
-6394.54 
-6394.85 
-6394.295 
-6393.92 
-6393.35 
-6393.375 
-6392.695 
-6392.71 
-6392.01 
-6391.94 
-6391.16 
-6391.465 
-6390.635 
-6390.575 
-6389.74 
-6389.48 
-6388.625 
-6388.435 
-6387.57 
-6386.965 
-6386.065 
-6385.88 
-6384.9 
-6384.68 
-6383.865 
-6383.67 
-6382.775 
-6383.05 
-6382.295 
-6382.185 
-6381.37 
-6381.43 
-6380.63 
-6380.69 
-6379.98 
-6379.575 
-6378.93 
-6379.09 
-6378.53 
-6378.615 
-6378.11 
-6378.365 
-6377.88 
-6378.58 
-6378.24 
-6378.535 
-6378.21 
-6378.535 
-6378.28 
-6378.725 
-6378.54 
-6378.625 
-6378.35 
-6378.93 
-6378.785 
-6379.33 
-6379.31 
-6379.845 
-6379.745 
-6380.82 
-6380.745 
-6381.475 
-6381.475 
-6382.11 
-6382.135 
-6382.805 
-6382.84 
-6383.06 
-6383.075 
-6383.82 
-6383.715 
-6384.355 
-6384.365 
-6385.055 
-6384.985 
-6386.05 
-6385.955 
-6386.58 
-6386.455 
-6386.935 
-6386.845 
-6387.33 
-6387.04 
-6387.005 
-6386.745 
-6387.14 
-6386.77 
-6387.035 
-6386.625 
-6386.785 
-6386.31 
-6386.84 
-6386.28 
-6386.325 
-6385.63 
-6385.595 
-6384.84 
-6384.86 
-6383.965 
-6383.425 
-6382.475 
-6382.175 
-6381.23 
-6380.89 
-6379.855 
-6379.55 
-6378.44 
-6378.48 
-6377.405 
-6376.95 
-6375.85 
-6375.3 
-6374.22 
-6373.74 
-6372.555 
-6371.685 
-6370.55 
-6370.07 
-6368.965 
-6368.41 
-6367.375 
-6367.0 
-6365.97 
-6365.905 
-6364.84 
-6364.56 
-6363.625 
-6363.34 
-6362.39 
-6362.29 
-6361.395 
-6360.855 
-6360.08 
-6360.05 
-6359.325 
-6359.37 
-6358.66 
-6358.835 
-6358.15 
-6358.73 
-6358.245 
-6358.475 
-6358.025 
-6358.325 
-6358.025 
-6358.45 
-6358.105 
-6358.03 
-6357.755 
-6358.33 
-6358.165 
-6358.695 
-6358.59 
-6359.115 
-6359.045 
-6360.08 
-6360.015 
-6360.785 
-6360.76 
-6361.435 
-6361.48 
-6362.24 
-6362.255 
-6362.53 
-6362.6 
-6363.355 
-6363.43 
-6364.175 
-6364.255 
-6365.01 
-6365.1 
-6366.22 
-6366.25 
-6366.935 
-6366.97 
-6367.605 
-6367.57 
-6368.23 
-6368.105 
-6368.225 
-6368.095 
-6368.58 
-6368.345 
-6368.725 
-6368.495 
-6368.835 
-6368.475 
-6369.23 
-6368.71 
-6368.93 
-6368.395 
-6368.485 
-6367.825 
-6367.925 
-6367.195 
-6366.685 
-6365.86 
-6365.74 
-6364.87 
-6364.745 
-6363.78 
-6363.56 
-6362.525 
-6362.545 
-6361.56 
-6361.355 
-6360.175 
-6359.805 
-6358.655 
-6358.22 
-6357.085 
-6356.215 
-6355.155 
-6354.68 
-6353.475 
-6353.115 
-6351.97 
-6351.58 
-6350.535 
-6350.51 
-6349.41 
-6349.1 
-6348.09 
-6347.785 
-6346.85 
-6346.58 
-6345.575 
-6344.9 
-6344.105 
-6344.03 
-6343.165 
-6343.03 
-6342.305 
-6342.3 
-6341.63 
-6342.065 
-6341.4 
-6341.545 
-6340.955 
-6341.06 
-6340.635 
-6340.81 
-6340.385 
-6340.085 
-6339.725 
-6340.025 
-6339.69 
-6340.065 
-6339.71 
-6340.11 
-6339.85 
-6340.665 
-6340.44 
-6340.95 
-6340.745 
-6341.21 
-6340.98 
-6341.5 
-6341.335 
-6341.475 
-6341.305 
-6341.945 
-6341.755 
-6342.255 
-6342.135 
-6342.63 
-6342.5 
-6343.445 
-6343.21 
-6343.775 
-6343.485 
-6344.01 
-6343.79 
-6344.2 
-6343.875 
-6343.785 
-6343.45 
-6343.78 
-6343.385 
-6343.59 
-6343.12 
-6343.295 
-6342.785 
-6343.31 
-6342.715 
-6342.765 
-6342.05 
-6341.985 
-6341.265 
-6341.125 
-6340.3 
-6339.65 
-6338.705 
-6338.415 
-6337.465 
-6337.135 
-6336.165 
-6335.74 
-6334.55 
-6334.62 
-6333.435 
-6333.025 
-6331.755 
-6331.205 
-6329.975 
-6329.44 
-6328.12 
-6327.135 
-6325.855 
-6325.28 
-6323.955 
-6323.21 
-6322.005 
-6321.395 
-6320.18 
-6319.94 
-6318.595 
-6318.04 
-6316.765 
-6316.125 
-6314.84 
-6314.315 
-6312.97 
-6311.94 
-6310.7 
-6310.19 
-6308.945 
-6308.345 
-6307.055 
-6306.52 
-6305.315 
-6305.165 
-6303.93 
-6303.345 
-6302.125 
-6301.445 
-6300.2 
-6299.545 
-6298.275 
-6297.195 
-6295.8 
-6295.07 
-6293.67 
-6292.915 
-6291.54 
-6290.755 
-6289.19 
-6288.72 
-6287.18 
-6286.215 
-6284.545 
-6283.535 
-6281.66 
-6280.565 
-6278.655 
-6276.92 
-6274.91 
-6273.55 
-6271.385 
-6269.775 
-6267.49 
-6265.78 
-6263.335 
-6261.795 
-6259.135 
-6257.09 
-6254.265 
-6251.97 
-6248.945 
-6246.445 
-6243.135 
-6239.92 
-6236.445 
-6233.58 
-6229.825 
-6226.56 
-6222.485 
-6219.08 
-6214.835 
-6211.37 
-6206.865 
-6202.92 
-6198.025 
-6193.75 
-6188.6 
-6184.105 
-6178.72 
-6173.415 
-6167.715 
-6162.625 
-6156.655 
-6151.275 
-6145.04 
-6139.365 
-6132.8 
-6127.28 
-6120.56 
-6114.335 
-6107.315 
-6100.815 
-6093.465 
-6086.8 
-6079.3 
-6071.825 
-6064.095 
-6056.91 
-6048.89 
-6041.5 
-6033.295 
-6025.765 
-6017.29 
-6009.86 
-6001.195 
-5993.255 
-5984.435 
-5976.2 
-5967.26 
-5958.875 
-5949.68 
-5940.615 
-5931.32 
-5922.615 
-5913.115 
-5904.18 
-5894.46 
-5885.445 
-5875.61 
-5866.795 
-5856.8 
-5847.455 
-5837.22 
-5827.675 
-5817.37 
-5807.645 
-5797.17 
-5786.78 
-5776.105 
-5766.12 
-5755.325 
-5745.1 
-5734.19 
-5723.77 
-5712.66 
-5702.5 
-5691.225 
-5680.61 
-5669.17 
-5658.27 
-5646.63 
-5635.685 
-5623.885 
-5612.24 
-5600.325 
-5588.985 
-5576.825 
-5565.315 
-5552.985 
-5541.405 
-5528.88 
-5517.355 
-5504.785 
-5492.815 
-5479.95 
-5467.81 
-5454.78 
-5442.41 
-5429.22 
-5416.14 
-5402.81 
-5390.135 
-5376.515 
-5363.56 
-5349.815 
-5336.78 
-5322.86 
-5310.03 
-5295.98 
-5282.56 
-5268.29 
-5254.665 
-5240.305 
-5226.555 
-5212.07 
-5197.71 
-5182.96 
-5169.01 
-5154.2 
-5140.03 
-5125.14 
-5110.905 
-5095.86 
-5081.895 
-5066.88 
-5052.425 
-5037.28 
-5022.74 
-5007.57 
-4993.01 
-4977.75 
-4962.74 
-4947.47 
-4932.89 
-4917.625 
-4902.99 
-4887.71 
-4873.155 
-4857.865 
-4843.745 
-4828.415 
-4813.94 
-4798.78 
-4784.335 
-4769.225 
-4754.945 
-4739.84 
-4725.045 
-4710.035 
-4695.86 
-4680.99 
-4666.835 
-4651.93 
-4637.94 
-4623.245 
-4609.65 
-4595.035 
-4581.21 
-4566.625 
-4552.885 
-4538.4 
-4524.805 
-4510.46 
-4496.47 
-4482.13 
-4468.72 
-4454.575 
-4441.135 
-4427.09 
-4413.805 
-4399.835 
-4387.01 
-4373.085 
-4360.04 
-4346.23 
-4333.12 
-4319.41 
-4306.465 
-4292.81 
-4279.415 
-4265.83 
-4252.915 
-4239.415 
-4226.555 
-4213.105 
-4200.26 
-4186.885 
-4174.45 
-4161.02 
-4148.315 
-4134.875 
-4122.18 
-4108.79 
-4096.07 
-4082.685 
-4069.455 
-4056.115 
-4043.4 
-4029.995 
-4017.22 
-4003.755 
-3991.08 
-3977.595 
-3965.18 
-3951.745 
-3938.985 
-3925.395 
-3912.61 
-3899.115 
-3886.295 
-3872.72 
-3859.33 
-3845.75 
-3832.945 
-3819.285 
-3806.365 
-3792.69 
-3779.79 
-3766.16 
-3753.62 
-3739.975 
-3727.1 
-3713.47 
-3700.51 
-3686.925 
-3674.015 
-3660.525 
-3647.135 
-3633.625 
-3620.865 
-3607.335 
-3594.525 
-3581.18 
-3568.5 
-3555.095 
-3542.93 
-3529.64 
-3517.11 
-3503.92 
-3491.44 
-3478.375 
-3466.11 
-3453.045 
-3440.34 
-3427.545 
-3415.41 
-3402.615 
-3390.63 
-3377.98 
-3366.115 
-3353.51 
-3342.2 
-3329.76 
-3318.145 
-3305.82 
-3294.235 
-3282.04 
-3270.66 
-3258.635 
-3246.9 
-3234.885 
-3223.695 
-3211.835 
-3200.77 
-3189.015 
-3178.05 
-3166.46 
-3155.91 
-3144.4 
-3133.65 
-3122.22 
-3111.55 
-3100.2 
-3089.595 
-3078.39 
-3067.42 
-3056.23 
-3045.815 
-3034.73 
-3024.3 
-3013.265 
-3003.015 
-2991.97 
-2982.1 
-2971.23 
-2960.97 
-2950.18 
-2939.965 
-2929.12 
-2918.96 
-2908.15 
-2897.58 
-2886.775 
-2876.725 
-2865.865 
-2855.725 
-2844.945 
-2834.91 
-2824.095 
-2814.405 
-2803.59 
-2793.565 
-2782.73 
-2772.59 
-2761.78 
-2751.71 
-2740.885 
-2730.235 
-2719.425 
-2709.295 
-2698.485 
-2688.375 
-2677.475 
-2667.395 
-2656.465 
-2646.745 
-2635.85 
-2625.755 
-2614.945 
-2604.81 
-2593.91 
-2583.795 
-2573.01 
-2562.46 
-2551.68 
-2541.69 
-2530.875 
-2520.89 
-2510.185 
-2500.225 
-2489.595 
-2480.025 
-2469.375 
-2459.615 
-2449.125 
-2439.33 
-2428.905 
-2419.19 
-2408.84 
-2398.75 
-2388.5 
-2378.97 
-2368.81 
-2359.375 
-2349.245 
-2339.92 
-2329.915 
-2321.1 
-2311.2 
-2302.14 
-2292.395 
-2283.27 
-2273.63 
-2264.75 
-2255.23 
-2245.85 
-2236.41 
-2227.705 
-2218.33 
-2209.725 
-2200.45 
-2191.985 
-2182.77 
-2174.775 
-2165.67 
-2157.48 
-2148.455 
-2140.175 
-2131.38 
-2123.22 
-2114.47 
-2105.95 
-2097.215 
-2089.28 
-2080.655 
-2072.7 
-2064.085 
-2056.335 
-2047.81 
-2040.42 
-2031.935 
-2024.2 
-2015.835 
-2008.105 
-1999.76 
-1992.095 
-1983.72 
-1975.675 
-1967.21 
-1959.71 
-1951.36 
-1943.71 
-1935.38 
-1927.78 
-1919.47 
-1912.285 
-1903.925 
-1896.31 
-1887.99 
-1880.345 
-1872.04 
-1864.475 
-1856.075 
-1848.025 
-1839.61 
-1831.91 
-1823.595 
-1815.915 
-1807.545 
-1799.87 
-1791.47 
-1784.15 
-1775.785 
-1768.155 
-1759.77 
-1752.01 
-1743.585 
-1735.87 
-1727.52 
-1719.41 
-1711.07 
-1703.445 
-1695.07 
-1687.345 
-1679.055 
-1671.475 
-1663.2 
-1656.02 
-1647.75 
-1640.265 
-1632.145 
-1624.66 
-1616.535 
-1609.095 
-1601.005 
-1593.15 
-1585.26 
-1577.975 
-1570.03 
-1562.715 
-1554.85 
-1547.74 
-1539.88 
-1533.215 
-1525.53 
-1518.5 
-1510.93 
-1503.99 
-1496.42 
-1489.59 
-1482.09 
-1474.845 
-1467.455 
-1460.76 
-1453.44 
-1446.81 
-1439.62 
-1433.1 
-1425.855 
-1419.83 
-1412.69 
-1406.35 
-1399.31 
-1393.0 
-1386.07 
-1379.76 
-1372.88 
-1366.175 
-1359.395 
-1353.255 
-1346.375 
-1340.24 
-1333.535 
-1327.47 
-1320.775 
-1315.17 
-1308.445 
-1302.385 
-1295.73 
-1289.73 
-1283.16 
-1277.185 
-1270.495 
-1264.01 
-1257.45 
-1251.465 
-1244.75 
-1238.765 
-1232.03 
-1226.075 
-1219.34 
-1213.83 
-1207.04 
-1201.02 
-1194.21 
-1188.05 
-1181.295 
-1175.135 
-1168.325 
-1161.685 
-1154.785 
-1148.59 
-1141.65 
-1135.4 
-1128.395 
-1122.06 
-1115.15 
-1109.195 
-1102.17 
-1095.765 
-1088.7 
-1082.24 
-1075.145 
-1068.76 
-1061.625 
-1054.745 
-1047.61 
-1041.21 
-1034.065 
-1027.58 
-1020.45 
-1014.035 
-1006.835 
-1000.78 
-993.645 
-987.255 
-980.205 
-973.85 
-966.825 
-960.505 
-953.47 
-946.695 
-939.755 
-933.55 
-926.685 
-920.44 
-913.6 
-907.49 
-900.7 
-894.99 
-888.285 
-882.31 
-875.72 
-869.72 
-863.19 
-857.4 
-850.845 
-844.63 
-838.185 
-832.53 
-826.105 
-820.465 
-814.27 
-808.68 
-802.485 
-797.355 
-791.2 
-785.91 
-779.825 
-774.455 
-768.45 
-763.19 
-757.31 
-751.675 
-745.815 
-740.73 
-734.915 
-729.745 
-723.985 
-719.01 
-713.25 
-708.62 
-702.94 
-697.975 
-692.36 
-687.385 
-681.75 
-676.83 
-671.205 
-665.805 
-660.18 
-655.275 
-649.6 
-644.625 
-638.955 
-634.05 
-628.39 
-623.82 
-618.06 
-613.15 
-607.38 
-602.34 
-596.595 
-591.52 
-585.765 
-580.18 
-574.3 
-569.235 
-563.355 
-558.15 
-552.25 
-547.03 
-541.035 
-536.15 
-530.15 
-524.945 
-518.925 
-513.54 
-507.485 
-502.165 
-496.115 
-490.29 
-484.26 
-478.945 
-472.865 
-467.42 
-461.365 
-456.03 
-449.975 
-445.035 
-439.005 
-433.715 
-427.795 
-422.435 
-416.555 
-411.23 
-405.395 
-399.755 
-393.975 
-388.83 
-383.0 
-377.945 
-372.255 
-367.265 
-361.645 
-357.125 
-351.59 
-346.795 
-341.32 
-336.515 
-331.21 
-326.57 
-321.25 
-316.175 
-310.9 
-306.52 
-301.365 
-296.95 
-292.015 
-287.72 
-282.76 
-278.925 
-274.08 
-269.975 
-265.295 
-261.17 
-256.49 
-252.58 
-247.99 
-243.73 
-239.175 
-235.42 
-230.96 
-227.195 
-222.765 
-219.205 
-214.84 
-211.68 
-207.345 
-203.79 
-199.56 
-196.04 
-191.85 
-188.365 
-184.19 
-180.175 
-176.075 
-172.635 
-168.515 
-164.975 
-160.86 
-157.41 
-153.26 
-150.185 
-146.025 
-142.505 
-138.345 
-134.81 
-130.64 
-127.11 
-122.84 
-118.89 
-114.585 
-111.005 
-106.73 
-103.13 
-98.87 
-95.25 
-90.765 
-87.6 
-83.255 
-79.555 
-75.215 
-71.47 
-67.125 
-63.385 
-58.965 
-54.805 
-50.39 
-46.645 
-42.215 
-38.49 
-34.17 
-30.45 
-26.035 
-22.78 
-18.485 
-14.815 
-10.515 
-6.915 
-2.69 
0.865 
5.055 
9.055 
13.18 
16.66 
20.705 
24.135 
28.15 
31.42 
35.35 
38.21 
42.015 
45.265 
49.05 
52.165 
55.845 
58.82 
62.41 
65.85 
69.45 
72.3 
75.755 
78.525 
81.9 
84.54 
87.965 
90.08 
93.425 
95.885 
99.08 
101.665 
104.785 
107.165 
110.2 
112.99 
116.005 
118.35 
121.375 
123.66 
126.61 
128.765 
131.725 
133.56 
136.45 
138.685 
141.595 
143.845 
146.685 
148.87 
151.805 
154.475 
157.295 
159.56 
162.515 
164.715 
167.735 
169.97 
172.97 
174.895 
177.905 
180.18 
183.31 
185.695 
188.845 
191.215 
194.38 
197.275 
200.535 
203.04 
206.205 
208.84 
212.09 
214.675 
218.0 
220.25 
223.58 
226.2 
229.565 
232.33 
235.705 
238.49 
241.835 
245.025 
248.43 
251.245 
254.63 
257.485 
260.82 
263.595 
267.035 
269.42 
272.84 
275.445 
278.825 
281.515 
284.93 
287.5 
290.885 
293.885 
297.265 
299.755 
303.075 
305.63 
308.86 
311.395 
314.505 
316.56 
319.655 
322.085 
325.075 
327.58 
330.425 
332.825 
335.76 
338.555 
341.425 
343.695 
346.55 
348.8 
351.595 
353.695 
356.585 
358.23 
361.005 
363.0 
365.735 
367.775 
370.54 
372.545 
375.25 
377.62 
380.28 
382.355 
384.97 
386.975 
389.655 
391.655 
394.24 
395.845 
398.52 
400.49 
403.22 
405.25 
407.98 
409.985 
412.73 
415.315 
418.04 
420.145 
422.96 
425.165 
428.07 
430.25 
433.235 
435.055 
438.0 
440.36 
443.42 
445.805 
448.9 
451.305 
454.48 
457.43 
460.645 
463.25 
466.465 
469.125 
472.455 
475.095 
478.515 
480.76 
484.215 
486.93 
490.33 
493.19 
496.65 
499.445 
502.94 
506.15 
509.62 
512.46 
515.995 
518.835 
522.36 
525.06 
528.545 
531.005 
534.48 
537.19 
540.645 
543.335 
546.615 
549.305 
552.655 
555.72 
558.97 
561.49 
564.705 
567.28 
570.395 
572.755 
575.835 
577.785 
580.7 
583.0 
585.925 
588.185 
590.995 
593.045 
595.875 
598.37 
601.115 
603.025 
605.595 
607.535 
610.12 
611.91 
614.37 
615.725 
618.175 
619.84 
622.185 
623.81 
626.06 
627.665 
629.815 
631.87 
634.05 
635.495 
637.675 
639.175 
641.25 
642.675 
644.745 
645.76 
647.815 
649.22 
651.29 
652.585 
654.635 
655.995 
658.11 
659.955 
661.97 
663.335 
665.42 
666.85 
668.96 
670.395 
672.51 
673.56 
675.695 
677.205 
679.365 
680.965 
683.205 
684.675 
686.95 
689.035 
691.35 
692.955 
695.35 
697.02 
699.415 
701.155 
703.57 
704.915 
707.36 
709.105 
711.585 
713.425 
715.89 
717.735 
720.185 
722.47 
724.905 
726.82 
729.335 
731.155 
733.71 
735.46 
737.9 
739.26 
741.735 
743.415 
745.85 
747.585 
749.94 
751.585 
753.91 
755.98 
758.25 
759.755 
761.975 
763.48 
765.615 
767.02 
769.095 
770.0 
771.965 
773.255 
775.195 
776.405 
778.275 
779.305 
781.1 
782.645 
784.305 
785.27 
786.9 
787.825 
789.29 
790.165 
791.675 
792.095 
793.445 
794.18 
795.445 
796.21 
797.435 
798.09 
799.245 
800.295 
801.49 
801.99 
803.225 
803.65 
804.84 
805.22 
806.335 
806.405 
807.52 
807.895 
809.01 
809.465 
810.575 
811.025 
812.15 
813.09 
814.2 
814.705 
815.91 
816.445 
817.69 
818.215 
819.57 
819.63 
821.015 
821.695 
823.1 
823.87 
825.255 
826.075 
827.64 
828.93 
830.485 
831.395 
833.02 
834.06 
835.74 
836.805 
838.605 
839.335 
841.105 
842.295 
844.13 
845.43 
847.415 
848.655 
850.63 
852.36 
854.31 
855.635 
857.71 
859.105 
861.145 
862.475 
864.54 
865.505 
867.635 
868.98 
871.095 
872.46 
874.505 
875.83 
877.89 
879.685 
881.63 
882.955 
884.88 
886.185 
888.175 
889.275 
891.255 
891.99 
893.825 
894.925 
896.7 
897.77 
899.495 
900.475 
902.125 
903.565 
905.205 
906.02 
907.605 
908.42 
909.88 
910.67 
912.12 
912.47 
913.865 
914.455 
915.795 
916.425 
917.74 
918.305 
919.46 
920.435 
921.63 
922.105 
923.335 
923.81 
924.885 
925.27 
926.42 
926.41 
927.495 
927.935 
929.025 
929.37 
930.48 
930.845 
931.97 
932.88 
933.935 
934.285 
935.485 
935.975 
937.12 
937.685 
938.84 
939.015 
940.25 
940.84 
942.13 
942.78 
944.06 
944.775 
946.135 
947.33 
948.78 
949.64 
951.06 
951.91 
953.54 
954.365 
956.06 
956.585 
958.285 
959.19 
960.95 
962.005 
963.75 
964.91 
966.69 
968.24 
970.06 
971.21 
973.105 
974.29 
976.18 
977.33 
979.21 
980.04 
981.88 
983.1 
985.005 
986.27 
988.07 
989.285 
991.12 
992.705 
994.595 
995.69 
997.575 
998.67 
1000.415 
1001.495 
1003.205 
1003.785 
1005.445 
1006.41 
1008.065 
1009.055 
1010.57 
1011.385 
1012.93 
1014.21 
1015.69 
1016.42 
1017.885 
1018.555 
1019.9 
1020.45 
1021.815 
1022.005 
1023.27 
1023.66 
1024.86 
1025.375 
1026.475 
1026.845 
1027.91 
1028.75 
1029.715 
1030.005 
1031.045 
1031.28 
1032.29 
1032.39 
1033.405 
1033.21 
1034.14 
1034.295 
1035.19 
1035.33 
1036.26 
1036.36 
1037.335 
1037.965 
1038.82 
1039.005 
1039.92 
1040.19 
1041.085 
1041.36 
1042.34 
1042.26 
1043.28 
1043.62 
1044.72 
1045.075 
1046.14 
1046.585 
1047.81 
1048.785 
1050.055 
1050.56 
1051.855 
1052.47 
1053.855 
1054.43 
1055.92 
1056.29 
1057.75 
1058.435 
1059.945 
1060.81 
1062.445 
1063.25 
1064.885 
1066.25 
1067.855 
1068.76 
1070.45 
1071.415 
1073.05 
1074.005 
1075.75 
1076.41 
1078.095 
1079.07 
1080.705 
1081.68 
1083.38 
1084.285 
1085.95 
1087.295 
1088.935 
1089.745 
1091.41 
1092.22 
1093.785 
1094.54 
1096.06 
1096.45 
1097.93 
1098.605 
1099.995 
1100.675 
1102.0 
1102.57 
1103.89 
1104.91 
1106.115 
1106.555 
1107.7 
1108.2 
1109.29 
1109.67 
1110.735 
1110.77 
1111.68 
1111.99 
1112.97 
1113.25 
1114.11 
1114.32 
1115.175 
1115.8 
1116.725 
1116.75 
1117.615 
1117.78 
1118.495 
1118.525 
1119.385 
1119.065 
1119.805 
1119.82 
1120.63 
1120.655 
1121.435 
1121.535 
1122.325 
1122.875 
1123.62 
1123.665 
1124.54 
1124.665 
1125.515 
1125.655 
1126.61 
1126.41 
1127.31 
1127.515 
1128.555 
1128.84 
1129.795 
1130.04 
1131.145 
1132.07 
1133.08 
1133.475 
1134.655 
1135.13 
1136.275 
1136.75 
1138.085 
1138.24 
1139.5 
1140.055 
1141.33 
1141.945 
1143.295 
1143.905 
1145.305 
1146.37 
1147.805 
1148.435 
1149.875 
1150.61 
1151.925 
1152.57 
1153.92 
1154.245 
1155.665 
1156.215 
1157.55 
1158.21 
1159.49 
1160.065 
1161.405 
1162.42 
1163.605 
1164.1 
1165.335 
1165.87 
1166.97 
1167.31 
1168.425 
1168.385 
1169.375 
1169.7 
1170.71 
1170.905 
1171.745 
1171.855 
1172.68 
1173.345 
1174.095 
1174.14 
1174.83 
1174.795 
1175.44 
1175.345 
1175.97 
1175.505 
1175.965 
1175.78 
1176.225 
1175.99 
1176.51 
1176.1 
1176.445 
1176.605 
1177.0 
1176.525 
1176.805 
1176.525 
1176.775 
1176.24 
1176.56 
1175.765 
1176.025 
1175.54 
1175.77 
1175.335 
1175.54 
1175.145 
1175.415 
1175.485 
1175.74 
1175.325 
1175.675 
1175.305 
1175.66 
1175.33 
1175.715 
1175.03 
1175.485 
1175.37 
1175.855 
1175.69 
1176.225 
1176.06 
1176.695 
1177.13 
1177.77 
1177.75 
1178.475 
1178.555 
1179.36 
1179.465 
1180.385 
1180.165 
1181.08 
1181.215 
1182.15 
1182.52 
1183.51 
1183.835 
1184.825 
1185.66 
1186.655 
1187.075 
1188.155 
1188.67 
1189.805 
1190.145 
1191.36 
1191.36 
1192.55 
1192.9 
1194.045 
1194.555 
1195.645 
1195.99 
1197.215 
1198.085 
1199.125 
1199.485 
1200.605 
1201.035 
1202.07 
1202.385 
1203.37 
1203.245 
1204.22 
1204.49 
1205.4 
1205.675 
1206.545 
1206.63 
1207.53 
1208.11 
1208.9 
1209.0 
1209.73 
1209.755 
1210.47 
1210.53 
1211.185 
1210.78 
1211.395 
1211.275 
1211.91 
1211.765 
1212.4 
1212.17 
1212.74 
1212.995 
1213.505 
1213.285 
1213.825 
1213.61 
1214.1 
1213.855 
1214.315 
1213.685 
1214.155 
1213.945 
1214.425 
1214.225 
1214.64 
1214.51 
1215.07 
1215.305 
1215.89 
1215.715 
1216.395 
1216.31 
1216.97 
1216.92 
1217.625 
1217.3 
1218.1 
1218.17 
1218.985 
1219.145 
1220.095 
1220.28 
1221.22 
1221.95 
1223.005 
1223.325 
1224.47 
1224.875 
1226.0 
1226.495 
1227.795 
1227.94 
1229.235 
1229.865 
1231.195 
1231.925 
1233.395 
1234.07 
1235.61 
1236.78 
1238.315 
1239.08 
1240.65 
1241.59 
1243.125 
1243.94 
1245.485 
1246.14 
1247.67 
1248.575 
1250.15 
1251.08 
1252.605 
1253.46 
1254.99 
1256.29 
1257.925 
1258.555 
1260.09 
1260.965 
1262.375 
1263.08 
1264.46 
1264.77 
1266.095 
1266.67 
1267.935 
1268.465 
1269.705 
1270.195 
1271.25 
1272.17 
1273.26 
1273.535 
1274.58 
1274.765 
1275.62 
1275.86 
1276.675 
1276.44 
1277.165 
1277.085 
1277.81 
1277.77 
1278.315 
1278.175 
1278.72 
1278.965 
1279.47 
1279.125 
1279.57 
1279.27 
1279.605 
1279.085 
1279.535 
1278.74 
1279.0 
1278.53 
1278.775 
1278.3 
1278.51 
1277.985 
1278.195 
1278.175 
1278.37 
1277.84 
1278.035 
1277.64 
1277.88 
1277.415 
1277.665 
1276.83 
1277.115 
1276.685 
1277.02 
1276.735 
1277.11 
1276.715 
1277.195 
1277.38 
1277.86 
1277.64 
1278.155 
1278.04 
1278.64 
1278.565 
1279.24 
1278.765 
1279.465 
1279.525 
1280.245 
1280.3 
1281.06 
1281.165 
1282.075 
1282.665 
1283.46 
1283.63 
1284.515 
1284.78 
1285.615 
1285.85 
1286.765 
1286.735 
1287.675 
1287.815 
1288.73 
1288.94 
1289.8 
1289.955 
1290.885 
1291.45 
1292.325 
1292.37 
1293.215 
1293.305 
1294.05 
1294.075 
1294.8 
1294.475 
1295.1 
1295.035 
1295.66 
1295.55 
1296.075 
1295.815 
1296.32 
1296.5 
1296.98 
1296.65 
1296.96 
1296.675 
1296.88 
1296.405 
1296.745 
1295.84 
1295.96 
1295.35 
1295.475 
1294.885 
1294.915 
1294.235 
1294.2 
1293.915 
1293.855 
1293.155 
1293.12 
1292.31 
1292.155 
1291.275 
1291.205 
1289.965 
1289.795 
1289.015 
1288.78 
1287.945 
1287.745 
1286.95 
1286.835 
1286.4 
1286.305 
1285.495 
1285.355 
1284.67 
1284.575 
1283.885 
1283.86 
1282.8 
1282.86 
1282.21 
1282.305 
1281.805 
1281.905 
1281.4 
1281.67 
1281.68 
1281.99 
1281.6 
1281.935 
1281.65 
1282.16 
1281.87 
1282.48 
1281.885 
1282.45 
1282.335 
1282.955 
1282.99 
1283.69 
1283.725 
1284.575 
1285.055 
1285.795 
1286.005 
1286.875 
1287.095 
1287.925 
1288.12 
1288.995 
1288.955 
1289.765 
1289.945 
1290.945 
1291.165 
1292.165 
1292.325 
1293.32 
1293.94 
1294.835 
1295.025 
1295.905 
1296.105 
1296.955 
1297.115 
1297.865 
1297.585 
1298.315 
1298.38 
1299.035 
1299.085 
1299.71 
1299.685 
1300.265 
1300.635 
1301.11 
1300.985 
1301.435 
1301.2 
1301.605 
1301.265 
1301.61 
1300.985 
1301.21 
1300.795 
1301.035 
1300.54 
1300.73 
1300.095 
1300.235 
1300.105 
1300.22 
1299.505 
1299.585 
1298.955 
1298.975 
1298.2 
1298.235 
1297.085 
1297.11 
1296.34 
1296.305 
1295.585 
1295.495 
1294.775 
1294.75 
1294.565 
1294.55 
1293.84 
1293.85 
1293.21 
1293.335 
1292.655 
1292.87 
1291.91 
1292.09 
1291.59 
1291.8 
1291.38 
1291.69 
1291.21 
1291.61 
1291.73 
1292.185 
1291.925 
1292.45 
1292.32 
1292.885 
1292.72 
1293.405 
1292.995 
1293.5 
1293.53 
1294.24 
1294.41 
1295.19 
1295.295 
1296.04 
1296.61 
1297.525 
1297.675 
1298.59 
1298.785 
1299.67 
1299.865 
1300.79 
1300.645 
1301.645 
1301.735 
1302.705 
1302.86 
1303.765 
1303.93 
1304.79 
1305.345 
1306.285 
1306.335 
1307.21 
1307.295 
1308.07 
1308.075 
1308.85 
1308.425 
1309.13 
1309.08 
1309.725 
1309.66 
1310.21 
1310.08 
1310.57 
1310.91 
1311.355 
1311.145 
1311.555 
1311.255 
1311.655 
1311.29 
1311.665 
1310.865 
1311.2 
1310.725 
1311.0 
1310.575 
1310.81 
1310.29 
1310.55 
1310.435 
1310.56 
1310.04 
1310.29 
1309.73 
1309.85 
1309.32 
1309.545 
1308.52 
1308.76 
1308.19 
1308.405 
1307.91 
1308.07 
1307.635 
1307.905 
1307.95 
1308.215 
1307.805 
1308.095 
1307.86 
1308.26 
1308.025 
1308.45 
1308.005 
1308.44 
1308.335 
1308.91 
1308.885 
1309.555 
1309.45 
1310.25 
1310.75 
1311.69 
1311.8 
1312.655 
1312.895 
1313.805 
1314.11 
1315.18 
1315.12 
1316.225 
1316.525 
1317.745 
1318.23 
1319.44 
1319.875 
1321.07 
1322.03 
1323.3 
1323.85 
1325.05 
1325.705 
1326.945 
1327.465 
1328.675 
1328.89 
1330.155 
1330.6 
1331.905 
1332.385 
1333.62 
1334.065 
1335.175 
1336.08 
1337.175 
1337.5 
1338.59 
1338.97 
1339.92 
1340.165 
1341.115 
1340.85 
1341.68 
1341.78 
1342.62 
1342.645 
1343.34 
1343.295 
1343.99 
1344.315 
1344.91 
1344.735 
1345.155 
1344.935 
1345.335 
1345.05 
1345.365 
1344.645 
1344.915 
1344.41 
1344.67 
1344.17 
1344.31 
1343.75 
1343.91 
1343.705 
1343.8 
1343.175 
1343.245 
1342.59 
1342.585 
1341.815 
1341.905 
1340.775 
1340.775 
1340.065 
1340.035 
1339.345 
1339.255 
1338.595 
1338.62 
1338.405 
1338.435 
1337.715 
1337.835 
1337.21 
1337.25 
1336.775 
1336.835 
1335.84 
1336.005 
1335.5 
1335.765 
1335.315 
1335.56 
1335.12 
1335.41 
1335.58 
1335.915 
1335.64 
1336.08 
1335.795 
1336.195 
1336.03 
1336.525 
1336.035 
1336.555 
1336.4 
1336.925 
1336.91 
1337.51 
1337.395 
1338.035 
1338.425 
1339.05 
1339.01 
1339.71 
1339.695 
1340.295 
1340.275 
1340.91 
1340.56 
1341.175 
1341.07 
1341.735 
1341.59 
1342.225 
1341.995 
1342.59 
1342.84 
1343.29 
1343.06 
1343.485 
1343.325 
1343.695 
1343.345 
1343.765 
1342.98 
1343.29 
1342.845 
1343.11 
1342.625 
1342.78 
1342.255 
1342.34 
1342.23 
1342.315 
1341.68 
1341.685 
1340.99 
1340.935 
1340.28 
1340.16 
1339.05 
1338.865 
1338.075 
1337.89 
1337.06 
1336.95 
1336.04 
1335.795 
1335.295 
1335.055 
1334.135 
1333.91 
1333.055 
1332.745 
1331.79 
1331.585 
1330.24 
1330.065 
1329.075 
1328.875 
1328.01 
1327.79 
1326.935 
1326.79 
1326.455 
1326.335 
1325.49 
1325.415 
1324.7 
1324.705 
1323.99 
1324.115 
1323.11 
1323.16 
1322.58 
1322.805 
1322.32 
1322.485 
1322.095 
1322.31 
1322.435 
1322.895 
1322.595 
1323.025 
1322.8 
1323.3 
1323.08 
1323.765 
1323.22 
1323.87 
1323.765 
1324.44 
1324.46 
1325.215 
1325.19 
1325.985 
1326.525 
1327.295 
1327.32 
1328.2 
1328.33 
1329.12 
1329.275 
1330.105 
1329.905 
1330.74 
1330.85 
1331.695 
1331.75 
1332.55 
1332.695 
1333.51 
1334.06 
1334.82 
1334.86 
1335.6 
1335.655 
1336.35 
1336.235 
1336.965 
1336.49 
1337.04 
1336.9 
1337.59 
1337.38 
1337.91 
1337.655 
1338.07 
1338.335 
1338.655 
1338.39 
1338.705 
1338.39 
1338.65 
1338.265 
1338.515 
1337.77 
1337.955 
1337.415 
1337.57 
1337.04 
1337.135 
1336.605 
1336.67 
1336.505 
1336.605 
1335.9 
1335.945 
1335.4 
1335.34 
1334.6 
1334.695 
1333.66 
1333.7 
1332.97 
1333.045 
1332.38 
1332.45 
1331.74 
1331.865 
1331.775 
1331.855 
1331.19 
1331.455 
1330.905 
1331.105 
1330.67 
1330.905 
1330.11 
1330.42 
1330.02 
1330.38 
1330.15 
1330.5 
1330.215 
1330.68 
1330.95 
1331.54 
1331.37 
1331.985 
1331.915 
1332.615 
1332.555 
1333.3 
1332.92 
1333.645 
1333.775 
1334.475 
1334.68 
1335.495 
1335.605 
1336.45 
1337.05 
1337.875 
1338.065 
1339.005 
1339.185 
1340.135 
1340.27 
1341.12 
1340.965 
1341.845 
1341.94 
1342.83 
1343.005 
1343.805 
1343.915 
1344.725 
1345.255 
1346.03 
1345.97 
1346.73 
1346.76 
1347.5 
1347.45 
1348.035 
1347.535 
1348.145 
1347.925 
1348.48 
1348.4 
1348.8 
1348.54 
1348.935 
1349.105 
1349.465 
1349.165 
1349.535 
1349.015 
1349.305 
1348.945 
1349.2 
1348.33 
1348.48 
1347.915 
1348.105 
1347.545 
1347.69 
1347.11 
1347.16 
1346.995 
1347.09 
1346.47 
1346.535 
1345.91 
1345.935 
1345.17 
1345.345 
1344.27 
1344.33 
1343.725 
1343.745 
1343.135 
1343.18 
1342.59 
1342.68 
1342.62 
1342.74 
1342.155 
1342.345 
1341.91 
1342.115 
1341.665 
1341.9 
1341.175 
1341.505 
1341.115 
1341.545 
1341.185 
1341.62 
1341.315 
1341.84 
1342.105 
1342.655 
1342.465 
1343.07 
1342.965 
1343.62 
1343.57 
1344.315 
1343.91 
1344.59 
1344.59 
1345.375 
1345.48 
1346.255 
1346.315 
1347.19 
1347.675 
1348.525 
1348.6 
1349.515 
1349.665 
1350.415 
1350.53 
1351.42 
1351.06 
1351.92 
1351.94 
1352.685 
1352.785 
1353.475 
1353.47 
1354.215 
1354.595 
1355.245 
1355.145 
1355.74 
1355.68 
1356.27 
1356.035 
1356.525 
1355.92 
1356.28 
1356.005 
1356.43 
1356.065 
1356.43 
1355.99 
1356.23 
1356.165 
1356.43 
1355.92 
1356.07 
1355.47 
1355.605 
1354.965 
1355.025 
1353.98 
1354.015 
1353.26 
1353.22 
1352.495 
1352.52 
1351.73 
1351.62 
1351.235 
1351.13 
1350.295 
1350.3 
1349.475 
1349.37 
1348.455 
1348.405 
1347.275 
1347.085 
1346.34 
1346.235 
1345.445 
1345.44 
1344.71 
1344.735 
1344.505 
1344.565 
1343.855 
1343.975 
1343.405 
1343.54 
1343.055 
1343.185 
1342.34 
1342.545 
1342.105 
1342.44 
1342.125 
1342.455 
1342.145 
1342.6 
1342.795 
1343.275 
1343.11 
1343.675 
1343.55 
1344.12 
1344.055 
1344.79 
1344.35 
1344.96 
1345.0 
1345.69 
1345.775 
1346.57 
1346.64 
1347.415 
1347.94 
1348.715 
1348.81 
1349.64 
1349.78 
1350.55 
1350.625 
1351.445 
1351.135 
1351.895 
1351.885 
1352.66 
1352.675 
1353.38 
1353.35 
1353.965 
1354.415 
1355.01 
1354.83 
1355.355 
1355.245 
1355.775 
1355.485 
1355.955 
1355.31 
1355.675 
1355.31 
1355.69 
1355.31 
1355.495 
1355.115 
1355.31 
1355.18 
1355.37 
1354.73 
1354.865 
1354.27 
1354.22 
1353.6 
1353.63 
1352.49 
1352.39 
1351.63 
1351.53 
1350.7 
1350.585 
1349.775 
1349.635 
1349.185 
1349.015 
1348.155 
1347.95 
1347.175 
1347.0 
1346.05 
1345.895 
1344.56 
1344.49 
1343.63 
1343.5 
1342.715 
1342.565 
1341.82 
1341.755 
1341.525 
1341.44 
1340.695 
1340.82 
1340.21 
1340.315 
1339.735 
1339.9 
1339.03 
1339.28 
1338.885 
1339.13 
1338.835 
1339.155 
1338.8 
1339.29 
1339.48 
1340.07 
1339.895 
1340.525 
1340.505 
1341.105 
1341.135 
1341.775 
1341.4 
1342.155 
1342.25 
1343.02 
1343.16 
1343.965 
1344.12 
1344.99 
1345.605 
1346.445 
1346.685 
1347.6 
1347.835 
1348.67 
1348.96 
1349.805 
1349.61 
1350.405 
1350.635 
1351.38 
1351.595 
1352.445 
1352.525 
1353.3 
1353.825 
1354.61 
1354.535 
1355.35 
1355.37 
1356.04 
1355.935 
1356.56 
1356.075 
1356.595 
1356.425 
1356.925 
1356.715 
1357.26 
1356.9 
1357.335 
1357.475 
1357.795 
1357.505 
1357.75 
1357.39 
1357.56 
1357.19 
1357.41 
1356.63 
1356.81 
1356.23 
1356.39 
1355.86 
1355.995 
1355.425 
1355.49 
1355.315 
1355.51 
1354.83 
1354.95 
1354.37 
1354.46 
1353.8 
1353.99 
1352.98 
