Run 10 on 20200810 on sample T20-5d, LT thermometer,  dT/T0 = 0.02
Time per point = 4.375e-05 seconds
1528.07 
1527.81 
1528.095 
1527.78 
1528.01 
1527.66 
1527.93 
1527.14 
1527.41 
1526.935 
1527.165 
1526.74 
1526.99 
1526.45 
1526.71 
1526.66 
1526.935 
1526.415 
1526.565 
1526.18 
1526.345 
1525.915 
1526.085 
1525.275 
1525.49 
1525.0 
1525.25 
1524.855 
1525.13 
1524.715 
1524.97 
1525.08 
1525.38 
1524.975 
1525.335 
1525.06 
1525.4 
1525.145 
1525.495 
1524.945 
1525.34 
1525.115 
1525.54 
1525.415 
1525.875 
1525.695 
1526.195 
1526.48 
1526.995 
1526.835 
1527.475 
1527.34 
1527.89 
1527.795 
1528.42 
1527.925 
1528.44 
1528.395 
1528.92 
1528.96 
1529.49 
1529.42 
1529.985 
1530.315 
1530.865 
1530.77 
1531.275 
1531.125 
1531.695 
1531.405 
1531.965 
1531.435 
1531.89 
1531.6 
1532.0 
1531.69 
1532.085 
1531.735 
1532.0 
1532.055 
1532.37 
1531.955 
1532.165 
1531.775 
1531.93 
1531.355 
1531.5 
1530.6 
1530.605 
1530.02 
1530.045 
1529.45 
1529.485 
1528.725 
1528.705 
1528.5 
1528.48 
1527.765 
1527.705 
1526.95 
1526.855 
1526.105 
1526.05 
1524.93 
1524.9 
1524.1 
1523.95 
1523.31 
1523.235 
1522.33 
1522.285 
1521.985 
1521.85 
1521.16 
1521.1 
1520.37 
1520.29 
1519.575 
1519.5 
1518.425 
1518.395 
1517.675 
1517.585 
1516.89 
1516.875 
1516.165 
1516.145 
1515.865 
1515.925 
1515.145 
1515.14 
1514.54 
1514.415 
1513.705 
1513.735 
1512.62 
1512.56 
1511.875 
1511.815 
1511.105 
1511.01 
1510.285 
1510.225 
1509.89 
1509.79 
1508.965 
1508.84 
1508.11 
1507.95 
1507.075 
1506.98 
1505.755 
1505.57 
1504.73 
1504.44 
1503.675 
1503.41 
1502.52 
1502.325 
1501.855 
1501.615 
1500.655 
1500.455 
1499.58 
1499.37 
1498.455 
1498.255 
1497.075 
1496.81 
1495.94 
1495.785 
1494.93 
1494.69 
1493.95 
1493.765 
1493.42 
1493.28 
1492.495 
1492.425 
1491.72 
1491.74 
1490.97 
1490.995 
1489.98 
1489.925 
1489.37 
1489.415 
1488.9 
1488.995 
1488.485 
1488.595 
1488.585 
1488.765 
1488.235 
1488.545 
1488.075 
1488.355 
1487.975 
1488.315 
1487.58 
1487.91 
1487.54 
1487.935 
1487.68 
1487.995 
1487.68 
1488.05 
1488.25 
1488.615 
1488.345 
1488.77 
1488.405 
1488.91 
1488.57 
1488.965 
1488.33 
1488.715 
1488.315 
1488.72 
1488.37 
1488.705 
1488.35 
1488.705 
1488.76 
1489.025 
1488.575 
1488.83 
1488.45 
1488.675 
1488.145 
1488.37 
1487.535 
1487.685 
1487.21 
1487.285 
1486.785 
1486.92 
1486.37 
1486.42 
1486.315 
1486.38 
1485.775 
1485.88 
1485.305 
1485.3 
1484.705 
1484.8 
1483.77 
1483.745 
1483.115 
1483.14 
1482.55 
1482.525 
1481.9 
1481.875 
1481.72 
1481.775 
1481.085 
1481.205 
1480.54 
1480.565 
1479.895 
1479.965 
1478.96 
1479.075 
1478.415 
1478.485 
1477.88 
1478.0 
1477.345 
1477.37 
1477.23 
1477.355 
1476.69 
1476.835 
1476.385 
1476.415 
1475.785 
1475.96 
1475.02 
1475.135 
1474.515 
1474.615 
1474.11 
1474.27 
1473.665 
1473.79 
1473.68 
1473.78 
1473.25 
1473.41 
1472.855 
1472.855 
1472.305 
1472.465 
1471.545 
1471.67 
1471.15 
1471.255 
1470.745 
1470.81 
1470.185 
1470.405 
1470.27 
1470.305 
1469.79 
1469.965 
1469.395 
1469.5 
1468.94 
1469.125 
1468.23 
1468.36 
1467.81 
1467.99 
1467.545 
1467.68 
1467.2 
1467.4 
1467.365 
1467.56 
1467.085 
1467.285 
1466.88 
1467.105 
1466.695 
1466.955 
1466.19 
1466.475 
1466.025 
1466.345 
1465.975 
1466.305 
1465.94 
1466.305 
1466.465 
1466.765 
1466.415 
1466.775 
1466.595 
1466.955 
1466.645 
1467.11 
1466.475 
1466.905 
1466.535 
1466.98 
1466.78 
1467.255 
1467.03 
1467.495 
1467.65 
1468.135 
1467.915 
1468.355 
1468.24 
1468.655 
1468.395 
1468.9 
1468.305 
1468.775 
1468.505 
1469.005 
1468.72 
1469.185 
1468.925 
1469.395 
1469.62 
1470.02 
1469.745 
1470.22 
1470.015 
1470.455 
1470.17 
1470.57 
1469.975 
1470.375 
1470.065 
1470.52 
1470.27 
1470.68 
1470.4 
1470.84 
1471.02 
1471.445 
1471.09 
1471.6 
1471.29 
1471.675 
1471.485 
1471.865 
1471.22 
1471.615 
1471.345 
1471.685 
1471.44 
1471.855 
1471.575 
1471.95 
1472.105 
1472.53 
1472.225 
1472.655 
1472.425 
1472.765 
1472.44 
1472.875 
1472.195 
1472.57 
1472.265 
1472.645 
1472.365 
1472.77 
1472.465 
1472.835 
1473.02 
1473.415 
1473.04 
1473.405 
1473.175 
1473.5 
1473.2 
1473.48 
1472.89 
1473.175 
1472.89 
1473.24 
1472.885 
1473.155 
1472.825 
1473.075 
1473.195 
1473.5 
1473.07 
1473.37 
1473.055 
1473.305 
1472.91 
1473.17 
1472.395 
1472.55 
1472.19 
1472.405 
1472.04 
1472.295 
1471.845 
1472.095 
1472.105 
1472.37 
1471.96 
1472.145 
1471.82 
1472.015 
1471.56 
1471.84 
1471.035 
1471.2 
1470.84 
1471.03 
1470.675 
1470.915 
1470.415 
1470.665 
1470.635 
1470.92 
1470.35 
1470.64 
1470.165 
1470.435 
1469.98 
1470.15 
1469.35 
1469.52 
1469.075 
1469.215 
1468.755 
1468.89 
1468.355 
1468.55 
1468.515 
1468.6 
1467.99 
1468.145 
1467.595 
1467.635 
1466.965 
1467.025 
1465.98 
1466.0 
1465.265 
1465.135 
1464.44 
1464.27 
1463.49 
1463.29 
1462.805 
1462.535 
1461.61 
1461.35 
1460.325 
1459.96 
1458.795 
1458.29 
1456.785 
1456.22 
1454.94 
1454.355 
1453.025 
1452.28 
1450.875 
1450.02 
1448.95 
1448.085 
1446.375 
1445.47 
1443.815 
1442.735 
1440.95 
1439.735 
1437.495 
1436.2 
1434.19 
1432.855 
1430.775 
1429.325 
1427.14 
1425.585 
1423.73 
1422.14 
1419.73 
1417.97 
1415.56 
1413.67 
1411.05 
1409.175 
1406.175 
1404.17 
1401.36 
1399.28 
1396.455 
1394.28 
1391.335 
1389.055 
1386.545 
1384.18 
1381.14 
1378.72 
1375.7 
1373.185 
1369.96 
1367.385 
1363.885 
1361.205 
1357.795 
1355.175 
1351.735 
1349.035 
1345.63 
1342.815 
1339.705 
1336.88 
1333.28 
1330.26 
1326.755 
1323.755 
1320.065 
1317.075 
1313.04 
1309.895 
1306.145 
1302.965 
1299.16 
1296.045 
1292.145 
1288.98 
1285.465 
1282.25 
1278.365 
1275.115 
1271.19 
1267.895 
1263.975 
1260.66 
1256.335 
1253.06 
1249.015 
1245.695 
1241.81 
1238.445 
1234.42 
1231.095 
1227.575 
1224.25 
1220.205 
1216.885 
1212.98 
1209.655 
1205.68 
1202.435 
1198.125 
1194.86 
1190.94 
1187.705 
1183.855 
1180.63 
1176.695 
1173.57 
1170.24 
1167.13 
1163.345 
1160.255 
1156.59 
1153.48 
1149.82 
1146.875 
1142.91 
1139.885 
1136.355 
1133.49 
1129.965 
1127.075 
1123.645 
1120.855 
1117.905 
1115.195 
1111.83 
1109.14 
1105.85 
1103.235 
1099.96 
1097.44 
1093.795 
1091.23 
1087.98 
1085.58 
1082.385 
1079.965 
1076.785 
1074.415 
1071.725 
1069.385 
1066.385 
1063.935 
1060.975 
1058.665 
1055.63 
1053.33 
1050.12 
1047.795 
1044.825 
1042.59 
1039.635 
1037.41 
1034.49 
1032.305 
1029.885 
1027.68 
1024.725 
1022.59 
1019.77 
1017.535 
1014.705 
1012.58 
1009.385 
1007.175 
1004.3 
1002.115 
999.295 
997.16 
994.315 
992.12 
989.755 
987.63 
984.73 
982.67 
979.81 
977.595 
974.84 
972.69 
969.61 
967.425 
964.64 
962.445 
959.71 
957.61 
954.81 
952.66 
950.42 
948.225 
945.485 
943.46 
940.735 
938.7 
935.89 
933.85 
930.71 
928.675 
925.945 
923.915 
921.275 
919.215 
916.465 
914.515 
912.28 
910.24 
907.53 
905.575 
902.93 
900.97 
898.24 
896.275 
893.305 
891.245 
888.685 
886.675 
884.055 
882.115 
879.45 
877.47 
875.335 
873.47 
870.83 
868.925 
866.355 
864.405 
861.87 
859.955 
857.025 
855.145 
852.54 
850.71 
848.16 
846.34 
843.73 
841.835 
839.79 
837.915 
835.395 
833.53 
831.06 
829.24 
826.67 
824.89 
822.0 
820.17 
817.7 
815.88 
813.45 
811.675 
809.185 
807.465 
805.475 
803.71 
801.305 
799.59 
797.305 
795.57 
793.185 
791.495 
788.92 
787.175 
784.905 
783.365 
781.1 
779.585 
777.285 
775.765 
773.995 
772.6 
770.42 
769.005 
766.94 
765.475 
763.4 
762.1 
759.645 
758.345 
756.245 
755.015 
753.105 
751.84 
749.895 
748.725 
747.28 
746.09 
744.245 
743.175 
741.42 
740.295 
738.53 
737.455 
735.385 
734.29 
732.585 
731.655 
730.045 
728.995 
727.385 
726.46 
725.27 
724.295 
722.73 
721.745 
720.325 
719.335 
717.735 
716.875 
714.925 
714.115 
712.515 
711.585 
710.055 
709.165 
707.575 
706.615 
705.6 
704.645 
703.045 
702.17 
700.675 
699.715 
698.19 
697.295 
695.29 
694.47 
692.875 
691.955 
690.51 
689.525 
687.99 
687.105 
686.055 
685.125 
683.59 
682.71 
681.155 
680.3 
678.735 
677.885 
675.99 
675.125 
673.52 
672.64 
671.145 
670.21 
668.635 
667.785 
666.725 
665.815 
664.26 
663.425 
661.86 
661.005 
659.335 
658.55 
656.62 
655.68 
654.12 
653.225 
651.69 
650.855 
649.28 
648.36 
647.235 
646.4 
644.81 
643.955 
642.365 
641.405 
639.93 
639.065 
637.025 
636.08 
634.52 
633.55 
631.99 
631.035 
629.465 
628.475 
627.3 
626.365 
624.735 
623.765 
622.155 
621.195 
619.53 
618.655 
616.57 
615.63 
613.98 
613.04 
611.395 
610.44 
608.865 
607.92 
606.86 
605.905 
604.325 
603.4 
601.97 
601.085 
599.515 
598.695 
596.805 
596.0 
594.45 
593.715 
592.22 
591.5 
590.02 
589.29 
588.375 
587.615 
586.185 
585.585 
584.26 
583.605 
582.235 
581.67 
580.01 
579.405 
578.075 
577.54 
576.33 
575.81 
574.57 
574.115 
573.365 
572.895 
571.82 
571.35 
570.275 
569.835 
568.735 
568.33 
567.11 
566.695 
565.6 
565.285 
564.39 
563.96 
562.99 
562.74 
562.17 
561.925 
560.84 
560.61 
559.71 
559.48 
558.52 
558.25 
556.985 
556.775 
555.845 
555.635 
554.735 
554.515 
553.65 
553.42 
553.07 
552.88 
551.97 
551.925 
551.105 
550.93 
550.12 
550.025 
548.87 
548.785 
548.0 
547.875 
547.16 
547.04 
546.29 
546.2 
545.905 
545.81 
545.035 
545.08 
544.335 
544.24 
543.455 
543.405 
542.255 
542.17 
541.425 
541.3 
540.64 
540.47 
539.7 
539.675 
539.33 
539.125 
538.395 
538.285 
537.545 
537.41 
536.565 
536.42 
535.285 
535.085 
534.2 
534.045 
533.205 
533.06 
532.175 
531.96 
531.525 
531.38 
530.35 
530.23 
529.3 
529.07 
528.11 
527.87 
526.545 
526.205 
525.265 
524.96 
524.03 
523.735 
522.745 
522.38 
521.835 
521.54 
520.45 
520.19 
519.195 
518.835 
517.905 
517.51 
516.14 
515.895 
514.825 
514.53 
513.66 
513.29 
512.385 
512.135 
511.605 
511.35 
510.395 
510.22 
509.3 
509.045 
508.165 
508.025 
506.68 
506.495 
505.65 
505.485 
504.68 
504.58 
503.705 
503.62 
503.24 
503.185 
502.35 
502.35 
501.57 
501.48 
500.72 
500.725 
499.66 
499.715 
498.945 
498.96 
498.265 
498.285 
497.55 
497.695 
497.515 
497.58 
496.93 
497.035 
496.38 
496.54 
495.905 
496.005 
495.055 
495.185 
494.585 
494.69 
494.105 
494.185 
493.615 
493.745 
493.635 
493.76 
493.18 
493.355 
492.815 
492.895 
492.31 
492.545 
491.65 
491.765 
491.21 
491.325 
490.8 
491.01 
490.41 
490.635 
490.585 
490.72 
490.22 
490.335 
489.93 
490.055 
489.515 
489.78 
488.905 
489.085 
488.56 
488.72 
488.28 
488.455 
487.915 
488.18 
488.14 
488.285 
487.765 
488.0 
487.52 
487.615 
487.1 
487.275 
486.365 
486.63 
486.0 
486.165 
485.69 
485.82 
485.285 
485.4 
485.32 
485.505 
484.9 
485.02 
484.58 
484.725 
484.105 
484.215 
483.275 
483.36 
482.76 
482.86 
482.295 
482.35 
481.72 
481.77 
481.54 
481.565 
480.895 
480.885 
480.215 
480.245 
479.45 
479.42 
478.33 
478.245 
477.475 
477.315 
476.64 
476.51 
475.6 
475.59 
475.135 
474.98 
474.17 
474.09 
473.255 
473.04 
472.22 
471.99 
470.815 
470.635 
469.755 
469.61 
468.77 
468.6 
467.745 
467.535 
467.2 
467.06 
466.185 
466.02 
465.26 
465.105 
464.28 
464.21 
463.13 
462.98 
462.155 
462.12 
461.41 
461.34 
460.56 
460.555 
460.27 
460.33 
459.665 
459.66 
459.005 
459.105 
458.435 
458.59 
457.635 
457.82 
457.2 
457.31 
456.785 
456.955 
456.415 
456.69 
456.635 
456.875 
456.355 
456.64 
456.245 
456.43 
456.02 
456.305 
455.63 
455.89 
455.435 
455.735 
455.36 
455.595 
455.225 
455.535 
455.595 
455.88 
455.515 
455.825 
455.43 
455.795 
455.385 
455.7 
454.925 
455.185 
454.82 
455.165 
454.785 
455.135 
454.745 
455.035 
455.065 
455.345 
455.0 
455.3 
454.895 
455.22 
454.79 
455.105 
454.265 
454.585 
454.155 
454.4 
454.06 
454.27 
453.84 
454.07 
454.075 
454.325 
453.87 
454.17 
453.72 
453.935 
453.46 
453.75 
452.965 
453.2 
452.73 
452.965 
452.49 
452.715 
452.275 
452.52 
452.47 
452.69 
452.235 
452.375 
451.965 
452.165 
451.645 
451.775 
450.935 
451.095 
450.53 
450.685 
450.07 
450.205 
449.555 
449.63 
449.505 
449.5 
448.845 
448.835 
448.28 
448.185 
447.555 
447.505 
446.335 
446.35 
445.61 
445.46 
444.765 
444.595 
443.9 
443.795 
443.4 
443.285 
442.425 
442.295 
441.525 
441.315 
440.53 
440.345 
439.225 
439.085 
438.24 
438.03 
437.115 
436.98 
436.14 
435.94 
435.555 
435.445 
434.51 
434.315 
433.57 
433.37 
432.51 
432.49 
431.21 
431.035 
430.355 
430.2 
429.41 
429.34 
428.595 
428.485 
428.245 
428.25 
427.51 
427.525 
426.93 
426.925 
426.3 
426.285 
425.395 
425.505 
424.865 
424.905 
424.38 
424.53 
423.9 
424.07 
423.93 
424.065 
423.565 
423.705 
423.225 
423.35 
422.87 
423.08 
422.22 
422.37 
421.865 
422.03 
421.63 
421.805 
421.36 
421.575 
421.56 
421.755 
421.29 
421.535 
421.115 
421.34 
420.885 
421.17 
420.39 
420.65 
420.165 
420.46 
420.055 
420.33 
419.865 
420.175 
420.245 
420.555 
420.09 
420.385 
420.05 
420.33 
419.91 
420.205 
419.405 
419.77 
419.275 
419.575 
419.28 
419.58 
419.215 
419.54 
419.605 
419.97 
419.62 
419.995 
419.62 
419.995 
419.65 
419.98 
419.3 
419.695 
419.31 
419.605 
419.365 
419.695 
419.32 
419.69 
419.735 
420.125 
419.745 
419.98 
419.67 
419.885 
419.5 
419.74 
418.94 
419.15 
418.635 
418.79 
418.335 
418.525 
417.975 
418.1 
418.07 
418.145 
417.5 
417.615 
417.005 
417.12 
416.405 
416.51 
415.615 
415.645 
414.91 
414.865 
414.2 
414.225 
413.47 
413.415 
413.17 
413.105 
412.285 
412.3 
411.57 
411.49 
410.745 
410.68 
409.525 
409.46 
408.675 
408.64 
407.87 
407.8 
407.005 
406.97 
406.71 
406.675 
405.935 
405.895 
405.27 
405.215 
404.6 
404.65 
403.57 
403.57 
403.04 
403.095 
402.575 
402.58 
402.055 
402.195 
402.105 
402.235 
401.785 
401.925 
401.455 
401.62 
401.175 
401.35 
400.47 
400.715 
400.235 
400.385 
400.01 
400.22 
399.785 
399.965 
399.975 
400.175 
399.73 
400.03 
399.555 
399.8 
399.26 
399.57 
398.715 
398.95 
398.47 
398.665 
398.285 
398.535 
398.04 
398.24 
398.225 
398.54 
397.98 
398.3 
397.905 
398.1 
397.705 
398.0 
397.135 
397.405 
396.97 
397.29 
396.9 
397.215 
396.76 
396.99 
397.135 
397.45 
397.11 
397.395 
397.11 
397.425 
397.22 
397.66 
396.99 
397.265 
397.185 
397.535 
397.44 
397.96 
397.795 
398.29 
398.655 
399.1 
399.09 
399.705 
399.65 
400.315 
400.24 
400.86 
400.47 
401.12 
401.14 
401.76 
401.79 
402.425 
402.395 
403.09 
403.515 
404.14 
404.12 
404.755 
404.77 
405.3 
405.175 
405.795 
405.38 
405.86 
405.64 
406.25 
405.945 
406.475 
406.19 
406.645 
406.86 
407.275 
406.92 
407.215 
406.995 
407.29 
406.885 
407.19 
406.365 
406.645 
406.1 
406.29 
405.905 
406.085 
405.505 
405.74 
405.635 
405.745 
405.22 
405.285 
404.79 
404.885 
404.235 
404.305 
403.45 
403.505 
402.96 
403.0 
402.555 
402.615 
402.08 
402.19 
402.1 
402.265 
401.78 
401.93 
401.555 
401.755 
401.255 
401.6 
400.795 
401.04 
400.655 
400.985 
400.63 
401.01 
400.665 
401.045 
401.215 
401.6 
401.31 
401.73 
401.485 
401.865 
401.575 
402.035 
401.355 
401.835 
401.525 
401.955 
401.81 
402.175 
401.93 
402.395 
402.505 
402.95 
402.66 
403.075 
402.89 
403.27 
402.965 
403.355 
402.635 
403.035 
402.745 
403.085 
402.815 
403.08 
402.79 
403.17 
403.31 
403.56 
403.175 
403.51 
403.225 
403.44 
403.085 
403.44 
402.695 
402.94 
402.565 
402.885 
402.49 
402.82 
402.41 
402.755 
402.905 
403.165 
402.8 
403.265 
402.975 
403.32 
403.025 
403.47 
402.78 
403.22 
403.045 
403.55 
403.265 
403.775 
403.6 
404.165 
404.47 
405.005 
404.935 
405.505 
405.435 
406.09 
405.9 
406.565 
406.185 
406.775 
406.82 
407.35 
407.41 
407.99 
407.965 
408.59 
409.055 
409.585 
409.575 
410.21 
410.17 
410.795 
410.665 
411.28 
410.85 
411.375 
411.345 
411.92 
411.755 
412.305 
412.065 
412.57 
412.87 
413.395 
413.155 
413.62 
413.43 
413.805 
413.53 
413.945 
413.275 
413.615 
413.265 
413.57 
413.255 
413.51 
413.05 
413.38 
413.365 
413.61 
413.1 
413.4 
412.925 
413.155 
412.62 
412.745 
411.985 
412.195 
411.64 
411.79 
411.34 
411.505 
411.025 
411.235 
411.265 
411.565 
411.07 
411.3 
410.94 
411.19 
410.79 
411.03 
410.32 
410.575 
410.245 
410.58 
410.245 
410.62 
410.275 
410.62 
410.82 
411.155 
410.85 
411.25 
411.075 
411.43 
411.18 
411.685 
411.055 
411.49 
411.25 
411.67 
411.495 
412.01 
411.74 
412.23 
412.42 
412.92 
412.705 
413.14 
412.975 
413.495 
413.19 
413.685 
413.11 
413.59 
413.335 
413.745 
413.515 
413.96 
413.725 
414.13 
414.33 
414.735 
414.4 
414.755 
414.545 
415.02 
414.54 
415.02 
414.295 
414.67 
414.38 
414.72 
414.42 
414.775 
414.45 
414.815 
414.955 
415.365 
415.05 
415.49 
415.245 
415.605 
415.315 
415.83 
415.275 
415.62 
415.45 
415.895 
415.7 
416.265 
415.965 
416.48 
416.76 
417.21 
417.05 
417.565 
417.45 
417.945 
417.705 
418.325 
417.83 
418.33 
418.16 
418.69 
418.54 
419.05 
418.905 
419.425 
419.7 
420.3 
419.955 
420.48 
420.35 
420.83 
420.58 
421.11 
420.555 
420.975 
420.695 
421.09 
420.86 
421.22 
420.9 
421.275 
421.365 
421.65 
421.255 
421.56 
421.155 
421.405 
420.975 
421.16 
420.25 
420.46 
419.855 
420.0 
419.46 
419.65 
418.98 
419.15 
418.965 
419.005 
418.385 
418.49 
417.905 
417.895 
417.215 
417.33 
416.385 
416.465 
415.77 
415.85 
415.25 
415.34 
414.695 
414.765 
414.7 
414.8 
414.18 
414.33 
413.825 
413.925 
413.41 
413.585 
412.65 
412.825 
412.355 
412.525 
412.06 
412.32 
411.795 
412.01 
412.055 
412.28 
411.795 
412.04 
411.695 
411.92 
411.555 
411.845 
411.035 
411.34 
410.9 
411.19 
410.835 
411.065 
410.695 
410.935 
411.06 
411.255 
410.875 
411.165 
410.745 
410.945 
410.515 
410.745 
409.835 
410.165 
409.625 
409.83 
409.39 
409.49 
409.035 
409.14 
409.135 
409.34 
408.775 
408.845 
408.35 
408.5 
407.925 
408.14 
407.3 
407.4 
406.915 
407.06 
406.525 
406.67 
406.19 
406.33 
406.33 
406.565 
406.12 
406.385 
405.935 
406.18 
405.785 
406.115 
405.355 
405.62 
405.305 
405.665 
405.345 
405.665 
405.29 
405.765 
405.93 
406.27 
406.02 
406.52 
406.275 
406.69 
406.38 
406.84 
406.31 
406.825 
406.5 
407.05 
406.885 
407.3 
407.05 
407.555 
407.745 
408.27 
408.045 
408.42 
408.24 
408.68 
408.425 
408.86 
408.18 
408.535 
408.205 
408.555 
408.235 
408.575 
408.15 
408.375 
408.46 
408.73 
408.175 
408.36 
407.92 
408.025 
407.495 
407.61 
406.72 
406.78 
406.19 
406.135 
405.62 
405.63 
405.02 
405.05 
404.79 
404.74 
404.105 
404.12 
403.495 
403.5 
402.75 
402.735 
401.75 
401.745 
401.07 
401.145 
400.45 
400.555 
399.84 
399.88 
399.795 
399.825 
399.21 
399.355 
398.745 
398.85 
398.225 
398.41 
397.57 
397.68 
397.14 
397.32 
396.81 
397.05 
396.505 
396.675 
396.74 
396.95 
396.45 
396.735 
396.315 
396.535 
396.105 
396.42 
395.615 
395.815 
395.4 
395.565 
395.265 
395.585 
395.025 
395.335 
395.275 
395.555 
395.13 
395.34 
394.9 
395.03 
394.555 
394.745 
393.97 
394.03 
393.56 
393.675 
393.17 
393.21 
392.675 
392.8 
392.66 
392.735 
392.155 
392.235 
391.74 
391.795 
391.18 
391.31 
390.39 
390.385 
389.85 
390.01 
389.51 
389.695 
389.105 
389.28 
389.31 
389.46 
388.925 
389.245 
388.675 
388.985 
388.51 
388.9 
388.06 
388.48 
388.095 
388.415 
388.085 
388.54 
388.18 
388.63 
388.79 
389.28 
389.03 
389.55 
389.395 
389.9 
389.735 
390.35 
389.835 
390.42 
390.335 
390.975 
390.94 
391.52 
391.51 
392.145 
392.545 
393.22 
393.13 
393.735 
393.73 
394.4 
394.33 
394.99 
394.5 
395.04 
395.0 
395.585 
395.415 
395.94 
395.775 
396.24 
396.53 
397.0 
396.65 
397.21 
396.925 
397.305 
396.95 
397.345 
396.665 
396.965 
396.59 
396.89 
396.495 
396.795 
396.31 
396.615 
396.61 
396.9 
396.43 
396.625 
396.22 
396.46 
395.96 
396.17 
395.4 
395.575 
395.105 
395.305 
394.855 
395.04 
394.565 
394.77 
394.71 
394.975 
394.435 
394.655 
394.26 
394.55 
394.045 
394.345 
393.515 
393.755 
393.31 
393.595 
393.235 
393.56 
393.195 
393.465 
393.615 
393.91 
393.47 
393.91 
393.69 
393.89 
393.675 
394.02 
393.46 
393.78 
393.48 
393.77 
393.525 
393.845 
393.525 
393.83 
393.98 
394.27 
393.955 
394.35 
393.945 
394.295 
393.855 
394.185 
393.57 
393.7 
393.295 
393.63 
393.225 
393.47 
393.05 
393.275 
393.35 
393.655 
393.22 
393.525 
393.085 
393.42 
392.96 
393.275 
392.495 
392.795 
392.4 
392.68 
392.365 
392.65 
392.29 
392.57 
392.66 
393.005 
392.615 
392.995 
392.71 
393.07 
392.75 
393.14 
392.55 
392.915 
392.66 
393.04 
392.88 
393.34 
393.095 
393.6 
393.85 
394.355 
394.215 
394.73 
394.645 
395.245 
395.145 
395.68 
395.34 
395.94 
395.85 
396.45 
396.46 
397.04 
396.945 
397.625 
398.025 
398.685 
398.54 
399.34 
399.32 
399.99 
399.815 
400.525 
400.115 
400.69 
400.595 
401.225 
401.165 
401.805 
401.665 
402.25 
402.645 
403.22 
403.05 
403.65 
403.555 
404.105 
403.965 
404.61 
404.1 
404.655 
404.48 
405.01 
404.92 
405.42 
405.235 
405.79 
406.05 
406.535 
406.315 
406.87 
406.665 
407.16 
406.935 
407.415 
406.825 
407.27 
407.055 
407.495 
407.305 
407.76 
407.44 
407.855 
408.085 
408.505 
408.26 
408.7 
408.51 
408.9 
408.575 
409.1 
408.545 
408.885 
408.7 
409.135 
408.84 
409.215 
408.93 
409.415 
409.6 
410.005 
409.675 
410.12 
409.825 
410.25 
410.0 
410.42 
409.7 
410.11 
409.7 
410.14 
409.785 
410.235 
409.785 
410.2 
410.305 
410.635 
410.225 
410.585 
410.275 
410.545 
410.16 
410.41 
409.785 
410.13 
409.675 
409.96 
409.605 
409.83 
409.515 
409.865 
409.87 
410.21 
409.76 
410.085 
409.75 
410.07 
409.7 
409.96 
409.185 
409.42 
409.075 
409.395 
409.1 
409.375 
409.005 
409.345 
409.51 
409.825 
409.48 
409.905 
409.59 
409.885 
409.65 
410.005 
409.415 
409.76 
409.485 
409.845 
409.685 
410.215 
409.885 
410.375 
410.68 
411.14 
410.905 
411.435 
411.35 
411.84 
411.66 
412.21 
411.695 
412.245 
412.1 
412.635 
412.55 
413.085 
412.9 
413.515 
413.835 
414.44 
414.2 
414.795 
414.71 
415.2 
415.03 
415.56 
415.03 
415.615 
415.395 
416.01 
415.81 
416.305 
416.12 
416.575 
416.795 
417.325 
417.09 
417.595 
417.415 
417.855 
417.645 
418.03 
417.42 
417.915 
417.575 
417.93 
417.73 
418.08 
417.795 
418.185 
418.29 
418.605 
418.27 
418.645 
418.265 
418.595 
418.235 
418.495 
417.84 
418.11 
417.655 
417.925 
417.6 
417.785 
417.39 
417.705 
417.71 
417.93 
417.455 
417.73 
417.375 
417.585 
417.165 
417.38 
416.575 
416.73 
416.41 
416.63 
416.235 
416.445 
415.97 
416.245 
416.2 
416.4 
415.93 
416.205 
415.68 
415.905 
415.45 
415.62 
414.825 
414.915 
414.43 
414.575 
414.11 
414.245 
413.74 
413.885 
413.825 
413.905 
413.365 
413.51 
413.03 
413.1 
412.51 
412.655 
411.755 
411.84 
411.27 
411.32 
410.79 
410.86 
410.3 
410.415 
410.225 
410.375 
409.795 
409.865 
409.265 
409.36 
408.69 
408.895 
407.95 
407.925 
407.43 
407.44 
406.945 
407.09 
406.525 
406.525 
406.435 
406.62 
406.085 
406.295 
405.76 
405.945 
405.445 
405.675 
404.79 
405.005 
404.58 
404.805 
404.415 
404.745 
404.29 
404.66 
404.72 
405.08 
404.725 
405.07 
404.825 
405.17 
404.82 
405.26 
404.725 
405.105 
404.845 
405.255 
404.99 
405.485 
405.195 
405.715 
405.885 
406.34 
406.09 
406.57 
406.445 
406.95 
406.69 
407.225 
406.73 
407.18 
406.97 
407.425 
407.25 
407.735 
407.53 
408.01 
408.315 
408.78 
408.51 
409.02 
408.835 
409.27 
409.105 
409.5 
408.91 
409.26 
408.985 
409.375 
409.1 
409.49 
409.18 
409.52 
409.555 
409.805 
409.535 
409.82 
409.455 
409.705 
409.245 
409.52 
408.775 
408.96 
408.58 
408.775 
408.335 
408.56 
408.04 
408.26 
408.215 
408.405 
407.93 
408.16 
407.64 
407.835 
407.235 
407.505 
406.635 
406.75 
406.215 
406.42 
405.865 
405.995 
405.41 
405.595 
405.475 
405.605 
405.04 
405.15 
404.615 
404.7 
404.125 
404.295 
403.355 
403.495 
402.895 
403.02 
402.48 
402.57 
401.95 
402.095 
401.95 
402.03 
401.44 
401.61 
401.055 
401.145 
400.58 
400.635 
399.8 
399.855 
399.315 
399.325 
398.71 
398.8 
398.185 
398.32 
398.075 
398.07 
397.49 
397.55 
396.96 
396.975 
396.265 
396.425 
395.31 
395.31 
394.585 
394.69 
393.995 
394.07 
393.365 
393.33 
393.185 
393.24 
392.575 
392.655 
392.005 
392.06 
391.475 
391.515 
390.63 
390.735 
390.115 
390.26 
389.72 
389.835 
389.305 
389.455 
389.44 
389.68 
389.225 
389.365 
389.01 
389.27 
388.845 
389.16 
388.425 
388.82 
388.365 
388.785 
388.565 
388.9 
388.705 
389.145 
389.4 
389.95 
389.715 
390.235 
390.155 
390.695 
390.595 
391.25 
390.845 
391.385 
391.46 
392.025 
392.045 
392.66 
392.57 
393.215 
393.655 
394.27 
394.275 
394.925 
394.86 
395.505 
395.365 
396.07 
395.56 
396.195 
396.085 
396.615 
396.5 
397.065 
396.835 
397.325 
397.66 
398.125 
397.925 
398.36 
398.115 
398.56 
398.235 
398.67 
398.06 
398.405 
398.105 
398.435 
398.08 
398.4 
397.99 
398.34 
398.335 
398.65 
398.15 
398.495 
398.035 
398.27 
397.765 
397.97 
397.145 
397.325 
396.775 
396.935 
396.505 
396.655 
396.065 
396.21 
396.215 
396.33 
395.82 
395.94 
395.5 
395.58 
395.135 
395.275 
394.41 
394.55 
394.125 
394.265 
393.78 
393.97 
393.405 
393.685 
393.585 
393.745 
393.265 
393.525 
393.0 
393.28 
392.715 
392.915 
392.115 
392.265 
391.745 
391.945 
391.425 
391.595 
391.01 
391.2 
391.16 
391.335 
390.705 
390.875 
390.36 
390.52 
389.905 
390.105 
389.24 
389.28 
388.725 
388.875 
388.365 
388.5 
387.94 
388.015 
388.01 
388.175 
387.635 
387.775 
387.3 
387.465 
386.985 
387.21 
386.31 
386.48 
385.995 
386.23 
385.74 
386.05 
385.61 
385.93 
385.99 
386.225 
385.865 
386.17 
385.865 
386.225 
385.925 
386.33 
385.78 
386.195 
385.88 
386.395 
386.23 
386.725 
386.535 
387.12 
387.375 
387.985 
387.845 
388.435 
388.405 
389.025 
388.96 
389.675 
389.3 
389.965 
389.9 
390.62 
390.6 
391.3 
391.295 
391.97 
392.505 
393.24 
393.185 
393.875 
393.965 
394.655 
394.695 
395.38 
395.01 
395.725 
395.695 
396.37 
396.355 
397.005 
397.04 
397.675 
398.095 
398.74 
398.645 
399.36 
399.305 
399.875 
399.835 
400.395 
399.94 
400.55 
400.37 
400.945 
400.81 
401.37 
401.245 
401.76 
402.04 
402.51 
402.28 
402.74 
402.58 
403.025 
402.81 
403.225 
402.59 
403.02 
402.71 
403.095 
402.845 
403.22 
402.845 
403.265 
403.35 
403.805 
403.44 
403.8 
403.48 
403.8 
403.5 
403.84 
403.095 
403.475 
403.055 
403.435 
403.115 
403.52 
403.05 
403.395 
403.445 
403.785 
403.36 
403.74 
403.255 
403.67 
403.21 
403.495 
402.81 
403.035 
402.595 
402.905 
402.51 
402.7 
402.35 
402.585 
402.605 
402.885 
402.41 
402.665 
402.3 
402.565 
402.14 
402.39 
401.61 
401.81 
401.405 
401.705 
401.33 
401.54 
401.15 
401.41 
401.485 
401.78 
401.37 
401.635 
401.315 
401.56 
401.18 
401.57 
400.94 
401.145 
400.88 
401.22 
400.86 
401.215 
400.92 
401.24 
401.49 
401.715 
401.53 
401.905 
401.645 
402.115 
401.765 
402.305 
401.755 
