Run 0 on 20200811 on sample T20-5d, LT thermometer,  dT/T0 = 0.02
Time per point = 3.125e-05 seconds
-834.89 
-835.55 
-835.355 
-835.735 
-835.61 
-836.07 
-835.85 
-836.745 
-836.555 
-837.02 
-836.85 
-837.28 
-837.065 
-837.57 
-837.37 
-837.39 
-837.08 
-837.57 
-837.37 
-837.775 
-837.56 
-837.91 
-837.655 
-838.425 
-838.32 
-838.64 
-838.34 
-838.665 
-838.3 
-838.755 
-838.455 
-838.36 
-838.005 
-838.34 
-838.0 
-838.235 
-837.99 
-838.32 
-837.915 
-838.555 
-838.105 
-838.445 
-838.05 
-838.315 
-837.965 
-838.24 
-837.83 
-837.67 
-837.29 
-837.565 
-837.095 
-837.34 
-836.9 
-837.18 
-836.765 
-837.43 
-836.99 
-837.3 
-836.865 
-837.1 
-836.695 
-837.04 
-836.58 
-836.365 
-835.975 
-836.23 
-835.8 
-836.06 
-835.655 
-835.865 
-835.52 
-836.17 
-835.745 
-836.04 
-835.715 
-835.975 
-835.62 
-835.885 
-835.55 
-835.415 
-835.045 
-835.42 
-835.025 
-835.325 
-835.035 
-835.385 
-835.075 
-835.865 
-835.495 
-835.89 
-835.59 
-835.915 
-835.715 
-836.155 
-835.8 
-835.765 
-835.455 
-835.905 
-835.61 
-836.0 
-835.725 
-836.175 
-835.855 
-836.65 
-836.46 
-836.85 
-836.58 
-836.91 
-836.64 
-837.095 
-836.87 
-836.715 
-836.415 
-836.81 
-836.53 
-836.87 
-836.565 
-836.92 
-836.51 
-837.26 
-837.0 
-837.255 
-836.93 
-837.205 
-836.81 
-837.12 
-836.72 
-836.495 
-836.21 
-836.375 
-835.93 
-836.185 
-835.775 
-835.965 
-835.615 
-836.185 
-835.77 
-835.995 
-835.51 
-835.735 
-835.305 
-835.475 
-834.98 
-834.67 
-834.27 
-834.515 
-834.015 
-834.14 
-833.675 
-833.915 
-833.415 
-833.965 
-833.57 
-833.69 
-833.245 
-833.35 
-832.905 
-833.165 
-832.74 
-832.375 
-831.905 
-832.075 
-831.65 
-831.825 
-831.375 
-831.585 
-831.1 
-831.675 
-831.22 
-831.54 
-831.075 
-831.28 
-830.88 
-831.19 
-830.76 
-830.57 
-830.21 
-830.475 
-830.055 
-830.445 
-830.015 
-830.365 
-829.97 
-830.655 
-830.365 
-830.79 
-830.425 
-830.865 
-830.52 
-830.9 
-830.59 
-830.565 
-830.24 
-830.625 
-830.385 
-830.72 
-830.445 
-830.845 
-830.615 
-831.42 
-831.14 
-831.57 
-831.29 
-831.695 
-831.41 
-831.81 
-831.57 
-831.44 
-831.215 
-831.5 
-831.24 
-831.61 
-831.315 
-831.72 
-831.39 
-832.05 
-831.815 
-832.09 
-831.765 
-832.04 
-831.655 
-832.02 
-831.6 
-831.39 
-831.01 
-831.35 
-830.88 
-831.115 
-830.71 
-830.97 
-830.575 
-831.15 
-830.7 
-830.93 
-830.495 
-830.67 
-830.245 
-830.46 
-830.055 
-829.725 
-829.295 
-829.535 
-828.99 
-829.13 
-828.665 
-828.915 
-828.415 
-828.95 
-828.52 
-828.705 
-828.2 
-828.345 
-827.915 
-828.085 
-827.645 
-827.335 
-826.77 
-827.015 
-826.565 
-826.725 
-826.325 
-826.425 
-826.01 
-826.565 
-826.205 
-826.385 
-825.96 
-826.16 
-825.75 
-826.0 
-825.585 
-825.39 
-825.005 
-825.235 
-824.925 
-825.195 
-824.84 
-825.135 
-824.74 
-825.47 
-825.07 
-825.48 
-825.145 
-825.415 
-825.175 
-825.53 
-825.22 
-825.165 
-824.915 
-825.27 
-824.96 
-825.305 
-825.05 
-825.445 
-825.145 
-825.94 
-825.675 
-826.055 
-825.83 
-826.22 
-825.915 
-826.39 
-826.05 
-825.97 
-825.675 
-826.07 
-825.85 
-826.135 
-825.855 
-826.225 
-825.83 
-826.6 
-826.3 
-826.62 
-826.29 
-826.58 
-826.225 
-826.54 
-826.2 
-825.95 
-825.595 
-825.88 
-825.545 
-825.68 
-825.335 
-825.56 
-825.12 
-825.745 
-825.335 
-825.585 
-825.095 
-825.33 
-824.9 
-825.08 
-824.625 
-824.365 
-823.945 
-824.195 
-823.665 
-823.79 
-823.36 
-823.54 
-823.055 
-823.645 
-823.14 
-823.345 
-822.885 
-823.0 
-822.495 
-822.72 
-822.22 
-821.925 
-821.405 
-821.65 
-821.115 
-821.28 
-820.835 
-820.975 
-820.47 
-821.12 
-820.605 
-820.845 
-820.44 
-820.575 
-820.14 
-820.295 
-819.885 
-819.66 
-819.23 
-819.39 
-818.99 
-819.175 
-818.76 
-819.015 
-818.575 
-819.235 
-818.83 
-819.035 
-818.615 
-818.875 
-818.5 
-818.72 
-818.34 
-818.1 
-817.655 
-817.915 
-817.52 
-817.68 
-817.32 
-817.445 
-817.04 
-817.695 
-817.23 
-817.36 
-816.86 
-817.03 
-816.59 
-816.665 
-816.16 
-815.77 
-815.17 
-815.31 
-814.665 
-814.665 
-814.035 
-814.07 
-813.355 
-813.74 
-813.09 
-812.93 
-812.14 
-812.02 
-811.23 
-811.09 
-810.255 
-809.52 
-808.63 
-808.365 
-807.37 
-807.09 
-806.03 
-805.7 
-804.625 
-804.53 
-803.47 
-803.02 
-801.85 
-801.375 
-800.205 
-799.695 
-798.4 
-797.34 
-796.09 
-795.485 
-794.205 
-793.525 
-792.08 
-791.49 
-789.98 
-789.66 
-788.235 
-787.5 
-786.005 
-785.135 
-783.66 
-782.825 
-781.29 
-779.93 
-778.345 
-777.38 
-775.79 
-774.865 
-773.215 
-772.24 
-770.56 
-769.935 
-768.34 
-767.325 
-765.64 
-764.51 
-762.79 
-761.75 
-760.04 
-758.51 
-756.76 
-755.725 
-753.87 
-752.78 
-751.0 
-749.98 
-748.19 
-747.395 
-745.66 
-744.525 
-742.73 
-741.585 
-739.775 
-738.655 
-736.815 
-735.18 
-733.35 
-732.24 
-730.44 
-729.13 
-727.325 
-726.125 
-724.22 
-723.385 
-721.45 
-720.32 
-718.3 
-717.115 
-715.15 
-713.925 
-712.03 
-710.19 
-708.12 
-706.83 
-704.825 
-703.45 
-701.425 
-700.05 
-697.945 
-696.95 
-694.815 
-693.475 
-691.325 
-689.715 
-687.625 
-686.15 
-683.945 
-681.925 
-679.75 
-678.235 
-675.96 
-674.31 
-672.125 
-670.42 
-668.2 
-666.87 
-664.53 
-662.935 
-660.6 
-658.91 
-656.53 
-654.815 
-652.45 
-650.27 
-647.87 
-646.16 
-643.755 
-641.965 
-639.515 
-637.77 
-635.37 
-634.0 
-631.585 
-629.805 
-627.355 
-625.57 
-623.175 
-621.345 
-618.935 
-616.715 
-614.295 
-612.505 
-610.04 
-608.265 
-605.815 
-604.06 
-601.59 
-600.22 
-597.82 
-596.19 
-593.685 
-591.94 
-589.615 
-587.925 
-585.615 
-583.48 
-581.13 
-579.48 
-577.135 
-575.455 
-573.22 
-571.555 
-569.32 
-568.105 
-565.855 
-564.385 
-562.085 
-560.5 
-558.36 
-556.755 
-554.54 
-552.635 
-550.49 
-549.0 
-546.87 
-545.335 
-543.225 
-541.755 
-539.655 
-538.515 
-536.435 
-534.965 
-532.895 
-531.495 
-529.325 
-527.865 
-525.775 
-523.935 
-521.83 
-520.45 
-518.285 
-516.795 
-514.73 
-513.295 
-511.075 
-510.125 
-508.005 
-506.565 
-504.435 
-502.905 
-500.79 
-499.35 
-497.19 
-495.26 
-493.19 
-491.62 
-489.44 
-487.98 
-485.765 
-484.315 
-482.15 
-480.97 
-478.795 
-477.33 
-475.21 
-473.65 
-471.5 
-469.955 
-467.81 
-465.84 
-463.635 
-462.23 
-460.01 
-458.445 
-456.23 
-454.77 
-452.545 
-451.53 
-449.31 
-447.845 
-445.725 
-444.14 
-441.975 
-440.555 
-438.45 
-436.455 
-434.365 
-432.965 
-430.825 
-429.415 
-427.305 
-425.81 
-423.8 
-422.785 
-420.81 
-419.49 
-417.505 
-416.08 
-414.07 
-412.825 
-410.835 
-409.11 
-407.185 
-405.945 
-404.005 
-402.78 
-400.915 
-399.76 
-397.865 
-397.105 
-395.35 
-394.22 
-392.43 
-391.255 
-389.555 
-388.435 
-386.69 
-385.18 
-383.495 
-382.465 
-380.78 
-379.72 
-378.06 
-377.07 
-375.34 
-374.695 
-373.035 
-372.085 
-370.44 
-369.465 
-367.825 
-366.895 
-365.26 
-363.84 
-362.175 
-361.285 
-359.61 
-358.615 
-356.93 
-355.93 
-354.255 
-353.65 
-352.055 
-351.095 
-349.38 
-348.405 
-346.71 
-345.67 
-344.01 
-342.575 
-340.82 
-339.825 
-338.07 
-337.015 
-335.335 
-334.235 
-332.57 
-331.795 
-330.045 
-328.975 
-327.29 
-326.155 
-324.425 
-323.32 
-321.5 
-319.98 
-318.265 
-317.22 
-315.425 
-314.31 
-312.51 
-311.44 
-309.735 
-309.055 
-307.23 
-306.125 
-304.355 
-303.275 
-301.635 
-300.475 
-298.76 
-297.275 
-295.545 
-294.495 
-292.81 
-291.7 
-290.065 
-289.045 
-287.335 
-286.785 
-285.14 
-284.235 
-282.61 
-281.71 
-280.02 
-279.225 
-277.58 
-276.29 
-274.72 
-273.935 
-272.355 
-271.54 
-270.09 
-269.355 
-267.81 
-267.485 
-266.02 
-265.33 
-263.915 
-263.155 
-261.825 
-261.2 
-259.755 
-258.62 
-257.37 
-256.675 
-255.42 
-254.675 
-253.395 
-252.78 
-251.53 
-251.295 
-250.045 
-249.43 
-248.165 
-247.57 
-246.315 
-245.73 
-244.465 
-243.39 
-242.17 
-241.515 
-240.295 
-239.62 
-238.375 
-237.76 
-236.5 
-236.275 
-235.01 
-234.4 
-233.105 
-232.44 
-231.085 
-230.54 
-229.175 
-228.105 
-226.725 
-226.085 
-224.75 
-223.96 
-222.655 
-222.035 
-220.645 
-220.36 
-218.915 
-218.24 
-216.845 
-216.155 
-214.76 
-214.01 
-212.63 
-211.415 
-210.085 
-209.39 
-207.91 
-207.23 
-205.785 
-205.11 
-203.715 
-203.345 
-201.955 
-201.225 
-199.89 
-199.2 
-197.76 
-197.12 
-195.74 
-194.555 
-193.225 
-192.49 
-191.21 
-190.505 
-189.23 
-188.5 
-187.2 
-186.93 
-185.705 
-185.105 
-183.81 
-183.24 
-181.92 
-181.36 
-180.18 
-179.165 
-177.955 
-177.495 
-176.24 
-175.75 
-174.61 
-174.15 
-173.075 
-172.96 
-171.88 
-171.47 
-170.355 
-169.915 
-168.87 
-168.49 
-167.435 
-166.6 
-165.575 
-165.29 
-164.18 
-163.83 
-162.835 
-162.575 
-161.505 
-161.535 
-160.48 
-160.26 
-159.19 
-158.9 
-157.91 
-157.52 
-156.515 
-155.77 
-154.68 
-154.375 
-153.38 
-152.86 
-151.905 
-151.57 
-150.465 
-150.57 
-149.46 
-149.07 
-147.98 
-147.565 
-146.465 
-146.065 
-144.965 
-144.105 
-142.985 
-142.475 
-141.34 
-140.82 
-139.725 
-139.21 
-138.135 
-137.95 
-136.805 
-136.35 
-135.145 
-134.67 
-133.505 
-132.99 
-131.74 
-130.81 
-129.64 
-129.11 
-127.93 
-127.395 
-126.215 
-125.675 
-124.42 
-124.315 
-123.195 
-122.64 
-121.43 
-120.98 
-119.795 
-119.305 
-118.13 
-117.11 
-116.005 
-115.545 
-114.345 
-113.935 
-112.74 
-112.315 
-111.175 
-111.13 
-109.975 
-109.59 
-108.55 
-108.135 
-107.12 
-106.74 
-105.73 
-104.965 
-103.86 
-103.565 
-102.555 
-102.245 
-101.275 
-101.025 
-100.075 
-100.19 
-99.28 
-99.09 
-98.17 
-97.945 
-97.025 
-96.835 
-95.96 
-95.315 
-94.44 
-94.26 
-93.42 
-93.18 
-92.355 
-92.195 
-91.315 
-91.505 
-90.7 
-90.505 
-89.66 
-89.415 
-88.6 
-88.385 
-87.58 
-86.93 
-86.02 
-85.84 
-84.905 
-84.645 
-83.745 
-83.56 
-82.67 
-82.815 
-81.91 
-81.695 
-80.785 
-80.425 
-79.465 
-79.2 
-78.18 
-77.495 
-76.47 
-76.145 
-75.16 
-74.725 
-73.835 
-73.46 
-72.435 
-72.455 
-71.41 
-71.085 
-70.04 
-69.63 
-68.56 
-68.15 
-67.205 
-66.27 
-65.175 
-64.895 
-63.785 
-63.39 
-62.305 
-61.96 
-60.855 
-60.845 
-59.825 
-59.465 
-58.355 
-57.97 
-56.955 
-56.615 
-55.54 
-54.695 
-53.69 
-53.415 
-52.37 
-52.015 
-50.98 
-50.68 
-49.71 
-49.775 
-48.83 
-48.565 
-47.62 
-47.43 
-46.43 
-46.25 
-45.34 
-44.695 
-43.825 
-43.635 
-42.75 
-42.54 
-41.785 
-41.665 
-40.78 
-41.065 
-40.38 
-40.245 
-39.495 
-39.365 
-38.625 
-38.565 
-37.785 
-37.27 
-36.63 
-36.56 
-35.87 
-35.77 
-35.09 
-35.08 
-34.345 
-34.675 
-33.985 
-33.935 
-33.255 
-33.17 
-32.57 
-32.52 
-31.8 
-31.31 
-30.55 
-30.545 
-29.87 
-29.705 
-28.95 
-28.915 
-28.155 
-28.475 
-27.74 
-27.64 
-26.905 
-26.755 
-25.98 
-25.88 
-25.06 
-24.505 
-23.755 
-23.555 
-22.695 
-22.545 
-21.715 
-21.52 
-20.775 
-20.945 
-20.15 
-19.985 
-19.155 
-18.92 
-18.14 
-17.955 
-17.095 
-16.47 
-15.635 
-15.44 
-14.57 
-14.32 
-13.52 
-13.31 
-12.46 
-12.715 
-11.955 
-11.745 
-10.925 
-10.71 
-9.965 
-9.75 
-9.02 
-8.405 
-7.62 
-7.525 
-6.745 
-6.645 
-5.875 
-5.8 
-5.035 
-5.4 
-4.7 
-4.74 
-3.995 
-3.93 
-3.27 
-3.29 
-2.64 
-2.17 
-1.555 
-1.6 
-0.93 
-0.875 
-0.39 
-0.4 
0.13 
-0.405 
0.115 
0.11 
0.56 
0.535 
1.07 
0.915 
1.475 
1.755 
2.25 
2.145 
2.625 
2.56 
3.035 
2.855 
3.455 
2.805 
3.28 
3.225 
3.75 
3.595 
4.125 
4.02 
4.575 
4.9 
5.435 
5.335 
5.915 
5.86 
6.455 
6.32 
7.0 
6.52 
7.035 
7.0 
7.65 
7.705 
8.295 
8.275 
8.97 
9.4 
10.09 
10.14 
10.79 
10.84 
11.5 
11.47 
12.295 
11.995 
12.65 
12.72 
13.41 
13.49 
14.21 
14.26 
15.025 
15.535 
16.26 
16.355 
17.04 
17.205 
17.885 
17.975 
18.665 
18.325 
19.095 
19.055 
19.85 
19.97 
20.615 
20.625 
21.365 
21.84 
22.51 
22.555 
23.27 
23.335 
23.9 
23.945 
24.58 
24.215 
24.79 
24.725 
25.375 
25.305 
25.95 
25.835 
26.435 
26.73 
27.32 
27.215 
27.765 
27.715 
28.18 
28.02 
28.565 
27.985 
28.515 
28.335 
28.785 
28.65 
29.095 
28.955 
29.43 
29.655 
30.03 
29.88 
30.39 
30.255 
30.63 
30.465 
30.975 
30.34 
30.765 
30.67 
31.16 
30.98 
31.38 
31.28 
31.745 
32.07 
32.565 
32.47 
33.01 
32.96 
33.53 
33.435 
33.945 
33.41 
33.92 
33.88 
34.52 
34.525 
35.09 
35.105 
35.72 
36.075 
36.685 
36.72 
37.435 
37.455 
38.07 
38.095 
38.785 
38.375 
39.055 
39.025 
39.755 
39.78 
40.45 
40.53 
41.16 
41.735 
42.445 
42.38 
43.085 
43.155 
43.84 
43.875 
44.55 
44.155 
44.78 
44.84 
45.525 
45.635 
46.245 
46.145 
46.875 
47.275 
47.96 
47.89 
48.52 
48.54 
49.205 
49.05 
49.695 
49.15 
49.8 
49.69 
50.265 
50.155 
50.685 
50.565 
51.11 
51.405 
51.87 
51.8 
52.305 
52.205 
52.555 
52.485 
52.92 
52.26 
52.68 
52.55 
52.885 
52.75 
53.195 
52.99 
53.41 
53.645 
53.97 
53.785 
54.24 
54.12 
54.44 
54.225 
54.635 
54.055 
54.37 
54.16 
54.7 
54.4 
54.84 
54.62 
55.11 
55.345 
55.835 
55.695 
56.155 
56.015 
56.525 
56.32 
56.885 
56.31 
56.79 
56.67 
57.17 
57.12 
57.675 
57.55 
58.15 
58.49 
59.035 
59.005 
59.605 
59.51 
60.145 
60.02 
60.695 
60.19 
60.755 
60.73 
61.38 
61.345 
61.885 
61.965 
62.54 
62.98 
63.5 
63.555 
64.15 
64.195 
64.815 
64.74 
65.415 
64.905 
65.43 
65.43 
65.97 
66.01 
66.53 
66.465 
67.04 
67.43 
67.94 
67.97 
68.455 
68.44 
68.865 
68.825 
69.305 
68.7 
69.17 
69.045 
69.525 
69.39 
69.84 
69.65 
70.1 
70.33 
70.75 
70.405 
70.91 
70.755 
71.09 
70.77 
71.19 
70.475 
70.855 
70.58 
70.925 
70.655 
70.99 
70.645 
71.01 
71.14 
71.52 
71.12 
71.535 
71.17 
71.565 
71.2 
71.55 
70.975 
71.29 
71.0 
71.345 
71.11 
71.46 
71.075 
71.445 
71.645 
72.015 
71.795 
72.165 
71.925 
72.385 
72.03 
72.53 
71.865 
72.32 
72.105 
72.595 
72.37 
72.835 
72.605 
73.07 
73.375 
73.825 
73.63 
74.19 
74.045 
74.56 
74.365 
74.905 
74.405 
74.85 
74.765 
75.27 
75.165 
75.68 
75.525 
76.085 
76.385 
76.905 
76.72 
77.25 
77.16 
77.72 
77.56 
78.045 
77.585 
78.08 
77.88 
78.45 
78.305 
78.83 
78.55 
79.115 
79.445 
79.94 
79.72 
80.19 
79.97 
80.465 
80.26 
80.7 
80.145 
80.53 
80.265 
80.725 
80.485 
80.905 
80.625 
81.05 
81.16 
81.555 
81.305 
81.66 
81.42 
81.745 
81.445 
81.795 
81.03 
81.36 
81.035 
81.36 
81.085 
81.365 
81.02 
81.315 
81.41 
81.75 
81.36 
81.685 
81.415 
81.7 
81.29 
81.66 
80.95 
81.24 
80.925 
81.285 
80.995 
81.35 
80.965 
81.37 
81.545 
81.885 
81.495 
82.03 
81.7 
82.13 
81.825 
82.35 
81.675 
82.105 
81.815 
82.265 
82.075 
82.565 
82.325 
82.8 
83.1 
83.575 
83.375 
83.91 
83.725 
84.255 
84.035 
84.58 
84.125 
84.625 
84.485 
84.99 
84.885 
85.43 
85.31 
85.81 
86.065 
86.67 
86.53 
87.08 
86.915 
87.515 
87.33 
87.975 
87.29 
87.75 
87.645 
88.2 
88.105 
88.555 
88.335 
88.87 
89.165 
89.62 
89.37 
89.88 
89.7 
90.125 
89.87 
90.305 
89.755 
90.125 
89.92 
90.265 
90.035 
90.395 
90.05 
90.465 
90.525 
91.015 
90.57 
90.96 
90.64 
90.94 
90.525 
90.865 
90.185 
90.47 
90.01 
90.305 
89.955 
90.195 
89.8 
90.045 
90.18 
90.4 
89.95 
90.215 
89.91 
90.12 
89.71 
90.035 
89.27 
89.505 
89.135 
89.49 
89.075 
89.335 
89.035 
89.35 
89.445 
89.735 
89.41 
89.78 
89.485 
89.855 
89.47 
89.93 
89.185 
89.63 
89.3 
89.705 
89.49 
89.94 
89.66 
90.12 
90.37 
90.78 
90.55 
91.04 
90.86 
91.325 
91.045 
91.57 
91.12 
91.6 
91.3 
91.93 
91.68 
92.245 
92.06 
92.575 
92.86 
93.415 
93.195 
93.75 
93.605 
94.11 
94.0 
94.475 
93.96 
94.505 
94.29 
94.78 
94.6 
95.095 
94.895 
95.415 
95.71 
96.195 
95.95 
96.425 
96.265 
96.655 
96.41 
96.89 
96.37 
96.765 
96.49 
96.9 
96.64 
97.0 
96.585 
97.025 
97.17 
97.515 
97.125 
97.505 
97.195 
97.42 
97.025 
97.345 
96.56 
96.91 
96.435 
96.76 
96.35 
96.63 
96.16 
96.48 
96.52 
96.705 
96.285 
96.565 
96.15 
96.42 
96.01 
96.23 
95.41 
95.755 
95.29 
95.55 
95.18 
95.465 
95.1 
95.365 
95.43 
95.74 
95.395 
95.68 
95.425 
95.715 
95.415 
95.815 
95.04 
95.445 
95.075 
95.5 
95.24 
95.65 
95.38 
95.82 
95.985 
96.43 
96.175 
96.615 
96.465 
96.93 
96.755 
97.22 
96.605 
97.12 
96.91 
97.39 
97.24 
97.76 
97.505 
98.14 
98.345 
98.91 
98.675 
99.24 
99.06 
99.655 
99.42 
99.93 
99.385 
99.905 
99.725 
100.18 
100.06 
100.56 
100.355 
100.845 
101.095 
101.575 
101.38 
101.855 
101.615 
102.075 
101.855 
102.275 
101.635 
102.075 
101.725 
102.1 
101.835 
102.22 
101.915 
102.275 
102.28 
102.665 
102.29 
102.65 
102.29 
102.54 
102.175 
102.495 
101.64 
101.945 
101.505 
101.74 
101.345 
101.53 
101.135 
101.345 
101.33 
101.56 
101.065 
101.37 
100.96 
101.14 
100.715 
100.885 
100.15 
100.395 
99.885 
100.23 
99.72 
99.955 
99.48 
99.745 
99.82 
100.095 
99.64 
99.935 
99.62 
99.895 
99.56 
99.935 
99.095 
99.47 
99.05 
99.44 
99.165 
99.565 
99.26 
99.565 
99.79 
100.14 
99.895 
100.32 
100.16 
100.5 
100.375 
100.76 
100.14 
100.575 
100.325 
100.775 
100.655 
101.12 
100.905 
101.38 
101.58 
102.11 
101.935 
102.385 
102.24 
102.73 
102.47 
103.01 
102.375 
102.87 
102.695 
103.155 
102.99 
103.385 
103.245 
103.73 
103.865 
104.345 
104.17 
104.62 
104.365 
104.77 
104.565 
104.995 
104.23 
104.63 
104.305 
104.62 
104.405 
104.805 
104.425 
104.765 
104.905 
105.165 
104.805 
105.115 
104.815 
105.025 
104.61 
104.91 
104.07 
104.355 
103.91 
104.17 
103.825 
104.015 
103.59 
103.775 
103.795 
104.055 
103.595 
103.815 
103.385 
103.635 
103.265 
103.425 
102.62 
102.785 
102.39 
102.655 
102.215 
102.475 
102.095 
102.34 
102.41 
102.685 
102.3 
102.585 
102.32 
102.625 
102.28 
102.67 
101.87 
102.175 
101.915 
102.27 
102.06 
102.4 
102.14 
102.545 
102.69 
103.1 
102.95 
103.425 
103.235 
103.63 
103.44 
103.9 
103.455 
103.895 
103.725 
104.235 
104.08 
104.575 
104.41 
104.985 
105.2 
105.74 
105.55 
106.04 
105.91 
106.52 
106.335 
106.825 
106.39 
106.87 
106.7 
107.25 
107.065 
107.555 
107.34 
107.885 
108.195 
108.71 
108.405 
108.91 
108.725 
109.185 
108.925 
109.41 
108.875 
109.255 
108.945 
109.365 
109.15 
109.485 
109.195 
109.5 
109.67 
110.005 
109.665 
109.99 
109.67 
109.935 
109.49 
109.855 
109.07 
109.375 
108.905 
109.215 
108.79 
108.975 
108.57 
108.8 
108.845 
109.04 
108.565 
108.815 
108.42 
108.615 
108.16 
108.39 
107.64 
107.81 
107.335 
107.635 
107.2 
107.45 
106.885 
107.165 
107.24 
107.56 
107.06 
107.34 
106.995 
107.31 
106.86 
107.275 
106.505 
106.825 
106.39 
106.76 
106.475 
106.84 
106.515 
106.865 
106.985 
107.43 
107.15 
107.565 
107.28 
107.65 
107.485 
107.875 
107.315 
107.755 
107.47 
107.88 
107.71 
108.185 
107.895 
108.45 
108.69 
109.195 
108.93 
109.39 
109.31 
109.725 
109.475 
109.975 
109.395 
109.825 
109.6 
110.095 
109.88 
110.33 
110.12 
110.525 
110.8 
111.29 
110.975 
111.455 
111.16 
111.58 
111.32 
111.74 
111.155 
111.52 
111.105 
111.48 
111.165 
111.555 
111.03 
111.425 
111.5 
111.85 
111.36 
111.705 
111.335 
111.55 
111.075 
111.37 
110.475 
110.835 
110.33 
110.515 
110.03 
110.255 
109.77 
110.01 
109.99 
110.145 
109.615 
109.81 
109.395 
109.565 
109.115 
109.31 
108.43 
108.695 
108.17 
108.415 
107.935 
108.115 
107.7 
107.9 
107.92 
108.22 
107.785 
108.015 
107.68 
107.95 
107.56 
107.91 
107.05 
107.435 
107.02 
107.36 
107.055 
107.47 
107.08 
107.445 
107.575 
107.95 
107.7 
108.095 
107.905 
108.34 
108.045 
108.47 
107.86 
108.3 
108.0 
108.46 
108.26 
108.695 
108.455 
108.935 
109.17 
109.65 
109.425 
109.875 
109.785 
110.2 
110.035 
110.505 
109.93 
110.32 
110.13 
110.595 
110.41 
110.905 
110.67 
111.03 
111.29 
111.755 
111.445 
111.925 
111.73 
112.03 
111.86 
112.205 
111.55 
111.9 
111.565 
111.865 
111.585 
111.95 
111.535 
111.89 
111.95 
112.245 
111.86 
112.135 
111.72 
111.97 
111.595 
111.78 
110.93 
111.135 
110.695 
110.92 
110.43 
110.67 
110.195 
110.37 
110.35 
110.575 
110.115 
110.195 
109.82 
109.985 
109.475 
109.695 
108.905 
109.095 
108.565 
108.85 
108.355 
108.61 
108.05 
108.34 
108.365 
108.695 
108.19 
108.4 
108.04 
108.3 
107.93 
108.3 
107.48 
107.82 
107.43 
107.745 
107.42 
107.8 
107.425 
107.805 
107.96 
108.415 
108.08 
108.49 
108.295 
108.655 
108.42 
108.855 
108.28 
108.725 
108.46 
108.995 
108.76 
109.165 
109.005 
109.41 
109.715 
110.19 
109.94 
110.45 
110.345 
110.755 
110.54 
111.085 
110.42 
110.915 
110.695 
111.18 
110.99 
111.41 
111.18 
111.63 
111.88 
112.285 
112.055 
112.49 
112.275 
112.615 
112.39 
112.775 
112.045 
112.415 
112.04 
112.39 
112.09 
112.39 
112.015 
112.3 
112.36 
112.71 
112.265 
112.535 
112.14 
112.395 
111.905 
112.13 
111.225 
111.535 
111.045 
111.205 
110.71 
110.905 
110.425 
110.6 
110.57 
110.735 
110.15 
110.355 
109.915 
110.09 
109.65 
109.785 
108.95 
109.07 
108.595 
108.75 
108.305 
108.48 
108.045 
108.25 
108.26 
108.465 
108.05 
108.285 
107.915 
108.205 
107.765 
108.085 
107.265 
107.555 
107.225 
107.55 
107.24 
107.57 
107.235 
107.54 
107.75 
108.09 
107.83 
108.26 
108.005 
108.39 
108.19 
108.61 
107.935 
108.46 
108.125 
108.565 
108.325 
108.82 
108.51 
109.115 
109.32 
109.82 
109.52 
110.08 
109.885 
110.33 
110.15 
110.665 
110.06 
110.51 
110.26 
110.695 
110.6 
111.02 
110.76 
111.2 
111.495 
111.875 
111.645 
112.05 
111.91 
112.235 
111.985 
112.41 
111.735 
112.055 
111.765 
112.195 
111.855 
112.175 
111.82 
112.065 
112.26 
112.525 
112.125 
112.435 
112.1 
112.315 
111.975 
112.235 
111.345 
111.585 
111.19 
111.41 
110.975 
111.235 
110.77 
110.945 
111.005 
111.17 
110.73 
110.95 
110.6 
110.745 
110.3 
110.58 
109.67 
109.94 
109.475 
109.675 
109.295 
109.53 
109.135 
109.365 
109.375 
109.745 
109.31 
109.65 
109.34 
109.585 
109.275 
109.625 
108.8 
109.155 
108.86 
109.17 
108.905 
109.255 
109.02 
109.405 
109.505 
109.89 
109.695 
110.125 
109.95 
110.305 
110.06 
110.515 
109.875 
110.325 
110.13 
110.54 
110.345 
110.785 
110.585 
110.985 
111.22 
111.7 
111.49 
111.95 
111.74 
112.2 
112.04 
112.475 
111.825 
112.215 
111.99 
112.43 
112.215 
112.545 
112.395 
112.8 
113.02 
113.38 
113.14 
113.535 
113.225 
113.57 
113.27 
113.69 
113.04 
113.28 
112.975 
113.25 
112.98 
113.2 
112.795 
113.09 
113.12 
113.44 
112.98 
113.225 
112.785 
113.045 
112.51 
112.755 
112.005 
112.165 
111.6 
111.865 
111.37 
111.545 
111.02 
111.25 
111.2 
111.455 
110.89 
111.09 
110.63 
110.89 
110.365 
110.59 
109.765 
109.98 
109.535 
109.83 
109.385 
109.625 
109.08 
109.44 
109.44 
109.68 
109.255 
109.575 
109.265 
109.58 
109.125 
109.525 
108.775 
109.13 
108.765 
109.12 
108.845 
109.24 
108.925 
109.3 
109.465 
109.915 
109.62 
110.025 
109.81 
110.23 
109.975 
110.415 
109.935 
110.375 
110.15 
110.57 
110.375 
110.86 
110.585 
111.08 
111.3 
111.855 
111.485 
112.065 
111.835 
112.29 
112.075 
112.59 
111.95 
112.45 
112.175 
112.675 
112.44 
112.915 
112.655 
113.055 
113.3 
113.73 
113.44 
113.85 
113.605 
114.0 
113.755 
114.115 
113.445 
113.855 
113.43 
113.835 
113.485 
113.805 
113.47 
113.79 
113.88 
114.14 
113.74 
114.08 
113.65 
113.99 
113.515 
113.795 
112.97 
113.23 
112.82 
113.05 
112.63 
112.82 
112.405 
112.63 
112.67 
112.885 
112.325 
112.655 
112.26 
112.425 
112.06 
112.31 
111.63 
111.82 
111.355 
111.7 
111.27 
111.505 
111.145 
111.45 
111.51 
111.945 
111.45 
111.745 
111.405 
111.75 
111.375 
111.8 
111.065 
111.535 
111.06 
111.505 
111.22 
111.64 
111.375 
111.705 
111.95 
112.35 
112.04 
112.585 
112.345 
112.76 
112.45 
112.965 
112.375 
112.805 
112.59 
113.055 
112.855 
113.3 
113.05 
113.585 
113.82 
114.275 
114.01 
114.48 
114.3 
114.745 
114.495 
115.02 
114.35 
114.78 
114.535 
114.945 
114.78 
115.12 
114.885 
115.32 
115.465 
115.89 
115.615 
116.005 
115.705 
116.06 
115.76 
116.145 
115.44 
115.79 
115.33 
115.675 
115.28 
115.675 
115.245 
115.505 
115.505 
115.84 
115.355 
115.64 
115.22 
115.435 
114.95 
115.27 
114.425 
114.595 
114.14 
114.28 
113.85 
114.065 
113.585 
113.82 
113.84 
114.025 
113.535 
113.74 
113.35 
113.565 
113.115 
113.36 
112.545 
112.725 
112.26 
112.53 
112.13 
112.375 
111.96 
112.17 
112.275 
112.57 
112.17 
112.49 
112.15 
112.42 
112.13 
112.5 
111.7 
112.055 
111.67 
112.09 
111.73 
112.155 
111.85 
112.255 
112.465 
112.8 
112.565 
112.95 
112.725 
113.125 
112.83 
113.315 
112.755 
113.235 
112.93 
113.41 
113.12 
113.545 
113.345 
113.75 
114.0 
114.42 
114.175 
114.65 
114.425 
114.925 
114.595 
115.065 
114.47 
114.91 
114.585 
115.065 
114.8 
115.225 
114.91 
115.31 
115.585 
115.925 
115.585 
115.96 
115.675 
116.06 
115.78 
116.175 
115.455 
115.78 
115.415 
115.705 
115.43 
115.745 
115.34 
115.6 
115.7 
115.975 
115.53 
115.86 
115.525 
115.77 
115.305 
115.525 
114.71 
114.965 
114.49 
114.74 
114.345 
114.54 
114.095 
114.365 
114.39 
114.6 
114.095 
114.475 
114.035 
114.215 
113.825 
114.05 
113.135 
113.555 
113.03 
113.325 
112.94 
113.2 
112.8 
113.08 
113.18 
113.515 
113.055 
113.455 
113.09 
113.42 
113.055 
113.415 
112.68 
113.035 
112.685 
113.075 
112.885 
113.23 
112.895 
113.29 
113.48 
113.81 
113.63 
114.05 
113.815 
114.19 
113.955 
114.36 
113.73 
114.175 
113.865 
114.32 
114.05 
114.495 
114.215 
114.68 
114.815 
115.225 
115.045 
115.395 
115.275 
115.64 
115.39 
115.795 
115.105 
115.46 
115.19 
115.56 
115.345 
115.64 
115.36 
115.71 
115.89 
116.25 
115.915 
116.215 
115.94 
116.24 
115.875 
116.15 
115.455 
115.77 
115.26 
115.525 
115.105 
115.425 
114.93 
115.14 
115.185 
115.435 
114.92 
115.15 
114.735 
114.925 
114.445 
114.66 
113.77 
113.865 
113.395 
113.635 
113.16 
113.255 
112.75 
112.975 
112.94 
113.09 
112.64 
112.735 
112.375 
112.495 
112.05 
112.24 
111.41 
111.56 
111.145 
111.335 
110.925 
111.175 
110.74 
110.965 
110.985 
111.25 
110.91 
111.18 
110.81 
111.11 
110.745 
111.07 
110.275 
110.61 
110.295 
110.615 
110.325 
110.675 
110.37 
110.7 
110.895 
111.25 
111.03 
111.405 
111.195 
111.545 
111.31 
111.685 
110.98 
111.36 
111.185 
111.535 
111.31 
111.75 
111.475 
111.905 
112.14 
112.52 
112.26 
112.705 
112.505 
112.885 
112.685 
113.125 
112.44 
112.825 
112.485 
112.96 
112.66 
113.07 
112.795 
113.065 
113.35 
113.63 
113.35 
113.71 
113.465 
113.715 
113.455 
113.805 
113.025 
113.295 
112.895 
113.17 
112.82 
113.16 
112.8 
113.01 
113.065 
113.255 
112.845 
113.11 
112.72 
112.945 
112.54 
112.715 
111.9 
112.04 
111.74 
111.895 
111.4 
111.68 
111.275 
111.485 
111.46 
111.66 
111.25 
111.505 
111.08 
111.365 
110.99 
111.15 
110.49 
110.695 
110.285 
110.605 
110.19 
110.465 
110.01 
110.445 
110.525 
110.885 
110.41 
110.775 
110.49 
110.865 
110.535 
110.96 
110.29 
