Run 5 on 20200810 on sample T20-5d, LT thermometer, dT/T0 = 0.02
Time per point = 2.91667e-05 seconds
1925.86 
1925.38 
1925.77 
1925.3 
1925.69 
1925.11 
1925.39 
1924.66 
1924.91 
1924.47 
1924.82 
1924.33 
1924.61 
1924.12 
1924.43 
1924.35 
1924.62 
1924.15 
1924.51 
1924.01 
1924.36 
1923.8 
1924.18 
1923.34 
1923.73 
1923.21 
1923.46 
1922.89 
1923.3 
1922.79 
1923.13 
1923.13 
1923.42 
1922.91 
1923.3 
1922.91 
1923.19 
1922.73 
1923.06 
1922.39 
1922.68 
1922.4 
1922.62 
1922.28 
1922.58 
1922.14 
1922.5 
1922.48 
1922.8 
1922.38 
1922.75 
1922.4 
1922.75 
1922.32 
1922.72 
1922.02 
1922.26 
1921.92 
1922.26 
1921.92 
1922.16 
1921.8 
1922.16 
1922.32 
1922.69 
1922.28 
1922.7 
1922.33 
1922.66 
1922.25 
1922.66 
1921.9 
1922.36 
1921.97 
1922.42 
1922.02 
1922.4 
1922.01 
1922.38 
1922.52 
1922.95 
1922.55 
1922.95 
1922.67 
1923.03 
1922.67 
1923.09 
1922.38 
1922.88 
1922.47 
1922.87 
1922.61 
1922.97 
1922.69 
1923.11 
1923.23 
1923.74 
1923.33 
1923.79 
1923.39 
1923.83 
1923.49 
1923.97 
1923.37 
1923.77 
1923.49 
1923.94 
1923.76 
1924.1 
1923.73 
1924.2 
1924.36 
1924.83 
1924.41 
1924.93 
1924.58 
1925.08 
1924.65 
1925.21 
1924.49 
1924.95 
1924.6 
1925.09 
1924.78 
1925.29 
1924.93 
1925.36 
1925.53 
1925.98 
1925.6 
1926.05 
1925.81 
1926.22 
1925.81 
1926.38 
1925.81 
1926.24 
1925.86 
1926.31 
1926.09 
1926.47 
1926.15 
1926.72 
1926.83 
1927.27 
1926.9 
1927.37 
1927.14 
1927.54 
1927.14 
1927.68 
1926.94 
1927.37 
1927.01 
1927.47 
1927.24 
1927.59 
1927.23 
1927.64 
1927.75 
1928.25 
1927.85 
1928.26 
1927.93 
1928.22 
1927.96 
1928.33 
1927.91 
1928.12 
1927.9 
1928.22 
1927.88 
1928.18 
1927.9 
1928.23 
1928.33 
1928.55 
1928.19 
1928.57 
1928.21 
1928.5 
1928.1 
1928.53 
1927.71 
1927.93 
1927.62 
1927.92 
1927.59 
1927.9 
1927.39 
1927.69 
1927.63 
1927.96 
1927.54 
1927.73 
1927.37 
1927.67 
1927.18 
1927.49 
1926.69 
1926.87 
1926.4 
1926.67 
1926.34 
1926.44 
1926.0 
1926.26 
1926.2 
1926.52 
1925.98 
1926.18 
1925.77 
1925.97 
1925.49 
1925.79 
1924.84 
1925.14 
1924.62 
1924.82 
1924.37 
1924.58 
1924.07 
1924.32 
1924.23 
1924.49 
1923.88 
1924.22 
1923.71 
1923.95 
1923.42 
1923.66 
1922.88 
1923.06 
1922.67 
1922.88 
1922.4 
1922.7 
1922.13 
1922.35 
1922.32 
1922.5 
1922.01 
1922.31 
1921.82 
1922.13 
1921.57 
1921.78 
1921.06 
1921.26 
1920.73 
1921.04 
1920.6 
1920.86 
1920.26 
1920.56 
1920.48 
1920.79 
1920.32 
1920.58 
1920.17 
1920.35 
1919.91 
1920.28 
1919.44 
1919.7 
1919.17 
1919.57 
1919.04 
1919.31 
1918.82 
1919.13 
1919.15 
1919.44 
1918.88 
1919.28 
1918.91 
1919.14 
1918.61 
1919.02 
1918.19 
1918.51 
1918.08 
1918.31 
1917.96 
1918.24 
1917.71 
1918.05 
1918.1 
1918.37 
1917.97 
1918.23 
1917.88 
1918.17 
1917.72 
1918.04 
1917.41 
1917.7 
1917.23 
1917.55 
1917.25 
1917.51 
1916.97 
1917.3 
1917.38 
1917.69 
1917.21 
1917.58 
1917.05 
1917.46 
1916.92 
1917.24 
1916.57 
1916.94 
1916.39 
1916.73 
1916.25 
1916.57 
1916.11 
1916.49 
1916.53 
1916.9 
1916.28 
1916.68 
1916.29 
1916.54 
1916.13 
1916.53 
1915.76 
1916.08 
1915.57 
1916.03 
1915.49 
1915.9 
1915.39 
1915.79 
1915.81 
1916.15 
1915.7 
1916.09 
1915.66 
1915.97 
1915.57 
1915.87 
1915.21 
1915.56 
1915.0 
1915.39 
1915.0 
1915.4 
1915.04 
1915.36 
1915.38 
1915.67 
1915.27 
1915.66 
1915.22 
1915.51 
1915.14 
1915.56 
1914.86 
1915.17 
1914.76 
1915.08 
1914.74 
1915.07 
1914.59 
1914.98 
1914.93 
1915.29 
1914.83 
1915.12 
1914.71 
1914.98 
1914.57 
1914.84 
1914.1 
1914.38 
1913.9 
1914.26 
1913.76 
1914.12 
1913.48 
1913.81 
1913.79 
1914.08 
1913.51 
1913.89 
1913.36 
1913.62 
1913.09 
1913.31 
1912.4 
1912.63 
1912.03 
1912.33 
1911.84 
1912.04 
1911.5 
1911.64 
1911.54 
1911.77 
1911.18 
1911.32 
1910.74 
1910.89 
1910.26 
1910.52 
1909.49 
1909.67 
1909.0 
1909.06 
1908.53 
1908.56 
1907.86 
1908.0 
1907.78 
1907.79 
1907.1 
1907.12 
1906.55 
1906.55 
1905.8 
1905.8 
1904.89 
1904.8 
1904.16 
1904.06 
1903.39 
1903.33 
1902.63 
1902.55 
1902.21 
1902.09 
1901.38 
1901.3 
1900.49 
1900.44 
1899.58 
1899.53 
1898.24 
1898.03 
1897.27 
1897.05 
1896.33 
1896.11 
1895.18 
1895.08 
1894.61 
1894.49 
1893.55 
1893.34 
1892.46 
1892.25 
1891.24 
1891.06 
1889.78 
1889.49 
1888.51 
1888.19 
1887.19 
1886.91 
1885.92 
1885.56 
1885.12 
1884.73 
1883.64 
1883.43 
1882.36 
1881.98 
1880.8 
1880.54 
1878.95 
1878.69 
1877.53 
1877.11 
1876.11 
1875.58 
1874.44 
1874.01 
1873.27 
1872.86 
1871.64 
1871.17 
1870.03 
1869.48 
1868.24 
1867.78 
1866.25 
1865.61 
1864.51 
1863.92 
1862.73 
1862.12 
1860.86 
1860.3 
1859.46 
1858.84 
1857.52 
1856.95 
1855.7 
1855.06 
1853.76 
1853.16 
1851.4 
1850.67 
1849.44 
1848.74 
1847.42 
1846.8 
1845.43 
1844.77 
1843.83 
1843.07 
1841.68 
1841.04 
1839.64 
1838.99 
1837.52 
1836.94 
1835.09 
1834.43 
1832.95 
1832.19 
1830.85 
1830.11 
1828.7 
1827.89 
1827.06 
1826.33 
1824.81 
1824.15 
1822.75 
1822.0 
1820.62 
1819.88 
1818.07 
1817.29 
1815.9 
1815.13 
1813.74 
1812.96 
1811.5 
1810.81 
1809.85 
1809.26 
1807.64 
1806.97 
1805.6 
1804.86 
1803.45 
1802.76 
1801.01 
1800.27 
1798.89 
1798.1 
1796.71 
1796.0 
1794.6 
1793.9 
1792.87 
1792.24 
1790.78 
1790.1 
1788.68 
1788.07 
1786.55 
1785.9 
1784.15 
1783.44 
1782.09 
1781.35 
1780.01 
1779.34 
1777.94 
1777.3 
1776.31 
1775.66 
1774.23 
1773.57 
1772.26 
1771.5 
1770.21 
1769.47 
1767.92 
1767.09 
1765.81 
1765.12 
1763.84 
1763.18 
1761.7 
1761.16 
1760.16 
1759.63 
1758.26 
1757.6 
1756.31 
1755.7 
1754.24 
1753.62 
1752.08 
1751.41 
1750.0 
1749.42 
1748.06 
1747.48 
1746.15 
1745.56 
1744.65 
1744.17 
1742.74 
1742.17 
1740.84 
1740.28 
1738.95 
1738.37 
1736.77 
1736.17 
1734.84 
1734.23 
1732.99 
1732.41 
1731.07 
1730.52 
1729.67 
1729.06 
1727.73 
1727.34 
1725.99 
1725.33 
1724.01 
1723.55 
1721.86 
1721.4 
1720.08 
1719.46 
1718.15 
1717.68 
1716.29 
1715.82 
1714.93 
1714.44 
1713.07 
1712.62 
1711.38 
1710.8 
1709.46 
1708.98 
1707.47 
1706.95 
1705.58 
1705.09 
1703.86 
1703.26 
1701.94 
1701.49 
1700.63 
1700.19 
1698.75 
1698.25 
1696.97 
1696.5 
1695.2 
1694.71 
1693.06 
1692.57 
1691.27 
1690.68 
1689.46 
1688.91 
1687.55 
1687.1 
1686.37 
1685.76 
1684.4 
1683.89 
1682.69 
1682.09 
1680.87 
1680.23 
1678.82 
1678.19 
1677.06 
1676.51 
1675.33 
1674.59 
1673.46 
1672.91 
1672.07 
1671.46 
1670.26 
1669.79 
1668.48 
1667.92 
1666.7 
1666.22 
1664.67 
1664.03 
1662.77 
1662.39 
1661.01 
1660.55 
1659.32 
1658.83 
1658.07 
1657.57 
1656.27 
1655.89 
1654.69 
1654.19 
1652.95 
1652.49 
1651.1 
1650.69 
1649.38 
1648.93 
1647.77 
1647.38 
1646.17 
1645.7 
1645.01 
1644.58 
1643.42 
1643.01 
1641.9 
1641.47 
1640.39 
1639.95 
1638.51 
1638.12 
1637.03 
1636.61 
1635.55 
1635.21 
1634.06 
1633.79 
1633.14 
1632.87 
1631.69 
1631.38 
1630.39 
1630.11 
1629.0 
1628.66 
1627.4 
1626.99 
1626.07 
1625.74 
1624.73 
1624.52 
1623.43 
1623.23 
1622.62 
1622.32 
1621.31 
1621.15 
1620.18 
1619.97 
1618.86 
1618.71 
1617.36 
1617.14 
1616.13 
1615.88 
1614.96 
1614.69 
1613.82 
1613.6 
1613.06 
1612.87 
1611.86 
1611.72 
1610.78 
1610.62 
1609.66 
1609.4 
1608.21 
1608.01 
1607.02 
1606.84 
1605.95 
1605.75 
1604.84 
1604.73 
1604.22 
1604.13 
1603.16 
1602.98 
1602.11 
1601.92 
1600.98 
1600.84 
1599.68 
1599.51 
1598.52 
1598.55 
1597.56 
1597.4 
1596.56 
1596.5 
1595.99 
1595.92 
1594.9 
1594.86 
1594.03 
1593.82 
1593.03 
1592.92 
1591.82 
1591.7 
1590.8 
1590.77 
1590.0 
1589.84 
1589.03 
1588.95 
1588.58 
1588.42 
1587.69 
1587.55 
1586.73 
1586.75 
1585.79 
1585.79 
1584.73 
1584.61 
1583.68 
1583.65 
1582.92 
1582.9 
1582.03 
1581.96 
1581.72 
1581.63 
1580.74 
1580.71 
1579.98 
1579.92 
1579.1 
1579.13 
1578.06 
1577.97 
1577.19 
1577.14 
1576.46 
1576.33 
1575.49 
1575.46 
1575.22 
1575.19 
1574.34 
1574.29 
1573.57 
1573.55 
1572.82 
1572.67 
1571.56 
1571.51 
1570.72 
1570.69 
1569.87 
1569.83 
1569.01 
1568.91 
1568.69 
1568.62 
1567.78 
1567.76 
1566.87 
1566.85 
1566.02 
1565.89 
1564.76 
1564.65 
1563.81 
1563.8 
1563.01 
1562.87 
1561.96 
1561.94 
1561.55 
1561.48 
1560.57 
1560.52 
1559.56 
1559.57 
1558.66 
1558.62 
1557.42 
1557.31 
1556.36 
1556.33 
1555.44 
1555.39 
1554.48 
1554.38 
1553.99 
1553.83 
1552.95 
1552.93 
1552.1 
1552.06 
1551.04 
1551.07 
1549.89 
1549.86 
1548.92 
1548.81 
1548.01 
1547.97 
1547.07 
1546.95 
1546.64 
1546.5 
1545.64 
1545.5 
1544.8 
1544.74 
1543.86 
1543.85 
1542.61 
1542.59 
1541.76 
1541.67 
1540.99 
1540.84 
1540.03 
1540.04 
1539.69 
1539.63 
1538.9 
1538.79 
1538.09 
1537.97 
1537.26 
1537.24 
1536.25 
1536.15 
1535.41 
1535.35 
1534.57 
1534.7 
1533.95 
1533.89 
1533.7 
1533.57 
1532.88 
1532.92 
1532.26 
1532.27 
1531.56 
1531.6 
1530.4 
1530.44 
1529.83 
1529.75 
1529.15 
1529.07 
1528.42 
1528.48 
1528.22 
1528.28 
1527.53 
1527.61 
1526.99 
1526.98 
1526.22 
1526.29 
1525.27 
1525.34 
1524.65 
1524.73 
1523.98 
1523.99 
1523.32 
1523.3 
1523.09 
1523.14 
1522.46 
1522.47 
1521.88 
1521.92 
1521.05 
1521.22 
1520.19 
1520.27 
1519.5 
1519.59 
1518.84 
1518.92 
1518.15 
1518.31 
1518.07 
1518.17 
1517.3 
1517.53 
1516.79 
1516.82 
1516.1 
1516.2 
1515.18 
1515.23 
1514.61 
1514.61 
1513.99 
1513.96 
1513.4 
1513.49 
1513.32 
1513.25 
1512.64 
1512.73 
1512.09 
1512.16 
1511.47 
1511.59 
1510.62 
1510.61 
1510.04 
1510.11 
1509.53 
1509.59 
1508.9 
1509.03 
1508.83 
1508.88 
1508.33 
1508.5 
1507.79 
1507.85 
1507.25 
1507.33 
1506.48 
1506.64 
1505.81 
1506.03 
1505.41 
1505.54 
1504.85 
1505.05 
1504.86 
1505.01 
1504.28 
1504.5 
1503.81 
1504.03 
1503.37 
1503.43 
1502.53 
1502.71 
1501.98 
1502.12 
1501.53 
1501.63 
1501.02 
1501.14 
1501.03 
1501.18 
1500.44 
1500.62 
1499.93 
1500.06 
1499.45 
1499.57 
1498.63 
1498.68 
1498.03 
1498.2 
1497.6 
1497.62 
1497.0 
1497.09 
1496.81 
1496.92 
1496.24 
1496.43 
1495.72 
1495.8 
1495.11 
1495.24 
1494.19 
1494.25 
1493.45 
1493.53 
1492.87 
1492.93 
1492.21 
1492.27 
1491.99 
1492.05 
1491.3 
1491.43 
1490.64 
1490.67 
1490.02 
1490.0 
1489.06 
1489.13 
1488.34 
1488.35 
1487.73 
1487.69 
1486.89 
1486.99 
1486.67 
1486.73 
1486.0 
1486.08 
1485.28 
1485.41 
1484.68 
1484.68 
1483.56 
1483.65 
1482.82 
1482.97 
1482.26 
1482.24 
1481.57 
1481.56 
1481.42 
1481.37 
1480.67 
1480.74 
1480.11 
1480.15 
1479.41 
1479.46 
1478.49 
1478.57 
1477.78 
1477.91 
1477.23 
1477.22 
1476.61 
1476.75 
1476.51 
1476.42 
1475.87 
1475.89 
1475.41 
1475.38 
1474.65 
1474.8 
1473.81 
1473.94 
1473.3 
1473.37 
1472.79 
1472.91 
1472.15 
1472.34 
1472.17 
1472.24 
1471.56 
1471.74 
1471.18 
1471.27 
1470.65 
1470.8 
1469.91 
1470.07 
1469.35 
1469.42 
1468.89 
1469.04 
1468.38 
1468.62 
1468.39 
1468.59 
1467.92 
1468.0 
1467.46 
1467.64 
1467.0 
1467.15 
1466.19 
1466.3 
1465.68 
1465.86 
1465.3 
1465.46 
1464.8 
1464.99 
1464.9 
1465.05 
1464.28 
1464.5 
1464.03 
1464.18 
1463.47 
1463.75 
1462.91 
1462.93 
1462.47 
1462.77 
1462.21 
1462.32 
1461.7 
1461.98 
1461.92 
1462.06 
1461.46 
1461.66 
1461.3 
1461.48 
1460.9 
1461.07 
1460.16 
1460.45 
1459.9 
1460.13 
1459.73 
1459.85 
1459.39 
1459.69 
1459.61 
1459.83 
1459.37 
1459.55 
1459.2 
1459.44 
1458.93 
1459.35 
1458.58 
1458.8 
1458.3 
1458.53 
1458.18 
1458.56 
1458.0 
1458.28 
1458.32 
1458.61 
1458.2 
1458.49 
1458.05 
1458.43 
1457.92 
1458.22 
1457.49 
1457.83 
1457.35 
1457.64 
1457.22 
1457.57 
1457.11 
1457.46 
1457.57 
1457.97 
1457.4 
1457.76 
1457.42 
1457.68 
1457.29 
1457.59 
1456.84 
1457.17 
1456.78 
1457.06 
1456.68 
1456.96 
1456.55 
1456.8 
1456.83 
1457.11 
1456.65 
1456.93 
1456.52 
1456.85 
1456.36 
1456.61 
1455.86 
1456.14 
1455.62 
1455.82 
1455.4 
1455.69 
1455.14 
1455.43 
1455.4 
1455.59 
1455.09 
1455.35 
1454.91 
1454.97 
1454.53 
1454.8 
1453.93 
1454.21 
1453.59 
1453.72 
1453.23 
1453.41 
1452.89 
1453.01 
1452.98 
1453.13 
1452.51 
1452.73 
1452.11 
1452.36 
1451.68 
1451.88 
1450.98 
1451.06 
1450.47 
1450.62 
1450.1 
1450.15 
1449.5 
1449.73 
1449.56 
1449.73 
1449.12 
1449.2 
1448.68 
1448.78 
1448.13 
1448.31 
1447.36 
1447.45 
1446.9 
1446.97 
1446.47 
1446.5 
1445.9 
1446.1 
1445.87 
1446.1 
1445.43 
1445.52 
1444.94 
1445.01 
1444.42 
1444.63 
1443.6 
1443.72 
1443.14 
1443.23 
1442.7 
1442.83 
1442.22 
1442.35 
1442.14 
1442.22 
1441.59 
1441.89 
1441.22 
1441.37 
1440.76 
1440.97 
1440.01 
1440.19 
1439.56 
1439.73 
1439.17 
1439.26 
1438.68 
1438.83 
1438.64 
1438.75 
1438.24 
1438.35 
1437.73 
1438.03 
1437.35 
1437.52 
1436.57 
1436.73 
1436.15 
1436.24 
1435.68 
1435.86 
1435.33 
1435.39 
1435.27 
1435.5 
1434.8 
1435.08 
1434.47 
1434.65 
1434.06 
1434.15 
1433.26 
1433.48 
1432.88 
1432.99 
1432.48 
1432.65 
1432.08 
1432.21 
1432.1 
1432.3 
1431.69 
1431.92 
1431.35 
1431.52 
1430.94 
1431.17 
1430.27 
1430.44 
1429.8 
1430.07 
1429.57 
1429.74 
1429.2 
1429.39 
1429.24 
1429.56 
1429.07 
1429.22 
1428.73 
1428.97 
1428.42 
1428.68 
1427.88 
1428.17 
1427.54 
1427.92 
1427.33 
1427.6 
1427.09 
1427.34 
1427.34 
1427.58 
1427.01 
1427.42 
1426.95 
1427.24 
1426.73 
1427.09 
1426.3 
1426.5 
1426.08 
1426.36 
1425.97 
1426.13 
1425.75 
1426.17 
1426.27 
1426.48 
1426.03 
1426.41 
1426.08 
1426.4 
1426.02 
1426.29 
1425.55 
1426.03 
1425.68 
1426.0 
1425.7 
1425.95 
1425.75 
1426.04 
1426.16 
1426.48 
1426.17 
1426.55 
1426.33 
1426.63 
1426.4 
1426.77 
1425.96 
1426.3 
1426.12 
1426.37 
1426.14 
1426.52 
1426.26 
1426.62 
1426.76 
1427.05 
1426.87 
1427.18 
1427.0 
1427.38 
1426.98 
1427.3 
1426.63 
1426.88 
1426.66 
1426.93 
1426.74 
1427.03 
1426.75 
1427.1 
1427.27 
1427.63 
1427.34 
1427.56 
1427.39 
1427.59 
1427.29 
1427.61 
1426.93 
1427.15 
1426.83 
1427.08 
1426.85 
1427.04 
1426.77 
1427.12 
1427.07 
1427.3 
1427.01 
1427.39 
1427.08 
1427.3 
1426.74 
1427.18 
1426.23 
1426.45 
1426.12 
1426.32 
1425.99 
1426.14 
1425.8 
1426.01 
1426.03 
1426.29 
1425.9 
1426.09 
1425.78 
1425.87 
1425.49 
1425.66 
1424.82 
1424.98 
1424.56 
1424.78 
1424.26 
1424.47 
1424.12 
1424.26 
1424.2 
1424.38 
1423.93 
1424.05 
1423.67 
1423.85 
1423.19 
1423.52 
1422.53 
1422.6 
1422.24 
1422.43 
1421.86 
1422.01 
1421.58 
1421.76 
1421.68 
1421.8 
1421.46 
1421.57 
1421.14 
1421.23 
1420.72 
1420.97 
1419.97 
1420.05 
1419.67 
1419.82 
1419.32 
1419.48 
1418.97 
1419.23 
1419.16 
1419.3 
1418.78 
1419.07 
1418.48 
1418.71 
1418.17 
1418.34 
1417.44 
1417.58 
1417.21 
1417.31 
1416.92 
1417.08 
1416.62 
1416.75 
1416.78 
1416.93 
1416.5 
1416.77 
1416.32 
1416.47 
1416.07 
1416.29 
1415.35 
1415.56 
1415.19 
1415.4 
1414.91 
1415.12 
1414.68 
1414.95 
1414.97 
1415.15 
1414.69 
1414.96 
1414.57 
1414.77 
1414.28 
1414.74 
1413.78 
1413.94 
1413.69 
1413.85 
1413.4 
1413.7 
1413.33 
1413.5 
1413.52 
1413.79 
1413.38 
1413.75 
1413.34 
1413.61 
1413.2 
1413.49 
1412.68 
1412.86 
1412.56 
1412.72 
1412.44 
1412.62 
1412.28 
1412.63 
1412.71 
1412.86 
1412.47 
1412.9 
1412.4 
1412.66 
1412.3 
1412.67 
1411.81 
1412.07 
1411.71 
1412.01 
1411.66 
1411.88 
1411.57 
1411.89 
1411.91 
1412.14 
1411.82 
1412.2 
1411.84 
1412.16 
1411.73 
1412.18 
1411.33 
1411.57 
1411.36 
1411.6 
1411.3 
1411.7 
1411.26 
1411.7 
1411.74 
1412.06 
1411.8 
1412.14 
1411.86 
1412.14 
1411.78 
1412.19 
1411.54 
1411.79 
1411.64 
1411.93 
1411.69 
1412.03 
1411.77 
1412.18 
1412.33 
1412.68 
1412.41 
1412.88 
1412.56 
1412.97 
1412.62 
1413.0 
1412.46 
1412.77 
1412.52 
1412.93 
1412.67 
1413.02 
1412.75 
1413.19 
1413.35 
1413.8 
1413.46 
1413.92 
1413.59 
1414.12 
1413.66 
1414.1 
1413.59 
1413.88 
1413.68 
1413.99 
1413.71 
1414.13 
1413.84 
1414.21 
1414.47 
1414.8 
1414.38 
1414.94 
1414.6 
1414.96 
1414.46 
1415.01 
1414.26 
1414.63 
1414.29 
1414.6 
1414.28 
1414.69 
1414.28 
1414.6 
1414.68 
1415.06 
1414.61 
1415.05 
1414.67 
1414.97 
1414.48 
1414.76 
1414.18 
1414.58 
1413.97 
1414.34 
1414.01 
1414.19 
1413.71 
1414.04 
1414.0 
1414.39 
1413.81 
1414.18 
1413.65 
1413.93 
1413.51 
1413.78 
1412.93 
1413.16 
1412.64 
1412.96 
1412.41 
1412.69 
1412.19 
1412.45 
1412.39 
1412.65 
1412.16 
1412.36 
1411.94 
1412.12 
1411.62 
1411.83 
1411.14 
1411.43 
1410.87 
1411.01 
1410.59 
1410.84 
1410.33 
1410.61 
1410.51 
1410.81 
1410.21 
1410.57 
1410.13 
1410.27 
1409.85 
1410.05 
1409.2 
1409.61 
1408.95 
1409.23 
1408.81 
1409.0 
1408.56 
1408.81 
1408.85 
1409.18 
1408.65 
1408.91 
1408.46 
1408.8 
1408.23 
1408.6 
1407.83 
1408.13 
1407.62 
1407.97 
1407.54 
1407.85 
1407.34 
1407.63 
1407.63 
1407.98 
1407.55 
1407.78 
1407.47 
1407.73 
1407.2 
1407.61 
1406.8 
1407.14 
1406.7 
1407.06 
1406.53 
1406.91 
1406.48 
1406.84 
1406.81 
1407.23 
1406.79 
1407.1 
1406.72 
1407.05 
1406.6 
1406.92 
1406.4 
1406.69 
1406.21 
1406.64 
1406.18 
1406.56 
1406.04 
1406.46 
1406.54 
1406.88 
1406.45 
1406.77 
1406.44 
1406.82 
1406.31 
1406.71 
1406.01 
1406.34 
1405.92 
1406.31 
1405.91 
1406.34 
1405.82 
1406.27 
1406.29 
1406.67 
1406.32 
1406.73 
1406.39 
1406.7 
1406.38 
1406.8 
1406.16 
1406.62 
1406.3 
1406.58 
1406.35 
1406.65 
1406.25 
1406.71 
1406.81 
1407.26 
1406.92 
1407.32 
1407.06 
1407.47 
1407.12 
1407.56 
1406.92 
1407.34 
1407.05 
1407.46 
1407.19 
1407.67 
1407.3 
1407.79 
1407.95 
1408.37 
1408.12 
1408.52 
1408.29 
1408.72 
1408.51 
1408.93 
1408.35 
1408.71 
1408.47 
1408.89 
1408.7 
1409.2 
1408.85 
1409.28 
1409.52 
1409.94 
1409.65 
1410.11 
1409.91 
1410.39 
1410.06 
1410.62 
1409.86 
1410.43 
1410.09 
1410.63 
1410.34 
1410.65 
1410.49 
1410.97 
1411.2 
1411.58 
1411.29 
1411.78 
1411.53 
1412.04 
1411.63 
1412.13 
1411.63 
1412.05 
1411.73 
1412.2 
1411.91 
1412.4 
1411.95 
1412.42 
1412.52 
1413.04 
1412.62 
1413.04 
1412.75 
1413.17 
1412.91 
1413.24 
1412.57 
1412.92 
1412.62 
1413.0 
1412.63 
1413.03 
1412.57 
1413.04 
1413.16 
1413.51 
1413.03 
1413.5 
1413.15 
1413.42 
1413.05 
1413.46 
1412.87 
1413.24 
1412.78 
1413.11 
1412.79 
1413.03 
1412.62 
1413.09 
1413.08 
1413.38 
1413.01 
1413.34 
1412.95 
1413.27 
1412.74 
1413.22 
1412.44 
1412.67 
1412.26 
1412.63 
1412.29 
1412.56 
1412.16 
1412.5 
1412.48 
1412.78 
1412.36 
1412.75 
1412.26 
1412.52 
1412.08 
1412.45 
1411.92 
1412.14 
1411.65 
1412.14 
1411.67 
1411.98 
1411.56 
1411.84 
1411.91 
1412.13 
1411.72 
1412.14 
1411.69 
1412.08 
1411.6 
1412.0 
1411.15 
1411.59 
1411.07 
1411.38 
1411.0 
1411.33 
1410.84 
1411.22 
1411.3 
1411.67 
1411.24 
1411.56 
1411.16 
1411.51 
1410.98 
1411.43 
1410.69 
1411.05 
1410.52 
1410.99 
1410.55 
1410.89 
1410.43 
1410.81 
1410.78 
1411.18 
1410.78 
1411.04 
1410.69 
1411.02 
1410.48 
1410.94 
1410.19 
1410.48 
1410.06 
1410.29 
1409.9 
1410.32 
1409.88 
1410.19 
1410.23 
1410.61 
1410.16 
1410.56 
1410.11 
1410.44 
1409.97 
1410.29 
1409.63 
1410.06 
1409.6 
1409.92 
1409.51 
1409.9 
1409.4 
1409.73 
1409.88 
1410.18 
1409.67 
1410.05 
1409.65 
1409.98 
1409.52 
1410.03 
1409.23 
1409.59 
1409.13 
1409.59 
1409.19 
1409.51 
1409.07 
1409.48 
1409.52 
1409.96 
1409.49 
1409.9 
1409.49 
1409.9 
1409.48 
1409.9 
1409.32 
1409.7 
1409.23 
1409.66 
1409.28 
1409.69 
1409.31 
1409.66 
1409.84 
1410.26 
1409.75 
1410.19 
1409.9 
1410.33 
1409.9 
1410.33 
1409.64 
1409.97 
1409.68 
1410.05 
1409.78 
1410.17 
1409.77 
1410.25 
1410.42 
1410.82 
1410.44 
1410.85 
1410.48 
1411.03 
1410.56 
1411.05 
1410.49 
1410.94 
1410.51 
1411.01 
1410.62 
1411.06 
1410.63 
1411.16 
1411.3 
1411.72 
1411.3 
1411.73 
1411.45 
1411.77 
1411.48 
1411.87 
1411.27 
1411.61 
1411.19 
1411.6 
1411.17 
1411.65 
1411.28 
1411.61 
1411.71 
1412.2 
1411.68 
1412.16 
1411.76 
1412.06 
1411.67 
1411.99 
1411.27 
1411.64 
1411.19 
1411.42 
1411.07 
1411.41 
1410.94 
1411.34 
1411.25 
1411.66 
1411.1 
1411.4 
1411.08 
1411.33 
1410.84 
1411.18 
1410.35 
1410.54 
1410.04 
1410.41 
1409.94 
1410.16 
1409.75 
1409.93 
1409.89 
1410.22 
1409.64 
1409.84 
1409.42 
1409.64 
1409.03 
1409.47 
1408.69 
1408.8 
1408.3 
1408.58 
1408.01 
1408.32 
1407.76 
1407.91 
1407.92 
1408.27 
1407.59 
1407.88 
1407.45 
1407.63 
1407.03 
1407.26 
1406.54 
1406.74 
1406.18 
1406.43 
1405.88 
1406.11 
1405.61 
1405.88 
1405.91 
1406.15 
1405.57 
1405.85 
1405.36 
1405.62 
1405.08 
1405.31 
1404.67 
1404.93 
1404.4 
1404.73 
1404.23 
1404.51 
1403.95 
1404.26 
1404.34 
1404.61 
1404.08 
1404.42 
1403.98 
1404.26 
1403.75 
1404.08 
1403.35 
1403.56 
1403.1 
1403.46 
1403.03 
1403.33 
1402.92 
1403.16 
1403.25 
1403.56 
1403.11 
1403.46 
1403.0 
1403.33 
1402.93 
1403.26 
1402.61 
1402.96 
1402.51 
1402.81 
1402.46 
1402.77 
1402.32 
1402.7 
1402.69 
1403.08 
1402.62 
1403.04 
1402.59 
1402.91 
1402.49 
1402.8 
1402.12 
1402.54 
1402.05 
1402.43 
1402.01 
1402.32 
1401.92 
1402.31 
1402.34 
1402.76 
1402.37 
1402.68 
1402.38 
1402.61 
1402.27 
1402.73 
1401.97 
1402.29 
1401.95 
1402.33 
1401.97 
1402.39 
1401.95 
1402.29 
1402.46 
1402.87 
1402.42 
1402.84 
1402.49 
1402.84 
1402.47 
1402.87 
1402.17 
1402.6 
1402.26 
1402.65 
1402.36 
1402.66 
1402.4 
1402.79 
1402.98 
1403.36 
1402.99 
1403.39 
1403.13 
1403.54 
1403.21 
1403.63 
1403.05 
1403.5 
1403.08 
1403.55 
1403.36 
1403.64 
1403.39 
1403.87 
1404.0 
1404.48 
1404.18 
1404.56 
1404.29 
1404.87 
1404.47 
1404.97 
1404.34 
1404.77 
1404.42 
1404.95 
1404.68 
1405.16 
1404.82 
1405.3 
1405.45 
1405.97 
1405.59 
1406.15 
1405.94 
1406.33 
1406.04 
1406.44 
1405.97 
1406.39 
1406.1 
1406.55 
1406.26 
1406.71 
1406.42 
1406.86 
1406.98 
1407.4 
1407.11 
1407.55 
1407.18 
1407.75 
1407.33 
1407.78 
1407.05 
1407.55 
1407.14 
1407.61 
1407.23 
1407.66 
1407.28 
1407.64 
1407.83 
1408.13 
1407.78 
1408.08 
1407.83 
1408.18 
1407.74 
1408.21 
1407.51 
1407.93 
1407.49 
1407.82 
1407.46 
1407.91 
1407.27 
1407.66 
1407.73 
1408.06 
1407.52 
1407.92 
1407.55 
1407.77 
1407.35 
1407.72 
1406.99 
1407.29 
1406.68 
1407.05 
1406.61 
1406.86 
1406.35 
1406.69 
1406.65 
1406.95 
1406.38 
1406.73 
1406.22 
1406.53 
1406.05 
1406.29 
1405.5 
1405.76 
1405.2 
1405.52 
1405.08 
1405.27 
1404.72 
1405.0 
1404.95 
1405.15 
1404.67 
1404.9 
1404.5 
1404.67 
1404.13 
1404.45 
1403.62 
1403.8 
1403.24 
1403.57 
1403.1 
1403.23 
1402.76 
1402.99 
1402.95 
1403.2 
1402.66 
1402.95 
1402.52 
1402.64 
1402.17 
1402.49 
1401.66 
1402.02 
1401.37 
1401.67 
1401.23 
1401.41 
1401.03 
1401.24 
1401.14 
1401.43 
1400.94 
1401.18 
1400.78 
1401.0 
1400.43 
1400.84 
1399.94 
1400.24 
1399.68 
1400.0 
1399.61 
1399.8 
1399.38 
1399.59 
1399.59 
1399.9 
1399.37 
1399.7 
1399.13 
1399.47 
1399.01 
1399.36 
1398.74 
1398.92 
1398.58 
1398.72 
1398.43 
1398.77 
1398.24 
1398.51 
1398.61 
1398.78 
1398.41 
1398.75 
1398.31 
1398.64 
1398.17 
1398.53 
1397.73 
1398.07 
1397.64 
1397.94 
1397.58 
1397.82 
1397.38 
1397.85 
1397.82 
1398.19 
1397.81 
1398.14 
1397.64 
1398.03 
1397.64 
1397.94 
1397.43 
1397.63 
1397.35 
1397.69 
1397.28 
1397.59 
1397.2 
1397.51 
1397.66 
1398.06 
1397.65 
1398.01 
1397.62 
1398.06 
1397.58 
1398.06 
1397.32 
1397.65 
1397.22 
1397.67 
1397.32 
1397.82 
1397.36 
1397.7 
1397.86 
1398.24 
1397.86 
1398.28 
1397.92 
1398.29 
1398.03 
1398.5 
1397.81 
1398.19 
1397.89 
1398.37 
1397.96 
1398.49 
1398.0 
1398.51 
1398.62 
1399.07 
1398.76 
1399.14 
1398.88 
1399.3 
1398.94 
1399.48 
1398.79 
1399.09 
1398.84 
1399.41 
1399.04 
1399.47 
1399.1 
1399.56 
1399.74 
1400.14 
1399.76 
1400.24 
1399.95 
1400.35 
1400.03 
1400.5 
1399.98 
1400.35 
1400.03 
1400.39 
1400.12 
1400.56 
1400.24 
1400.72 
1400.8 
1401.27 
1400.81 
1401.36 
1401.09 
1401.48 
1401.07 
1401.52 
1400.83 
1401.3 
1400.94 
1401.35 
1401.02 
1401.4 
1401.04 
1401.5 
1401.64 
1402.07 
1401.67 
1402.08 
1401.77 
1402.07 
1401.78 
1402.19 
1401.59 
1401.85 
1401.59 
1402.0 
1401.63 
1401.98 
1401.62 
1402.01 
1402.1 
1402.45 
1402.09 
1402.4 
1402.03 
1402.37 
1402.08 
1402.31 
1401.64 
1402.01 
1401.47 
1401.85 
1401.55 
1401.93 
1401.4 
1401.78 
1401.78 
1402.15 
1401.62 
1402.1 
1401.57 
1401.99 
1401.58 
1401.9 
1401.25 
1401.59 
1401.19 
1401.48 
1401.07 
1401.39 
1400.9 
1401.35 
1401.3 
1401.62 
1401.15 
1401.38 
1401.09 
1401.36 
1400.91 
1401.25 
1400.56 
1400.88 
1400.38 
1400.72 
1400.21 
1400.54 
1400.1 
1400.53 
1400.47 
1400.85 
1400.29 
1400.68 
1400.27 
1400.54 
1400.17 
1400.5 
1399.73 
1399.99 
1399.52 
1399.92 
1399.42 
1399.84 
1399.35 
1399.73 
1399.66 
1400.07 
1399.53 
1399.95 
1399.55 
1399.89 
1399.37 
1399.8 
1398.97 
1399.43 
1398.95 
1399.31 
1398.87 
1399.24 
1398.79 
1399.18 
1399.23 
1399.63 
1399.18 
1399.62 
1399.16 
1399.56 
1399.26 
1399.52 
1398.85 
1399.29 
1398.78 
1399.29 
1398.86 
1399.22 
1398.89 
1399.2 
1399.35 
1399.75 
1399.37 
1399.67 
1399.38 
1399.82 
1399.48 
1399.8 
1399.12 
1399.57 
1399.09 
1399.51 
1399.21 
1399.68 
1399.33 
1399.65 
1399.8 
1400.24 
1399.85 
1400.32 
1399.99 
1400.34 
1400.15 
1400.51 
1399.97 
1400.37 
1400.0 
1400.54 
1400.17 
1400.56 
1400.23 
1400.65 
1400.79 
1401.34 
1400.95 
1401.38 
1401.09 
1401.51 
1401.24 
1401.65 
1401.0 
1401.5 
1401.05 
1401.59 
1401.28 
1401.7 
1401.36 
1401.86 
1402.03 
1402.51 
1402.18 
1402.59 
1402.38 
1402.81 
1402.51 
1403.03 
1402.4 
1402.91 
1402.61 
1402.97 
1402.68 
1403.31 
1402.86 
1403.34 
1403.51 
1404.03 
1403.6 
1404.05 
1403.86 
1404.3 
1403.88 
1404.49 
1403.8 
1404.28 
1403.85 
1404.38 
1404.05 
1404.47 
1404.14 
1404.72 
1404.82 
1405.21 
1404.88 
1405.34 
1405.13 
1405.59 
1405.25 
1405.69 
1405.09 
1405.51 
1405.11 
1405.64 
1405.29 
1405.8 
1405.39 
1405.76 
1405.93 
1406.45 
1406.08 
1406.51 
1406.24 
1406.58 
1406.19 
1406.75 
1406.04 
1406.38 
1406.02 
1406.4 
1406.11 
1406.6 
1406.18 
1406.49 
1406.68 
1407.1 
1406.62 
1407.05 
1406.67 
1407.08 
1406.75 
1407.02 
1406.4 
1406.8 
1406.32 
1406.63 
1406.36 
1406.68 
1406.26 
1406.66 
1406.68 
1407.06 
1406.57 
1406.84 
1406.56 
1406.88 
1406.46 
1406.84 
1406.04 
1406.47 
1405.87 
1406.17 
1405.78 
1406.14 
1405.7 
1405.94 
1405.98 
1406.32 
1405.91 
1406.2 
1405.71 
1406.04 
1405.6 
1405.89 
1405.24 
1405.45 
1404.97 
1405.27 
1404.87 
1405.29 
1404.69 
1404.98 
1404.98 
1405.24 
1404.74 
1405.16 
1404.6 
1404.98 
1404.38 
1404.75 
1403.88 
1404.29 
1403.75 
1403.97 
1403.45 
1403.71 
1403.22 
1403.59 
1403.56 
1403.81 
1403.34 
1403.67 
1403.29 
1403.52 
1403.11 
1403.37 
1402.69 
1402.92 
1402.44 
1402.71 
1402.32 
1402.63 
1402.1 
1402.38 
1402.43 
1402.69 
1402.24 
1402.6 
1402.12 
1402.49 
1402.04 
1402.37 
1401.58 
1401.85 
1401.36 
1401.78 
1401.35 
1401.72 
1401.28 
1401.54 
1401.55 
1401.92 
1401.4 
1401.77 
1401.45 
1401.79 
1401.38 
1401.7 
1400.92 
1401.26 
1400.86 
1401.25 
1400.94 
1401.18 
1400.79 
1401.17 
1401.31 
1401.59 
1401.18 
1401.6 
1401.18 
1401.57 
1401.25 
1401.63 
1400.82 
1401.2 
1400.83 
1401.24 
1400.88 
1401.27 
1400.93 
1401.32 
1401.39 
1401.83 
1401.48 
1401.88 
1401.54 
1401.94 
1401.64 
1402.04 
1401.42 
1401.8 
1401.43 
1401.87 
1401.56 
1401.98 
1401.71 
1402.08 
1402.23 
1402.69 
1402.37 
1402.81 
1402.47 
1402.94 
1402.55 
1403.01 
1402.36 
1402.73 
1402.47 
1402.85 
1402.66 
1403.06 
1402.74 
1403.15 
1403.38 
1403.8 
1403.55 
1403.92 
1403.7 
1404.21 
1403.78 
1404.36 
1403.86 
1404.29 
1403.96 
1404.51 
1404.25 
1404.7 
1404.31 
1404.82 
1404.99 
1405.56 
1405.15 
1405.65 
1405.28 
1405.85 
1405.5 
1406.11 
1405.45 
