Run 0 on 20200811 on sample T20-5d, LT thermometer,  dT/T0 = 0.02
Time per point = 3.125e-05 seconds
185.36 
184.925 
185.27 
185.015 
185.19 
184.86 
185.265 
184.505 
184.74 
184.4 
184.73 
184.38 
184.655 
184.345 
184.66 
184.74 
185.03 
184.65 
184.995 
184.665 
184.92 
184.615 
184.845 
184.055 
184.36 
183.995 
184.265 
183.99 
184.215 
183.88 
184.155 
184.27 
184.53 
184.155 
184.465 
184.17 
184.435 
184.085 
184.395 
183.685 
184.04 
183.6 
183.905 
183.57 
183.92 
183.585 
183.895 
184.025 
184.375 
183.97 
184.28 
184.085 
184.44 
184.11 
184.47 
183.67 
184.025 
183.65 
184.045 
183.775 
184.09 
183.76 
184.135 
184.35 
184.65 
184.37 
184.69 
184.45 
184.76 
184.53 
184.87 
184.105 
184.445 
184.14 
184.43 
184.125 
184.54 
184.18 
184.545 
184.66 
184.98 
184.69 
185.06 
184.79 
185.085 
184.74 
185.115 
184.365 
184.665 
184.385 
184.79 
184.455 
184.685 
184.435 
184.77 
184.865 
185.23 
184.91 
185.2 
184.985 
185.275 
184.99 
185.325 
184.495 
184.855 
184.535 
184.835 
184.535 
184.76 
184.445 
184.81 
184.905 
185.225 
184.86 
185.15 
184.93 
185.155 
184.855 
185.125 
184.405 
184.65 
184.29 
184.64 
184.3 
184.56 
184.325 
184.57 
184.625 
184.925 
184.58 
184.87 
184.665 
184.975 
184.635 
184.925 
184.155 
184.43 
184.07 
184.38 
184.17 
184.44 
184.145 
184.41 
184.56 
184.875 
184.605 
184.905 
184.62 
185.01 
184.65 
185.07 
184.32 
184.59 
184.37 
184.605 
184.405 
184.76 
184.435 
184.765 
184.925 
185.265 
184.94 
185.28 
185.01 
185.345 
185.03 
185.365 
184.6 
185.015 
184.6 
184.95 
184.67 
184.95 
184.61 
184.935 
185.035 
185.355 
185.005 
185.35 
185.025 
185.36 
184.99 
185.385 
184.61 
184.83 
184.52 
184.84 
184.56 
184.84 
184.46 
184.71 
184.84 
185.12 
184.78 
185.04 
184.76 
184.98 
184.735 
184.965 
184.16 
184.465 
184.01 
184.3 
183.99 
184.23 
183.88 
184.12 
184.165 
184.445 
184.11 
184.36 
184.01 
184.295 
183.855 
184.185 
183.375 
183.605 
183.27 
183.505 
183.17 
183.38 
183.01 
183.29 
183.355 
183.615 
183.265 
183.535 
183.23 
183.465 
183.14 
183.49 
182.675 
182.95 
182.505 
182.83 
182.52 
182.85 
182.54 
182.82 
182.91 
183.21 
182.845 
183.24 
182.97 
183.28 
182.925 
183.3 
182.505 
182.825 
182.595 
182.82 
182.625 
182.935 
182.7 
182.985 
183.21 
183.465 
183.22 
183.54 
183.305 
183.575 
183.3 
183.63 
182.84 
183.16 
182.815 
183.225 
182.925 
183.19 
182.88 
183.235 
183.315 
183.645 
183.375 
183.7 
183.405 
183.74 
183.42 
183.71 
183.005 
183.185 
182.955 
183.175 
182.91 
183.225 
182.935 
183.14 
183.305 
183.62 
183.27 
183.585 
183.32 
183.555 
183.2 
183.545 
182.81 
183.09 
182.76 
183.0 
182.66 
182.96 
182.63 
182.92 
182.96 
183.26 
182.925 
183.22 
182.875 
183.13 
182.885 
183.095 
182.3 
182.545 
182.225 
182.55 
182.22 
182.505 
182.17 
182.42 
182.585 
182.81 
182.535 
182.79 
182.54 
182.8 
182.515 
182.78 
182.04 
182.35 
181.995 
182.31 
182.075 
182.395 
182.115 
182.43 
182.545 
182.96 
182.64 
183.02 
182.755 
183.09 
182.825 
183.275 
182.515 
182.905 
182.585 
182.985 
182.75 
183.06 
182.925 
183.255 
183.465 
183.84 
183.53 
183.96 
183.645 
184.04 
183.82 
184.155 
183.465 
183.86 
183.58 
183.965 
183.75 
184.06 
183.83 
184.23 
184.375 
184.695 
184.445 
184.815 
184.625 
184.965 
184.645 
185.055 
184.35 
184.665 
184.395 
184.695 
184.5 
184.815 
184.53 
184.92 
185.01 
185.36 
185.1 
185.49 
185.165 
185.5 
185.165 
185.55 
184.74 
185.04 
184.735 
185.065 
184.785 
185.055 
184.77 
185.1 
185.225 
185.5 
185.17 
185.505 
185.225 
185.49 
185.165 
185.455 
184.705 
184.975 
184.665 
184.995 
184.685 
184.94 
184.59 
184.9 
185.03 
185.28 
185.02 
185.245 
185.055 
185.34 
184.96 
185.355 
184.595 
184.98 
184.57 
184.95 
184.615 
184.955 
184.655 
184.955 
185.095 
185.49 
185.175 
185.51 
185.23 
185.58 
185.285 
185.725 
185.005 
185.345 
185.09 
185.4 
185.135 
185.5 
185.23 
185.555 
185.775 
186.1 
185.845 
186.29 
186.0 
186.3 
186.095 
186.45 
185.72 
186.125 
185.71 
186.165 
185.88 
186.215 
185.91 
186.275 
186.38 
186.825 
186.48 
186.84 
186.54 
186.88 
186.525 
186.89 
186.22 
186.495 
186.135 
186.525 
186.14 
186.57 
186.2 
186.49 
186.56 
186.905 
186.625 
186.9 
186.625 
186.91 
186.49 
186.805 
186.0 
186.335 
185.895 
186.2 
185.865 
186.07 
185.685 
185.925 
185.98 
186.22 
185.85 
186.13 
185.7 
185.96 
185.55 
185.79 
184.855 
185.14 
184.705 
184.905 
184.58 
184.73 
184.345 
184.56 
184.55 
184.77 
184.335 
184.56 
184.155 
184.335 
183.9 
184.11 
183.245 
183.41 
182.955 
183.14 
182.76 
182.995 
182.505 
182.7 
182.75 
182.91 
182.455 
182.69 
182.245 
182.425 
182.065 
182.22 
181.37 
181.555 
181.16 
181.28 
180.855 
181.09 
180.63 
180.79 
180.88 
180.985 
180.605 
180.77 
180.395 
180.535 
180.1 
180.275 
179.41 
179.58 
179.18 
179.44 
178.865 
179.085 
178.655 
178.835 
178.85 
178.96 
178.575 
178.74 
178.345 
178.475 
178.06 
178.225 
177.38 
177.58 
177.13 
177.295 
176.885 
177.065 
176.64 
176.835 
176.82 
177.035 
176.58 
176.785 
176.365 
176.575 
176.17 
176.365 
175.495 
175.725 
175.2 
175.43 
175.04 
175.24 
174.775 
174.97 
175.005 
175.205 
174.735 
175.03 
174.6 
174.805 
174.44 
174.63 
173.84 
174.055 
173.5 
173.835 
173.405 
173.635 
173.23 
173.5 
173.515 
173.74 
173.365 
173.58 
173.235 
173.485 
173.06 
173.38 
172.555 
172.855 
172.37 
172.695 
172.35 
172.535 
172.24 
172.48 
172.595 
172.87 
172.465 
172.82 
172.38 
172.665 
172.36 
172.63 
171.795 
172.135 
171.745 
172.025 
171.735 
171.9 
171.575 
171.88 
171.975 
172.215 
171.915 
172.165 
171.8 
172.125 
171.745 
172.005 
171.155 
171.405 
171.025 
171.265 
170.96 
171.175 
170.835 
171.055 
171.135 
171.415 
170.935 
171.265 
170.9 
171.12 
170.76 
171.095 
170.24 
170.46 
170.12 
170.355 
169.96 
170.24 
169.94 
170.055 
170.16 
170.37 
170.045 
170.285 
169.95 
170.16 
169.77 
170.085 
169.26 
169.495 
169.08 
169.26 
168.935 
169.14 
168.69 
168.94 
168.985 
169.19 
168.745 
169.055 
168.66 
168.89 
168.415 
168.675 
167.815 
168.065 
167.625 
167.9 
167.535 
167.665 
167.33 
167.6 
167.62 
167.805 
167.335 
167.63 
167.29 
167.46 
167.055 
167.335 
166.51 
166.7 
166.32 
166.6 
166.14 
166.375 
165.98 
166.25 
166.325 
166.555 
166.16 
166.455 
166.1 
166.305 
165.945 
166.205 
165.295 
165.59 
165.25 
165.425 
165.11 
165.395 
164.99 
165.26 
165.255 
165.505 
165.18 
165.39 
165.065 
165.325 
164.92 
165.205 
164.315 
164.605 
164.125 
164.49 
164.155 
164.39 
164.075 
164.24 
164.305 
164.595 
164.22 
164.475 
164.135 
164.36 
164.055 
164.355 
163.55 
163.805 
163.48 
163.695 
163.4 
163.66 
163.285 
163.55 
163.645 
163.965 
163.625 
163.935 
163.61 
163.815 
163.43 
163.785 
162.96 
163.265 
162.855 
163.16 
162.775 
163.09 
162.72 
162.985 
163.04 
163.35 
162.985 
163.27 
162.935 
163.17 
162.865 
163.145 
162.37 
162.605 
162.235 
162.495 
162.18 
162.375 
162.035 
162.355 
162.4 
162.74 
162.365 
162.645 
162.305 
162.535 
162.245 
162.54 
161.735 
162.01 
161.675 
161.95 
161.59 
161.895 
161.585 
161.83 
161.88 
162.14 
161.835 
162.1 
161.785 
162.02 
161.685 
161.985 
161.16 
161.42 
161.09 
161.28 
161.035 
161.25 
160.91 
161.15 
161.235 
161.445 
161.155 
161.39 
161.0 
161.22 
160.875 
161.135 
160.3 
160.55 
160.125 
160.4 
160.0 
160.285 
159.93 
160.18 
160.19 
160.515 
160.09 
160.34 
160.05 
160.29 
159.83 
160.11 
159.345 
159.5 
159.135 
159.425 
159.075 
159.375 
158.965 
159.155 
159.255 
159.495 
159.16 
159.42 
159.14 
159.34 
158.955 
159.23 
158.365 
158.57 
158.265 
158.46 
158.135 
158.37 
157.995 
158.22 
158.3 
158.505 
158.175 
158.445 
158.15 
158.31 
157.945 
158.2 
157.37 
157.605 
157.23 
157.515 
157.15 
157.35 
157.04 
157.28 
157.345 
157.56 
157.195 
157.49 
157.115 
157.375 
156.975 
157.285 
156.455 
156.645 
156.385 
156.6 
156.235 
156.55 
156.12 
156.355 
156.54 
156.775 
156.37 
156.71 
156.375 
156.655 
156.22 
156.55 
155.735 
155.97 
155.68 
155.94 
155.615 
155.85 
155.49 
155.75 
155.925 
156.13 
155.755 
156.055 
155.705 
156.075 
155.645 
155.915 
155.17 
155.525 
155.015 
155.395 
155.1 
155.35 
154.965 
155.315 
155.365 
155.67 
155.325 
155.615 
155.31 
155.64 
155.27 
155.675 
154.875 
155.16 
154.775 
155.21 
154.925 
155.205 
154.93 
155.22 
155.345 
155.725 
155.365 
155.72 
155.475 
155.765 
155.48 
155.75 
155.07 
155.45 
155.095 
155.41 
155.11 
155.465 
155.045 
155.445 
155.585 
155.92 
155.575 
155.97 
155.635 
155.965 
155.675 
155.975 
155.22 
155.53 
155.19 
155.525 
155.295 
155.56 
155.285 
155.51 
155.71 
155.985 
155.68 
156.045 
155.69 
156.03 
155.645 
156.025 
155.29 
155.63 
155.22 
155.525 
155.185 
155.54 
155.185 
155.47 
155.57 
155.91 
155.55 
155.89 
155.56 
155.83 
155.485 
155.78 
154.91 
155.245 
154.9 
155.165 
154.755 
155.11 
154.745 
154.975 
155.025 
155.28 
154.94 
155.21 
154.825 
155.15 
154.755 
155.065 
154.2 
154.485 
154.09 
154.27 
153.985 
154.255 
153.845 
154.08 
154.17 
154.415 
154.035 
154.37 
154.03 
154.21 
153.875 
154.19 
153.395 
153.645 
153.3 
153.63 
153.235 
153.565 
153.135 
153.46 
153.555 
153.905 
153.535 
153.865 
153.565 
153.835 
153.455 
153.775 
153.005 
153.33 
152.91 
153.25 
152.9 
153.25 
152.87 
153.155 
153.3 
153.6 
153.195 
153.555 
153.275 
153.555 
153.18 
153.5 
152.75 
153.035 
152.68 
152.995 
152.695 
152.99 
152.665 
153.015 
153.115 
153.35 
153.16 
153.46 
153.11 
153.435 
153.175 
153.515 
152.64 
152.985 
152.645 
152.99 
152.66 
152.99 
152.63 
152.93 
153.02 
153.32 
152.985 
153.33 
152.945 
153.345 
152.94 
153.215 
152.465 
152.755 
152.35 
152.625 
152.315 
152.625 
152.25 
152.51 
152.645 
152.87 
152.47 
152.72 
152.435 
152.665 
152.28 
152.56 
151.71 
151.96 
151.625 
151.825 
151.46 
151.7 
151.35 
151.58 
151.665 
151.895 
151.595 
151.805 
151.49 
151.67 
151.36 
151.635 
150.865 
151.06 
150.725 
150.99 
150.65 
150.91 
150.64 
150.855 
150.96 
151.2 
150.85 
151.2 
150.855 
151.165 
150.775 
151.1 
150.27 
150.585 
150.215 
150.455 
150.175 
150.49 
150.12 
150.36 
150.485 
150.775 
150.425 
150.775 
150.47 
150.75 
150.39 
150.72 
149.925 
150.285 
149.91 
150.28 
149.985 
150.245 
149.925 
150.285 
150.37 
150.655 
150.34 
150.7 
150.395 
150.75 
150.415 
150.73 
149.96 
150.35 
149.985 
150.345 
150.0 
150.31 
150.0 
150.315 
150.43 
150.74 
150.425 
150.75 
150.475 
150.775 
150.44 
150.765 
149.94 
150.235 
149.895 
150.195 
149.89 
150.165 
149.79 
150.12 
150.22 
150.425 
150.12 
150.39 
149.985 
150.345 
149.97 
150.22 
149.49 
149.72 
149.315 
149.61 
149.265 
149.5 
149.185 
149.345 
149.55 
149.795 
149.42 
149.69 
149.415 
149.715 
149.355 
149.615 
148.78 
149.12 
148.745 
149.08 
148.705 
148.99 
148.665 
148.92 
149.045 
149.365 
149.04 
149.425 
149.055 
149.35 
148.99 
149.355 
148.555 
148.845 
148.55 
148.815 
148.53 
148.81 
148.445 
148.795 
148.955 
149.235 
148.93 
149.26 
148.965 
149.255 
148.995 
149.315 
148.52 
148.865 
148.535 
148.93 
148.655 
148.925 
148.62 
149.005 
149.145 
149.375 
149.145 
149.49 
149.27 
149.595 
149.275 
149.6 
148.86 
149.185 
148.92 
149.245 
148.905 
149.24 
148.985 
149.27 
149.42 
149.74 
149.4 
149.72 
149.51 
149.785 
149.47 
149.81 
148.95 
149.265 
148.925 
149.22 
148.98 
149.285 
148.925 
149.185 
149.285 
149.575 
149.195 
149.515 
149.195 
149.455 
149.06 
149.39 
148.57 
148.875 
148.55 
148.745 
148.4 
148.725 
148.34 
148.61 
148.69 
148.98 
148.605 
148.88 
148.565 
148.895 
148.57 
148.83 
148.04 
148.305 
147.98 
148.32 
147.99 
148.25 
147.95 
148.22 
148.39 
148.665 
148.365 
148.66 
148.325 
148.62 
148.285 
148.61 
147.825 
148.11 
147.83 
148.12 
147.77 
148.185 
147.785 
148.075 
148.265 
148.465 
148.275 
148.585 
148.29 
148.61 
148.295 
148.605 
147.94 
148.27 
147.985 
148.265 
147.99 
148.32 
148.02 
148.45 
148.56 
148.9 
148.56 
148.97 
148.71 
149.145 
148.785 
149.165 
148.495 
148.785 
148.48 
148.865 
148.585 
148.935 
148.71 
149.04 
149.105 
149.48 
149.245 
149.58 
149.32 
149.62 
149.31 
149.705 
148.9 
149.24 
149.0 
149.255 
148.98 
149.28 
148.95 
149.3 
149.435 
149.685 
149.34 
149.7 
149.38 
149.675 
149.37 
149.67 
148.875 
149.14 
148.78 
149.07 
148.8 
149.085 
148.735 
149.085 
149.15 
149.44 
149.145 
149.455 
149.145 
149.43 
149.08 
149.385 
148.68 
148.98 
148.58 
148.99 
148.605 
148.935 
148.64 
148.9 
149.065 
149.315 
148.965 
149.31 
149.035 
149.345 
148.975 
149.32 
148.635 
148.965 
148.575 
148.975 
148.57 
148.94 
148.55 
148.9 
148.99 
149.3 
148.99 
149.355 
148.995 
149.35 
149.025 
149.275 
148.56 
148.815 
148.505 
148.89 
148.525 
148.84 
148.525 
148.915 
148.995 
149.295 
148.97 
149.31 
148.975 
149.33 
148.92 
149.295 
148.635 
148.89 
148.545 
148.875 
148.68 
148.92 
148.62 
148.875 
149.015 
149.32 
148.94 
149.32 
149.01 
149.335 
148.905 
149.275 
148.45 
148.74 
148.46 
148.705 
148.37 
148.625 
148.285 
148.605 
148.685 
148.935 
148.545 
148.85 
148.44 
148.755 
148.37 
148.63 
147.91 
148.135 
147.82 
148.07 
147.72 
148.035 
147.685 
147.915 
148.01 
148.29 
147.94 
148.26 
147.86 
148.235 
147.795 
148.125 
147.375 
147.645 
147.305 
147.57 
147.265 
147.585 
147.23 
147.54 
147.585 
147.995 
147.585 
147.98 
147.615 
147.93 
147.5 
147.925 
147.18 
147.485 
147.16 
147.525 
147.2 
147.49 
147.15 
147.405 
147.55 
147.95 
147.55 
147.915 
147.6 
147.91 
147.53 
147.91 
147.28 
147.575 
147.26 
147.605 
147.25 
147.605 
147.22 
147.68 
147.785 
148.17 
147.76 
148.16 
147.855 
148.27 
147.905 
148.295 
147.71 
148.04 
147.715 
148.13 
147.835 
148.125 
147.88 
148.195 
148.335 
148.655 
148.34 
148.745 
148.4 
148.775 
148.32 
148.82 
147.975 
148.345 
148.04 
148.32 
148.025 
148.295 
147.95 
148.29 
148.365 
148.7 
148.295 
148.68 
148.285 
148.56 
148.15 
148.555 
147.8 
148.01 
147.665 
147.995 
147.685 
148.005 
147.52 
147.885 
147.975 
148.275 
147.885 
148.23 
147.88 
148.205 
147.735 
148.095 
147.47 
147.685 
147.29 
147.625 
147.255 
147.555 
147.18 
147.505 
147.64 
147.9 
147.525 
147.91 
147.52 
147.85 
147.48 
147.76 
147.16 
147.38 
147.06 
147.4 
147.035 
147.41 
146.995 
147.35 
147.385 
147.715 
147.395 
147.73 
147.385 
147.72 
147.29 
147.69 
146.995 
147.34 
146.885 
147.315 
147.02 
147.3 
146.91 
147.345 
147.435 
147.84 
147.45 
147.85 
147.49 
147.865 
147.5 
147.865 
147.25 
147.615 
147.205 
147.62 
147.315 
147.72 
147.335 
147.735 
147.865 
148.23 
147.81 
148.21 
147.95 
148.29 
147.885 
148.25 
147.6 
147.95 
147.565 
147.93 
147.525 
147.91 
147.545 
147.87 
148.04 
148.315 
147.89 
148.225 
147.97 
148.26 
147.915 
148.19 
147.55 
147.885 
147.42 
147.8 
147.485 
147.775 
147.36 
147.68 
147.77 
148.13 
147.735 
148.015 
147.735 
148.05 
147.62 
147.995 
147.315 
147.575 
147.2 
147.525 
147.23 
147.57 
147.21 
147.51 
147.6 
147.945 
147.54 
147.88 
147.605 
147.86 
147.56 
147.85 
147.13 
147.485 
147.065 
147.425 
147.135 
147.435 
147.04 
147.405 
147.49 
147.86 
147.475 
147.775 
147.465 
147.84 
147.475 
147.815 
147.08 
147.46 
147.05 
147.365 
147.13 
147.39 
147.14 
147.465 
147.54 
147.915 
147.555 
147.915 
147.66 
147.995 
147.66 
148.035 
147.35 
147.755 
147.305 
147.715 
147.365 
147.755 
147.43 
147.73 
147.91 
148.28 
147.905 
148.21 
147.985 
148.29 
147.97 
148.325 
147.6 
147.915 
147.555 
147.855 
147.54 
147.805 
147.49 
147.82 
147.945 
148.24 
147.9 
148.265 
147.95 
148.18 
147.92 
148.185 
147.375 
147.765 
147.405 
147.695 
147.375 
147.645 
147.325 
147.64 
147.76 
148.105 
147.725 
148.065 
147.73 
148.06 
147.71 
148.03 
147.275 
147.525 
147.19 
147.575 
147.255 
147.485 
147.22 
147.535 
147.605 
147.94 
147.595 
147.965 
147.67 
147.92 
147.6 
147.96 
147.2 
147.535 
147.205 
147.48 
147.12 
147.465 
147.12 
147.45 
147.465 
147.865 
147.48 
147.79 
147.425 
147.775 
147.51 
147.785 
146.975 
147.335 
146.895 
147.285 
146.95 
147.285 
146.93 
147.255 
147.34 
147.7 
147.28 
147.64 
147.35 
147.69 
147.315 
147.695 
146.935 
147.26 
146.87 
147.175 
146.86 
147.115 
146.85 
147.19 
147.265 
147.575 
147.23 
147.525 
147.25 
147.5 
147.115 
147.51 
146.675 
146.96 
146.58 
146.875 
146.575 
146.825 
146.525 
146.75 
146.87 
147.105 
146.795 
147.08 
146.745 
146.98 
146.615 
147.005 
146.13 
146.455 
146.02 
146.345 
146.015 
146.3 
145.88 
146.245 
146.31 
146.615 
146.24 
146.545 
146.215 
146.55 
146.19 
146.47 
145.725 
146.005 
145.65 
145.965 
145.68 
145.965 
145.665 
145.96 
146.085 
146.36 
146.05 
146.38 
146.075 
146.43 
146.035 
146.355 
145.6 
145.9 
145.585 
145.88 
145.6 
145.87 
145.495 
145.865 
146.0 
146.24 
145.96 
146.29 
145.92 
146.27 
145.97 
146.315 
145.51 
145.885 
145.525 
145.805 
145.54 
145.885 
145.59 
145.9 
145.98 
146.33 
146.02 
146.42 
146.08 
146.365 
146.145 
146.46 
145.88 
146.255 
145.845 
146.215 
145.82 
146.22 
145.87 
146.22 
146.34 
146.72 
146.33 
146.745 
146.39 
146.725 
146.34 
146.75 
146.005 
146.465 
145.965 
146.31 
146.015 
146.36 
145.945 
146.305 
146.445 
146.79 
146.405 
146.765 
146.46 
146.8 
146.435 
146.715 
146.045 
146.405 
146.005 
146.395 
146.08 
146.345 
145.98 
146.395 
146.535 
146.85 
146.43 
146.835 
146.535 
146.86 
146.49 
146.81 
146.19 
146.465 
146.15 
146.52 
146.2 
146.575 
146.175 
146.5 
146.66 
147.025 
146.615 
146.985 
146.655 
146.985 
146.64 
146.975 
146.325 
146.625 
146.22 
146.585 
146.225 
146.63 
146.155 
146.535 
146.63 
147.015 
146.65 
147.02 
146.63 
146.955 
146.625 
146.955 
146.21 
146.57 
146.165 
146.495 
146.2 
146.51 
146.155 
146.465 
146.615 
146.985 
146.64 
146.98 
146.665 
147.005 
146.665 
147.025 
146.26 
146.64 
146.26 
146.63 
146.27 
146.61 
146.22 
146.63 
146.695 
147.08 
146.66 
147.02 
146.78 
147.045 
146.7 
147.09 
146.25 
146.65 
146.24 
146.56 
146.27 
146.51 
146.195 
146.51 
146.65 
146.955 
146.495 
146.88 
146.535 
146.83 
146.545 
146.825 
146.155 
146.55 
146.075 
146.41 
146.075 
146.39 
146.01 
146.305 
146.435 
146.8 
146.325 
146.73 
146.395 
146.745 
146.335 
146.755 
146.035 
146.3 
145.975 
146.23 
145.93 
146.24 
145.955 
146.255 
146.36 
146.665 
146.33 
146.695 
146.385 
146.675 
146.31 
146.66 
145.88 
146.265 
145.895 
146.17 
145.825 
146.18 
145.845 
146.165 
146.255 
146.53 
146.17 
146.51 
146.185 
146.475 
146.215 
146.5 
145.75 
146.08 
145.625 
145.955 
145.665 
145.97 
145.62 
145.96 
146.08 
146.405 
146.025 
146.35 
146.125 
146.37 
146.06 
146.41 
145.7 
146.02 
145.575 
146.0 
145.615 
146.0 
145.635 
145.94 
146.06 
146.38 
146.035 
146.33 
146.1 
146.4 
146.09 
146.4 
145.62 
146.015 
145.57 
145.875 
145.635 
145.895 
145.61 
145.86 
146.0 
146.315 
145.905 
146.27 
145.97 
146.285 
145.97 
146.335 
145.525 
145.84 
145.48 
145.835 
145.495 
145.81 
145.445 
145.835 
145.93 
146.3 
145.96 
146.295 
146.035 
146.31 
146.015 
146.4 
145.625 
145.97 
145.64 
145.97 
145.725 
146.035 
145.725 
146.02 
146.155 
146.555 
146.26 
146.585 
146.355 
146.675 
146.335 
146.71 
146.05 
146.355 
146.03 
146.38 
146.0 
146.41 
146.04 
146.395 
146.49 
146.84 
146.445 
146.8 
146.495 
146.82 
146.455 
146.855 
146.115 
146.45 
146.035 
146.42 
146.09 
146.39 
146.095 
146.45 
146.545 
146.965 
146.58 
146.95 
146.61 
146.915 
146.61 
146.97 
146.25 
146.625 
146.215 
146.575 
146.235 
146.57 
146.185 
146.55 
146.635 
146.99 
146.62 
146.92 
146.61 
146.865 
146.535 
146.9 
146.1 
146.39 
146.0 
146.325 
145.99 
146.28 
145.875 
146.205 
146.295 
146.61 
146.18 
146.51 
146.135 
146.43 
146.085 
146.38 
145.61 
145.995 
145.47 
145.85 
145.475 
145.77 
145.385 
145.7 
145.805 
146.135 
145.7 
146.105 
145.75 
146.065 
145.66 
146.065 
145.325 
145.63 
145.27 
145.6 
145.29 
145.63 
145.29 
145.63 
145.72 
146.06 
145.745 
146.07 
145.79 
146.1 
145.77 
146.125 
145.395 
145.74 
145.385 
145.725 
145.425 
145.78 
145.39 
145.76 
145.92 
146.195 
145.91 
146.265 
145.99 
146.305 
146.0 
146.35 
145.555 
145.97 
145.62 
145.93 
145.715 
145.965 
145.69 
146.025 
146.225 
146.56 
146.265 
146.655 
146.35 
146.625 
146.41 
146.78 
146.04 
146.425 
146.01 
146.405 
146.105 
146.445 
146.14 
146.45 
146.555 
146.865 
146.535 
146.865 
146.6 
146.88 
146.535 
146.91 
146.145 
146.46 
146.045 
146.365 
146.025 
146.355 
146.035 
146.345 
146.44 
146.71 
146.39 
146.71 
146.425 
146.665 
146.345 
146.685 
145.88 
146.195 
145.755 
146.105 
145.79 
146.085 
145.75 
146.06 
146.175 
146.505 
146.17 
146.475 
146.21 
146.58 
146.155 
146.53 
145.77 
146.095 
145.73 
146.03 
145.73 
146.075 
145.715 
146.125 
146.225 
146.575 
146.25 
146.59 
146.315 
146.68 
146.35 
146.675 
145.9 
146.265 
145.93 
146.265 
145.92 
146.235 
145.97 
146.255 
146.465 
146.73 
146.51 
146.79 
146.545 
146.86 
146.555 
146.955 
146.125 
146.48 
146.215 
146.59 
146.265 
146.59 
146.32 
146.655 
146.83 
147.155 
146.895 
147.19 
146.975 
147.2 
146.97 
147.355 
146.56 
146.97 
146.605 
146.925 
146.625 
146.935 
146.605 
146.96 
147.105 
147.395 
147.02 
147.4 
147.055 
147.36 
147.025 
147.34 
146.5 
146.845 
146.445 
146.71 
146.375 
146.625 
146.36 
146.595 
146.71 
146.955 
146.575 
146.875 
146.555 
146.74 
146.39 
146.765 
145.965 
146.21 
145.825 
146.15 
145.795 
146.055 
145.61 
145.985 
146.06 
146.325 
145.925 
146.23 
145.84 
146.175 
145.695 
146.055 
145.37 
145.6 
145.21 
145.555 
145.155 
145.495 
145.095 
145.375 
145.515 
145.775 
145.35 
145.815 
145.45 
145.77 
145.325 
145.7 
144.97 
145.295 
144.86 
145.205 
144.875 
145.17 
144.69 
145.095 
145.21 
145.525 
145.11 
145.48 
145.04 
145.475 
145.095 
145.36 
144.645 
145.005 
144.67 
144.95 
144.625 
144.93 
144.56 
144.92 
144.995 
145.375 
144.995 
145.3 
145.07 
145.325 
144.99 
145.36 
144.655 
145.06 
144.63 
144.995 
144.655 
144.97 
144.57 
144.935 
144.975 
145.42 
144.945 
145.34 
144.99 
145.255 
144.895 
145.235 
144.485 
144.85 
144.465 
144.71 
144.39 
144.685 
144.32 
144.655 
144.72 
145.04 
144.695 
145.005 
144.66 
144.945 
144.65 
144.995 
144.265 
144.52 
144.14 
144.5 
144.22 
144.49 
144.075 
144.435 
144.595 
144.98 
144.565 
144.935 
144.655 
145.025 
144.685 
144.995 
144.275 
144.65 
144.265 
144.66 
144.305 
144.705 
144.345 
144.66 
144.83 
145.165 
144.89 
145.23 
144.975 
145.355 
145.025 
145.34 
144.775 
145.105 
144.705 
145.085 
144.78 
145.15 
144.775 
145.175 
145.315 
145.66 
145.345 
145.705 
145.335 
145.835 
145.38 
145.75 
144.98 
145.475 
145.085 
145.42 
145.14 
145.48 
145.135 
145.515 
145.615 
146.03 
145.7 
146.07 
145.81 
146.155 
145.77 
146.155 
145.505 
145.79 
145.48 
145.81 
145.535 
145.87 
145.495 
145.895 
145.99 
146.345 
145.95 
146.305 
146.01 
146.34 
145.97 
146.315 
145.57 
145.94 
145.53 
145.775 
145.485 
145.83 
145.475 
145.795 
145.945 
146.17 
145.82 
146.175 
145.88 
146.14 
145.83 
146.11 
145.39 
145.715 
145.25 
145.66 
145.335 
145.675 
145.26 
145.65 
145.715 
146.045 
145.7 
146.07 
145.735 
146.085 
145.77 
146.095 
145.345 
145.68 
145.385 
145.715 
145.38 
145.77 
145.395 
145.8 
145.895 
146.21 
145.94 
146.215 
145.97 
146.285 
145.985 
146.32 
145.595 
145.96 
145.615 
145.9 
145.605 
145.935 
145.61 
145.96 
146.045 
146.36 
146.055 
146.42 
146.145 
146.425 
146.07 
146.505 
145.76 
146.055 
145.695 
146.015 
145.72 
146.045 
145.72 
145.995 
146.195 
146.53 
146.17 
146.535 
146.24 
146.545 
146.24 
146.54 
145.86 
146.205 
145.765 
146.15 
145.75 
146.125 
145.69 
146.045 
146.1 
146.46 
146.055 
146.41 
146.1 
146.345 
145.935 
146.295 
145.505 
145.81 
145.385 
145.68 
145.35 
145.64 
145.225 
145.58 
145.67 
145.985 
145.545 
145.84 
145.515 
145.79 
145.4 
145.71 
144.96 
145.245 
144.825 
145.15 
144.79 
145.07 
144.665 
145.015 
145.165 
145.49 
145.14 
145.405 
145.18 
145.405 
145.1 
145.39 
144.7 
144.88 
144.645 
144.995 
144.645 
145.055 
144.7 
144.98 
145.135 
145.48 
145.18 
145.475 
145.215 
145.55 
145.15 
145.585 
144.79 
145.19 
144.78 
145.125 
144.8 
145.165 
144.835 
145.175 
145.325 
145.605 
145.3 
145.69 
145.38 
145.725 
145.37 
145.75 
145.05 
145.39 
145.105 
145.435 
145.125 
145.48 
145.18 
145.51 
145.68 
145.975 
145.625 
146.09 
145.78 
146.135 
145.86 
146.215 
145.46 
145.835 
145.555 
145.835 
145.565 
145.915 
145.555 
145.91 
145.99 
146.37 
146.06 
146.385 
146.105 
146.405 
146.015 
146.39 
145.625 
145.93 
145.61 
145.855 
145.57 
145.905 
145.55 
145.865 
145.955 
146.245 
145.895 
146.245 
145.925 
146.245 
145.88 
146.2 
145.455 
145.745 
145.345 
145.69 
145.365 
145.705 
145.325 
145.64 
145.72 
146.125 
145.71 
146.075 
145.74 
146.085 
145.705 
146.1 
145.32 
145.57 
145.28 
145.6 
145.275 
145.585 
145.295 
145.57 
145.685 
146.0 
145.73 
146.04 
145.735 
145.99 
145.705 
146.045 
145.26 
145.575 
145.215 
145.535 
145.22 
145.53 
145.255 
145.52 
145.59 
145.96 
145.565 
145.94 
145.635 
145.965 
145.66 
145.96 
145.135 
145.44 
145.19 
145.43 
145.2 
145.525 
145.15 
145.475 
145.56 
145.96 
145.575 
145.945 
145.61 
145.93 
145.665 
145.97 
145.19 
145.47 
145.195 
145.49 
145.17 
145.49 
145.195 
145.46 
145.55 
145.915 
145.525 
145.85 
145.605 
145.825 
145.59 
145.87 
145.035 
145.38 
145.035 
145.275 
145.02 
145.295 
144.91 
145.25 
145.435 
145.62 
145.255 
145.57 
145.295 
145.575 
145.235 
145.535 
144.745 
145.05 
144.73 
145.035 
144.75 
145.015 
144.615 
144.94 
145.13 
145.41 
145.11 
145.405 
145.125 
145.445 
145.13 
145.505 
144.71 
144.99 
144.665 
145.045 
144.755 
145.05 
144.725 
145.065 
145.185 
145.6 
145.2 
145.59 
145.25 
145.54 
145.265 
145.615 
144.965 
145.305 
144.865 
145.29 
144.95 
145.34 
144.87 
145.29 
145.385 
145.74 
145.29 
145.7 
145.385 
145.75 
145.435 
145.75 
145.05 
