Run 12 on 20200810 on sample T20-5d, LT thermometer,  dT/T0 = 0.02
Time per point = 3.125e-05 seconds
1383.965 
1383.47 
1383.8 
1383.465 
1383.795 
1383.48 
1383.84 
1383.145 
1383.54 
1383.155 
1383.455 
1383.175 
1383.535 
1383.135 
1383.535 
1383.56 
1383.965 
1383.6 
1383.985 
1383.7 
1384.08 
1383.745 
1384.11 
1383.4 
1383.715 
1383.345 
1383.77 
1383.5 
1383.785 
1383.435 
1383.835 
1383.95 
1384.37 
1383.985 
1384.325 
1384.09 
1384.41 
1384.145 
1384.435 
1383.88 
1384.205 
1383.79 
1384.19 
1383.79 
1384.195 
1383.775 
1384.13 
1384.22 
1384.645 
1384.205 
1384.555 
1384.19 
1384.54 
1384.13 
1384.61 
1383.735 
1384.145 
1383.72 
1384.04 
1383.71 
1384.055 
1383.655 
1384.095 
1384.095 
1384.405 
1384.035 
1384.375 
1384.075 
1384.38 
1384.05 
1384.36 
1383.63 
1383.99 
1383.6 
1383.92 
1383.64 
1383.905 
1383.52 
1383.88 
1383.96 
1384.34 
1383.975 
1384.325 
1383.97 
1384.245 
1383.945 
1384.345 
1383.545 
1383.865 
1383.5 
1383.8 
1383.47 
1383.835 
1383.5 
1383.785 
1383.915 
1384.26 
1383.885 
1384.22 
1383.915 
1384.275 
1383.955 
1384.24 
1383.475 
1383.855 
1383.435 
1383.795 
1383.445 
1383.79 
1383.45 
1383.815 
1383.89 
1384.205 
1383.855 
1384.27 
1383.905 
1384.225 
1383.925 
1384.27 
1383.59 
1383.885 
1383.59 
1383.94 
1383.605 
1383.975 
1383.62 
1384.0 
1384.09 
1384.54 
1384.15 
1384.52 
1384.31 
1384.665 
1384.315 
1384.705 
1383.965 
1384.325 
1383.975 
1384.41 
1384.055 
1384.46 
1384.155 
1384.56 
1384.63 
1385.0 
1384.71 
1384.95 
1384.8 
1385.07 
1384.74 
1385.155 
1384.4 
1384.815 
1384.43 
1384.75 
1384.495 
1384.865 
1384.57 
1384.87 
1385.035 
1385.37 
1385.05 
1385.465 
1385.11 
1385.495 
1385.195 
1385.52 
1384.895 
1385.36 
1384.905 
1385.36 
1385.06 
1385.395 
1385.0 
1385.445 
1385.54 
1385.935 
1385.555 
1385.98 
1385.675 
1386.135 
1385.71 
1386.14 
1385.41 
1385.845 
1385.43 
1385.88 
1385.57 
1385.985 
1385.58 
1386.005 
1386.15 
1386.55 
1386.215 
1386.595 
1386.245 
1386.68 
1386.385 
1386.76 
1386.06 
1386.45 
1386.135 
1386.48 
1386.27 
1386.575 
1386.295 
1386.635 
1386.8 
1387.23 
1386.9 
1387.24 
1387.095 
1387.42 
1387.115 
1387.535 
1386.835 
1387.255 
1386.925 
1387.34 
1387.075 
1387.445 
1387.195 
1387.62 
1387.815 
1388.13 
1387.875 
1388.325 
1388.075 
1388.445 
1388.195 
1388.615 
1387.935 
1388.32 
1388.0 
1388.375 
1388.1 
1388.54 
1388.265 
1388.595 
1388.78 
1389.165 
1388.825 
1389.21 
1389.01 
1389.34 
1389.04 
1389.435 
1388.77 
1389.09 
1388.8 
1389.18 
1388.905 
1389.255 
1388.965 
1389.405 
1389.535 
1389.895 
1389.595 
1389.945 
1389.65 
1390.07 
1389.755 
1390.11 
1389.405 
1389.815 
1389.415 
1389.795 
1389.56 
1389.915 
1389.59 
1389.975 
1390.085 
1390.485 
1390.12 
1390.44 
1390.205 
1390.545 
1390.2 
1390.62 
1389.84 
1390.205 
1389.89 
1390.25 
1389.885 
1390.24 
1389.95 
1390.265 
1390.38 
1390.775 
1390.375 
1390.76 
1390.44 
1390.79 
1390.54 
1390.75 
1390.09 
1390.485 
1390.04 
1390.36 
1390.06 
1390.39 
1389.92 
1390.345 
1390.38 
1390.825 
1390.415 
1390.805 
1390.435 
1390.845 
1390.47 
1390.82 
1389.97 
1390.405 
1390.07 
1390.415 
1390.02 
1390.355 
1390.065 
1390.39 
1390.51 
1390.875 
1390.51 
1390.835 
1390.55 
1390.88 
1390.605 
1390.905 
1390.15 
1390.48 
1390.15 
1390.47 
1390.15 
1390.48 
1390.115 
1390.44 
1390.54 
1390.915 
1390.485 
1390.85 
1390.535 
1390.87 
1390.495 
1390.785 
1390.04 
1390.38 
1389.965 
1390.33 
1390.035 
1390.295 
1390.0 
1390.32 
1390.42 
1390.645 
1390.34 
1390.67 
1390.325 
1390.7 
1390.38 
1390.64 
1389.85 
1390.215 
1389.81 
1390.085 
1389.805 
1390.09 
1389.79 
1390.115 
1390.205 
1390.525 
1390.18 
1390.505 
1390.23 
1390.465 
1390.2 
1390.495 
1389.71 
1390.055 
1389.735 
1390.03 
1389.7 
1390.01 
1389.695 
1390.01 
1390.135 
1390.42 
1390.165 
1390.435 
1390.245 
1390.45 
1390.185 
1390.415 
1389.65 
1389.98 
1389.655 
1389.995 
1389.705 
1389.96 
1389.675 
1390.025 
1390.115 
1390.46 
1390.115 
1390.455 
1390.135 
1390.495 
1390.2 
1390.585 
1389.725 
1390.145 
1389.795 
1390.13 
1389.905 
1390.215 
1389.965 
1390.325 
1390.47 
1390.84 
1390.51 
1390.885 
1390.59 
1390.93 
1390.645 
1391.0 
1390.445 
1390.815 
1390.48 
1390.855 
1390.515 
1390.965 
1390.55 
1390.935 
1391.095 
1391.505 
1391.11 
1391.59 
1391.15 
1391.61 
1391.26 
1391.735 
1391.075 
1391.45 
1391.015 
1391.48 
1391.17 
1391.64 
1391.22 
1391.74 
1391.88 
1392.285 
1391.93 
1392.42 
1392.14 
1392.575 
1392.315 
1392.75 
1392.15 
1392.605 
1392.325 
1392.84 
1392.585 
1393.055 
1392.8 
1393.235 
1393.47 
1393.99 
1393.765 
1394.21 
1394.135 
1394.515 
1394.33 
1394.81 
1394.295 
1394.79 
1394.575 
1395.09 
1394.92 
1395.48 
1395.29 
1395.835 
1396.14 
1396.64 
1396.47 
1397.08 
1396.925 
1397.5 
1397.355 
1397.905 
1397.445 
1398.075 
1397.88 
1398.545 
1398.355 
1399.025 
1398.845 
1399.54 
1399.915 
1400.505 
1400.41 
1401.08 
1401.095 
1401.73 
1401.66 
1402.365 
1401.94 
1402.655 
1402.595 
1403.335 
1403.29 
1403.955 
1404.01 
1404.69 
1405.185 
1405.88 
1405.945 
1406.7 
1406.785 
1407.515 
1407.54 
1408.335 
1408.015 
1408.775 
1408.855 
1409.57 
1409.695 
1410.51 
1410.595 
1411.315 
1411.87 
1412.65 
1412.75 
1413.535 
1413.67 
1414.475 
1414.56 
1415.45 
1415.1 
1415.895 
1416.02 
1416.805 
1416.995 
1417.82 
1417.895 
1418.765 
1419.315 
1420.165 
1420.34 
1421.13 
1421.3 
1422.155 
1422.31 
1423.13 
1422.975 
1423.825 
1423.915 
1424.845 
1424.995 
1425.835 
1425.975 
1426.865 
1427.47 
1428.395 
1428.545 
1429.385 
1429.6 
1430.43 
1430.64 
1431.51 
1431.3 
1432.205 
1432.295 
1433.14 
1433.385 
1434.235 
1434.445 
1435.285 
1435.98 
1436.715 
1436.96 
1437.9 
1438.08 
1438.925 
1439.145 
1440.015 
1439.78 
1440.565 
1440.81 
1441.59 
1441.815 
1442.68 
1442.885 
1443.72 
1444.35 
1445.265 
1445.44 
1446.325 
1446.55 
1447.385 
1447.58 
1448.465 
1448.285 
1449.115 
1449.295 
1450.195 
1450.355 
1451.22 
1451.45 
1452.31 
1452.925 
1453.84 
1454.005 
1454.875 
1455.115 
1456.01 
1456.135 
1457.06 
1456.765 
1457.66 
1457.865 
1458.665 
1458.875 
1459.755 
1459.93 
1460.705 
1461.295 
1462.105 
1462.33 
1463.165 
1463.41 
1464.175 
1464.365 
1465.18 
1464.87 
1465.635 
1465.885 
1466.655 
1466.835 
1467.585 
1467.755 
1468.505 
1469.17 
1469.89 
1470.03 
1470.95 
1470.99 
1471.815 
1471.97 
1472.745 
1472.29 
1473.08 
1473.215 
1474.015 
1474.085 
1474.88 
1474.945 
1475.735 
1476.23 
1477.06 
1477.06 
1477.925 
1477.975 
1478.805 
1478.745 
1479.56 
1479.27 
1479.97 
1479.98 
1480.755 
1480.795 
1481.545 
1481.59 
1482.34 
1482.8 
1483.545 
1483.575 
1484.345 
1484.345 
1485.055 
1485.145 
1485.885 
1485.525 
1486.22 
1486.24 
1486.97 
1487.05 
1487.68 
1487.735 
1488.42 
1488.9 
1489.58 
1489.66 
1490.385 
1490.43 
1491.13 
1491.15 
1491.9 
1491.475 
1492.21 
1492.225 
1492.97 
1492.985 
1493.71 
1493.745 
1494.48 
1494.895 
1495.685 
1495.64 
1496.465 
1496.48 
1497.19 
1497.17 
1497.965 
1497.6 
1498.27 
1498.33 
1498.975 
1499.0 
1499.72 
1499.77 
1500.46 
1500.92 
1501.595 
1501.57 
1502.295 
1502.33 
1503.005 
1503.035 
1503.815 
1503.32 
1504.105 
1504.065 
1504.75 
1504.675 
1505.415 
1505.39 
1506.05 
1506.525 
1507.245 
1507.145 
1507.92 
1507.83 
1508.54 
1508.51 
1509.19 
1508.805 
1509.52 
1509.465 
1510.095 
1510.145 
1510.81 
1510.725 
1511.405 
1511.83 
1512.54 
1512.43 
1513.12 
1513.105 
1513.71 
1513.63 
1514.39 
1513.915 
1514.59 
1514.54 
1515.135 
1515.085 
1515.715 
1515.65 
1516.335 
1516.71 
1517.375 
1517.225 
1517.95 
1517.845 
1518.425 
1518.375 
1518.985 
1518.565 
1519.28 
1519.135 
1519.755 
1519.645 
1520.19 
1520.185 
1520.78 
1521.22 
1521.865 
1521.76 
1522.355 
1522.305 
1522.91 
1522.865 
1523.485 
1523.0 
1523.72 
1523.67 
1524.27 
1524.265 
1524.895 
1524.725 
1525.415 
1525.815 
1526.445 
1526.37 
1527.07 
1527.03 
1527.605 
1527.56 
1528.285 
1527.94 
1528.53 
1528.46 
1529.095 
1529.01 
1529.7 
1529.565 
1530.275 
1530.685 
1531.275 
1531.205 
1531.895 
1531.845 
1532.5 
1532.325 
1532.955 
1532.59 
1533.205 
1533.115 
1533.73 
1533.66 
1534.355 
1534.245 
1534.855 
1535.245 
1535.88 
1535.75 
1536.415 
1536.325 
1536.97 
1536.9 
1537.52 
1537.135 
1537.735 
1537.63 
1538.24 
1538.19 
1538.835 
1538.72 
1539.285 
1539.675 
1540.3 
1540.23 
1540.79 
1540.71 
1541.325 
1541.2 
1541.865 
1541.36 
1541.94 
1541.865 
1542.435 
1542.32 
1542.87 
1542.745 
1543.32 
1543.64 
1544.22 
1544.105 
1544.59 
1544.59 
1545.13 
1544.945 
1545.585 
1545.08 
1545.59 
1545.46 
1546.005 
1545.88 
1546.39 
1546.23 
1546.835 
1547.135 
1547.645 
1547.45 
1548.055 
1547.985 
1548.525 
1548.295 
1548.95 
1548.37 
1548.885 
1548.765 
1549.315 
1549.205 
1549.785 
1549.555 
1550.17 
1550.455 
1550.995 
1550.815 
1551.44 
1551.325 
1551.83 
1551.655 
1552.245 
1551.71 
1552.31 
1552.115 
1552.645 
1552.575 
1553.045 
1552.905 
1553.43 
1553.74 
1554.24 
1554.085 
1554.71 
1554.585 
1555.13 
1554.925 
1555.455 
1554.89 
1555.375 
1555.27 
1555.765 
1555.67 
1556.125 
1556.005 
1556.51 
1556.79 
1557.365 
1557.115 
1557.68 
1557.57 
1558.06 
1557.93 
1558.455 
1557.975 
1558.425 
1558.265 
1558.85 
1558.695 
1559.185 
1559.07 
1559.51 
1559.77 
1560.365 
1560.115 
1560.65 
1560.465 
1561.005 
1560.83 
1561.365 
1560.765 
1561.215 
1561.07 
1561.52 
1561.36 
1561.805 
1561.635 
1562.11 
1562.415 
1562.83 
1562.64 
1563.11 
1563.0 
1563.465 
1563.225 
1563.685 
1563.11 
1563.55 
1563.3 
1563.79 
1563.555 
1564.03 
1563.715 
1564.245 
1564.425 
1564.945 
1564.715 
1565.22 
1565.04 
1565.5 
1565.22 
1565.785 
1565.16 
1565.64 
1565.38 
1565.855 
1565.71 
1566.13 
1565.925 
1566.405 
1566.62 
1567.13 
1566.945 
1567.495 
1567.22 
1567.71 
1567.505 
1568.065 
1567.46 
1567.95 
1567.76 
1568.25 
1568.1 
1568.6 
1568.385 
1568.865 
1569.125 
1569.565 
1569.39 
1569.905 
1569.79 
1570.2 
1570.035 
1570.565 
1569.945 
1570.405 
1570.28 
1570.785 
1570.575 
1571.105 
1570.965 
1571.485 
1571.77 
1572.17 
1572.065 
1572.605 
1572.485 
1572.91 
1572.795 
1573.245 
1572.68 
1573.17 
1572.955 
1573.52 
1573.37 
1573.825 
1573.645 
1574.13 
1574.415 
1575.01 
1574.82 
1575.295 
1575.18 
1575.695 
1575.495 
1576.02 
1575.43 
1575.99 
1575.76 
1576.27 
1576.06 
1576.595 
1576.37 
1576.83 
1577.135 
1577.625 
1577.38 
1577.905 
1577.775 
1578.175 
1578.025 
1578.52 
1577.945 
1578.4 
1578.185 
1578.66 
1578.49 
1578.955 
1578.725 
1579.23 
1579.445 
1579.85 
1579.775 
1580.2 
1580.065 
1580.485 
1580.315 
1580.765 
1580.075 
1580.5 
1580.325 
1580.8 
1580.655 
1581.03 
1580.905 
1581.355 
1581.65 
1582.06 
1581.945 
1582.36 
1582.21 
1582.575 
1582.36 
1582.895 
1582.17 
1582.61 
1582.355 
1582.855 
1582.645 
1583.085 
1582.755 
1583.25 
1583.495 
1583.98 
1583.67 
1584.155 
1584.005 
1584.43 
1584.155 
1584.525 
1583.925 
1584.43 
1584.155 
1584.57 
1584.39 
1584.75 
1584.51 
1584.965 
1585.185 
1585.655 
1585.36 
1585.815 
1585.605 
1586.025 
1585.78 
1586.255 
1585.645 
1586.02 
1585.865 
1586.195 
1586.04 
1586.455 
1586.275 
1586.63 
1586.89 
1587.21 
1587.075 
1587.46 
1587.305 
1587.72 
1587.49 
1587.935 
1587.175 
1587.545 
1587.41 
1587.82 
1587.57 
1587.975 
1587.72 
1588.11 
1588.36 
1588.69 
1588.455 
1588.87 
1588.615 
1589.09 
1588.735 
1589.18 
1588.42 
1588.73 
1588.5 
1588.88 
1588.645 
1589.045 
1588.725 
1589.14 
1589.325 
1589.72 
1589.48 
1589.87 
1589.635 
1590.085 
1589.8 
1590.26 
1589.55 
1589.905 
1589.62 
1590.03 
1589.825 
1590.17 
1589.95 
1590.34 
1590.52 
1590.97 
1590.69 
1591.105 
1590.915 
1591.31 
1591.06 
1591.515 
1590.9 
1591.225 
1591.005 
1591.445 
1591.275 
1591.62 
1591.43 
1591.82 
1592.01 
1592.325 
1592.155 
1592.505 
1592.37 
1592.74 
1592.445 
1592.93 
1592.165 
1592.48 
1592.365 
1592.715 
1592.495 
1592.865 
1592.655 
1593.13 
1593.32 
1593.68 
1593.395 
1593.845 
1593.63 
1594.025 
1593.725 
1594.25 
1593.4 
1593.89 
1593.565 
1593.955 
1593.765 
1594.13 
1593.93 
1594.38 
1594.54 
1594.945 
1594.7 
1595.115 
1594.94 
1595.28 
1595.025 
1595.495 
1594.87 
1595.265 
1594.93 
1595.45 
1595.11 
1595.6 
1595.33 
1595.73 
1595.89 
1596.29 
1596.02 
1596.48 
1596.215 
1596.635 
1596.4 
1596.835 
1596.22 
1596.535 
1596.415 
1596.76 
1596.615 
1596.965 
1596.72 
1597.22 
1597.355 
1597.67 
1597.51 
1597.98 
1597.79 
1598.16 
1597.9 
1598.355 
1597.685 
1598.065 
1597.875 
1598.32 
1598.065 
1598.495 
1598.28 
1598.77 
1598.91 
1599.37 
1599.115 
1599.595 
1599.32 
1599.805 
1599.42 
1599.995 
1599.18 
1599.65 
1599.445 
1599.78 
1599.635 
1599.985 
1599.785 
1600.18 
1600.415 
1600.82 
1600.57 
1600.98 
1600.79 
1601.135 
1600.88 
1601.37 
1600.695 
1601.09 
1600.855 
1601.205 
1601.035 
1601.4 
1601.145 
1601.55 
1601.75 
1602.105 
1601.9 
1602.325 
1602.095 
1602.47 
1602.27 
1602.64 
1602.08 
1602.475 
1602.235 
1602.595 
1602.475 
1602.785 
1602.59 
1602.935 
1603.145 
1603.435 
1603.25 
1603.65 
1603.405 
1603.78 
1603.51 
1603.97 
1603.21 
1603.525 
1603.285 
1603.665 
1603.35 
1603.76 
1603.445 
1603.855 
1604.01 
1604.39 
1604.045 
1604.405 
1604.12 
1604.475 
1604.105 
1604.545 
1603.625 
1604.035 
1603.655 
1604.035 
1603.775 
1604.12 
1603.83 
1604.19 
1604.275 
1604.63 
1604.32 
1604.7 
1604.4 
1604.78 
1604.47 
1604.855 
1604.095 
1604.5 
1604.19 
1604.55 
1604.27 
1604.64 
1604.34 
1604.63 
1604.82 
1605.155 
1604.945 
1605.215 
1604.995 
1605.335 
1605.005 
1605.43 
1604.875 
1605.175 
1604.91 
1605.235 
1605.0 
1605.28 
1604.985 
1605.445 
1605.54 
1605.87 
1605.545 
1605.98 
1605.675 
1606.075 
1605.68 
1606.11 
1605.41 
1605.745 
1605.44 
1605.835 
1605.525 
1605.935 
1605.51 
1605.985 
1606.065 
1606.54 
1606.105 
1606.555 
1606.28 
1606.635 
1606.345 
1606.72 
1605.95 
1606.28 
1605.98 
1606.425 
1606.17 
1606.495 
1606.24 
1606.605 
1606.77 
1607.1 
1606.855 
1607.195 
1606.965 
1607.355 
1607.045 
1607.445 
1606.725 
1607.105 
1606.84 
1607.18 
1606.88 
1607.21 
1606.99 
1607.335 
1607.49 
1607.79 
1607.5 
1607.865 
1607.59 
1607.915 
1607.66 
1607.975 
1607.425 
1607.765 
1607.46 
1607.86 
1607.545 
1607.91 
1607.495 
1607.865 
1608.045 
1608.495 
1607.98 
1608.53 
1608.12 
1608.5 
1608.13 
1608.52 
1607.915 
1608.315 
1607.87 
1608.305 
1608.0 
1608.395 
1608.025 
1608.425 
1608.6 
1609.02 
1608.625 
1609.04 
1608.75 
1609.11 
1608.76 
1609.16 
1608.56 
1608.925 
1608.59 
1608.985 
1608.705 
1609.09 
1608.765 
1609.115 
1609.29 
1609.6 
1609.345 
1609.735 
1609.43 
1609.75 
1609.425 
1609.855 
1609.115 
1609.45 
1609.17 
1609.5 
1609.25 
1609.605 
1609.255 
1609.65 
1609.8 
1610.16 
1609.825 
1610.14 
1609.9 
1610.265 
1609.945 
1610.33 
1609.695 
1610.08 
1609.685 
1610.14 
1609.8 
1610.27 
1609.84 
1610.23 
1610.36 
1610.795 
1610.39 
1610.775 
1610.47 
1610.85 
1610.52 
1610.935 
1610.235 
1610.66 
1610.235 
1610.605 
1610.305 
1610.65 
1610.27 
1610.69 
1610.85 
1611.2 
1610.81 
1611.18 
1610.91 
1611.27 
1610.92 
1611.265 
1610.585 
1610.955 
1610.605 
1610.98 
1610.615 
1610.975 
1610.645 
1611.06 
1611.18 
1611.455 
1611.105 
1611.485 
1611.155 
1611.51 
1611.115 
1611.475 
1610.78 
1611.155 
1610.76 
1611.15 
1610.795 
1611.17 
1610.79 
1611.205 
1611.25 
1611.65 
1611.255 
1611.64 
1611.295 
1611.69 
1611.26 
1611.62 
1611.1 
1611.375 
1610.96 
1611.395 
1610.965 
1611.4 
1610.95 
1611.31 
1611.39 
1611.805 
1611.325 
1611.695 
1611.4 
1611.72 
1611.305 
1611.675 
1610.995 
1611.345 
1610.935 
1611.25 
1610.96 
1611.24 
1610.88 
1611.245 
1611.365 
1611.715 
1611.29 
1611.675 
1611.355 
1611.73 
1611.395 
1611.745 
1611.095 
1611.43 
1611.13 
1611.475 
1611.15 
1611.485 
1611.13 
1611.555 
1611.615 
1612.0 
1611.615 
1612.075 
1611.695 
1612.1 
1611.595 
1612.095 
1611.46 
1611.745 
1611.35 
1611.77 
1611.405 
1611.82 
1611.38 
1611.745 
1611.925 
1612.265 
1611.855 
1612.28 
1611.975 
1612.275 
1611.9 
1612.355 
1611.595 
1612.0 
1611.58 
1611.975 
1611.64 
1612.045 
1611.595 
1612.065 
1612.14 
1612.53 
1612.11 
1612.57 
1612.24 
1612.68 
1612.31 
1612.715 
1611.97 
1612.35 
1612.01 
1612.405 
1612.065 
1612.495 
1612.175 
1612.545 
1612.61 
1613.03 
1612.7 
1613.08 
1612.85 
1613.21 
1612.85 
1613.21 
1612.56 
1612.955 
1612.635 
1612.93 
1612.63 
1613.0 
1612.59 
1612.945 
1613.1 
1613.48 
1613.125 
1613.54 
1613.18 
1613.46 
1613.09 
1613.52 
1612.82 
1613.195 
1612.785 
1613.15 
1612.82 
1613.14 
1612.77 
1613.19 
1613.315 
1613.645 
1613.245 
1613.635 
1613.3 
1613.705 
1613.31 
1613.645 
1612.925 
1613.37 
1612.86 
1613.23 
1612.945 
1613.295 
1612.96 
1613.28 
1613.365 
1613.77 
1613.385 
1613.81 
1613.4 
1613.78 
1613.395 
1613.81 
1613.07 
1613.345 
1612.99 
1613.315 
1613.03 
1613.37 
1613.035 
1613.355 
1613.475 
1613.72 
1613.415 
1613.795 
1613.48 
1613.71 
1613.44 
1613.775 
1613.01 
1613.33 
1613.02 
1613.32 
1612.995 
1613.285 
1612.935 
1613.31 
1613.42 
1613.745 
1613.415 
1613.705 
1613.405 
1613.775 
1613.445 
1613.75 
1613.035 
1613.475 
1613.07 
1613.46 
1613.12 
1613.46 
1613.135 
1613.47 
1613.605 
1613.995 
1613.64 
1613.975 
1613.715 
1614.06 
1613.745 
1614.08 
1613.415 
1613.73 
1613.34 
1613.73 
1613.435 
1613.73 
1613.38 
1613.75 
1613.83 
1614.18 
1613.86 
1614.25 
1613.89 
1614.28 
1613.905 
1614.285 
1613.475 
1613.755 
1613.435 
1613.79 
1613.455 
1613.77 
1613.415 
1613.82 
1613.92 
1614.205 
1613.915 
1614.27 
1613.935 
1614.235 
1614.025 
1614.27 
1613.475 
1613.8 
1613.445 
1613.79 
1613.44 
1613.81 
1613.425 
1613.735 
1613.825 
1614.225 
1613.81 
1614.165 
1613.865 
1614.205 
1613.815 
1614.23 
1613.465 
1613.805 
1613.4 
1613.7 
1613.415 
1613.75 
1613.325 
1613.71 
1613.775 
1614.15 
1613.745 
1614.075 
1613.8 
1614.07 
1613.79 
1614.085 
1613.385 
1613.755 
1613.36 
1613.725 
1613.345 
1613.745 
1613.41 
1613.765 
1613.855 
1614.235 
1613.88 
1614.245 
1613.98 
1614.38 
1614.04 
1614.465 
1613.69 
1614.045 
1613.735 
1614.13 
1613.875 
1614.255 
1613.95 
1614.28 
1614.495 
1614.845 
1614.605 
1614.99 
1614.775 
1615.085 
1614.845 
1615.225 
1614.44 
1614.89 
1614.535 
1614.98 
1614.63 
1615.06 
1614.715 
1615.12 
1615.295 
1615.7 
1615.325 
1615.775 
1615.475 
1615.87 
1615.505 
1615.995 
1615.21 
1615.615 
1615.275 
1615.705 
1615.43 
1615.76 
1615.44 
1615.875 
1615.995 
1616.33 
1616.06 
1616.41 
1616.21 
1616.54 
1616.21 
1616.585 
1615.87 
1616.255 
1615.985 
1616.325 
1616.055 
1616.415 
1616.115 
1616.51 
1616.66 
1616.91 
1616.64 
1617.025 
1616.765 
1617.05 
1616.74 
1617.145 
1616.325 
1616.63 
1616.4 
1616.7 
1616.455 
1616.75 
1616.43 
1616.67 
1616.82 
1617.1 
1616.845 
1617.125 
1616.93 
1617.13 
1616.775 
1617.15 
1616.25 
1616.59 
1616.205 
1616.555 
1616.26 
1616.535 
1616.11 
1616.425 
1616.57 
1616.855 
1616.48 
1616.805 
1616.48 
1616.84 
1616.44 
1616.8 
1616.005 
1616.37 
1615.965 
1616.315 
1615.955 
1616.305 
1615.935 
1616.26 
1616.37 
1616.66 
1616.36 
1616.695 
1616.38 
1616.66 
1616.355 
1616.595 
1615.905 
1616.28 
1615.875 
1616.21 
1615.85 
1616.12 
1615.835 
1616.15 
1616.205 
1616.495 
1616.12 
1616.46 
1616.19 
1616.505 
1616.13 
1616.43 
1615.655 
1615.995 
1615.62 
1615.94 
1615.615 
1615.855 
1615.565 
1615.895 
1615.99 
1616.29 
1615.885 
1616.215 
1615.905 
1616.255 
1615.97 
1616.22 
1615.435 
1615.805 
1615.37 
1615.735 
1615.335 
1615.665 
1615.345 
1615.57 
1615.715 
1616.09 
1615.71 
1616.045 
1615.655 
1615.96 
1615.58 
1615.94 
1615.23 
1615.54 
1615.13 
1615.46 
1615.015 
1615.455 
1615.045 
1615.36 
1615.435 
1615.75 
1615.345 
1615.705 
1615.39 
1615.705 
1615.315 
1615.6 
1614.84 
1615.13 
1614.825 
1615.11 
1614.8 
1615.11 
1614.705 
1615.085 
1615.165 
1615.5 
1615.14 
1615.445 
1615.165 
1615.5 
1615.21 
1615.54 
1614.74 
1615.06 
1614.79 
1615.145 
1614.825 
1615.155 
1614.845 
1615.17 
1615.295 
1615.71 
1615.345 
1615.69 
1615.46 
1615.82 
1615.52 
1615.875 
1615.1 
1615.46 
1615.06 
1615.455 
1615.135 
1615.48 
1615.19 
1615.515 
1615.66 
1616.02 
1615.705 
1616.04 
1615.745 
1616.135 
1615.835 
1616.27 
1615.445 
1615.84 
1615.5 
1615.855 
1615.63 
1616.055 
1615.675 
1616.04 
1616.18 
1616.5 
1616.2 
1616.64 
1616.38 
1616.765 
1616.445 
1616.805 
1616.215 
1616.545 
1616.245 
1616.635 
1616.41 
1616.745 
1616.455 
1616.83 
1616.935 
1617.38 
1617.06 
1617.445 
1617.17 
1617.535 
1617.23 
1617.655 
1616.905 
1617.28 
1616.975 
1617.32 
1617.08 
1617.425 
1617.135 
1617.52 
1617.63 
1617.945 
1617.675 
1618.0 
1617.81 
1618.06 
1617.815 
1618.215 
1617.375 
1617.755 
1617.4 
1617.745 
1617.43 
1617.8 
1617.415 
1617.78 
1617.96 
1618.305 
1617.9 
1618.325 
1617.995 
1618.365 
1618.01 
1618.395 
1617.7 
1618.085 
1617.73 
1618.055 
1617.78 
1618.095 
1617.835 
1618.19 
1618.295 
1618.675 
1618.315 
1618.72 
1618.41 
1618.75 
1618.45 
1618.87 
1618.145 
1618.415 
1618.11 
1618.445 
1618.16 
1618.51 
1618.2 
1618.485 
1618.635 
1618.925 
1618.68 
1618.96 
1618.715 
1619.01 
1618.755 
1619.0 
1618.215 
1618.55 
1618.27 
1618.5 
1618.265 
1618.57 
1618.305 
1618.6 
1618.73 
1618.98 
1618.665 
1619.025 
1618.745 
1619.05 
1618.705 
1619.055 
1618.22 
1618.56 
1618.18 
1618.51 
1618.18 
1618.485 
1618.075 
1618.47 
1618.585 
1618.89 
1618.54 
1618.89 
1618.515 
1618.91 
1618.51 
1618.83 
1618.06 
1618.385 
1617.97 
1618.3 
1617.955 
1618.25 
1617.905 
1618.24 
1618.3 
1618.63 
1618.255 
1618.59 
1618.225 
1618.515 
1618.17 
1618.43 
1617.73 
1618.125 
1617.695 
1617.915 
1617.655 
1617.905 
1617.605 
1617.905 
1617.995 
1618.305 
1618.015 
1618.31 
1618.0 
1618.32 
1617.98 
1618.31 
1617.525 
1617.89 
1617.475 
1617.865 
1617.55 
1617.905 
1617.57 
1617.895 
1618.045 
1618.355 
1617.93 
1618.34 
1618.075 
1618.42 
1618.125 
1618.475 
1617.71 
1618.01 
1617.625 
1618.015 
1617.65 
1618.07 
1617.665 
1617.995 
1618.11 
1618.49 
1618.145 
1618.5 
1618.145 
1618.465 
1618.11 
1618.495 
1617.785 
1618.125 
1617.725 
1618.105 
1617.775 
1618.145 
1617.775 
1618.15 
1618.235 
1618.575 
1618.21 
1618.56 
1618.295 
1618.615 
1618.275 
1618.66 
1617.83 
1618.235 
1617.915 
1618.23 
1617.99 
1618.255 
1617.905 
1618.245 
1618.385 
1618.65 
1618.385 
1618.725 
1618.44 
1618.715 
1618.395 
1618.695 
1617.925 
1618.14 
1617.94 
1618.145 
1617.86 
1618.17 
1617.81 
1618.11 
1618.205 
1618.44 
1618.16 
1618.445 
1618.1 
1618.35 
1618.035 
1618.345 
1617.435 
1617.805 
1617.34 
1617.67 
1617.3 
1617.65 
1617.205 
1617.55 
1617.59 
1617.995 
1617.565 
1617.94 
1617.61 
1617.925 
1617.54 
1617.91 
1617.135 
1617.485 
1617.06 
1617.435 
1617.145 
1617.44 
1617.12 
1617.46 
1617.54 
1617.91 
1617.535 
1617.93 
1617.63 
1617.93 
1617.63 
1617.94 
1617.31 
1617.555 
1617.29 
1617.635 
1617.375 
1617.65 
1617.355 
1617.695 
1617.8 
1618.1 
1617.8 
1618.16 
1617.895 
1618.155 
1617.855 
1618.24 
1617.47 
1617.755 
1617.455 
1617.76 
1617.515 
1617.765 
1617.54 
1617.86 
1617.96 
1618.255 
1617.97 
1618.3 
1617.995 
1618.29 
1618.025 
1618.375 
1617.465 
1617.76 
1617.425 
1617.79 
1617.46 
1617.815 
1617.45 
1617.755 
1617.845 
1618.175 
1617.76 
1618.11 
1617.815 
1618.06 
1617.685 
1618.005 
1617.275 
1617.505 
1617.245 
1617.48 
1617.1 
1617.425 
1617.025 
1617.34 
1617.405 
1617.655 
1617.26 
1617.6 
1617.25 
1617.56 
1617.155 
1617.44 
1616.675 
1616.955 
1616.605 
1616.855 
1616.605 
1616.78 
1616.465 
1616.825 
1616.88 
1617.065 
1616.775 
1617.09 
1616.84 
1617.105 
1616.73 
1617.055 
1616.24 
1616.55 
1616.18 
1616.555 
1616.27 
1616.57 
1616.3 
1616.58 
1616.71 
1617.04 
1616.735 
1617.09 
1616.81 
1617.11 
1616.725 
1617.165 
1616.295 
1616.64 
1616.3 
1616.625 
1616.37 
1616.67 
1616.37 
1616.76 
1616.815 
1617.2 
1616.89 
1617.255 
1617.03 
1617.365 
1617.01 
1617.395 
1616.66 
1617.08 
1616.695 
1617.1 
1616.835 
1617.125 
1616.91 
1617.235 
1617.415 
1617.77 
1617.53 
1617.84 
1617.585 
1617.97 
1617.67 
1618.08 
1617.375 
1617.825 
1617.445 
1617.825 
1617.555 
1617.93 
1617.55 
1617.945 
1618.09 
1618.47 
1618.1 
1618.495 
1618.155 
1618.56 
1618.175 
1618.61 
1617.85 
1618.195 
1617.855 
1618.22 
1617.9 
1618.22 
1617.92 
1618.255 
1618.32 
1618.63 
1618.295 
1618.64 
1618.345 
1618.615 
1618.32 
1618.615 
1617.965 
1618.33 
1617.885 
1618.235 
1617.84 
1618.235 
1617.815 
1618.2 
1618.29 
1618.59 
1618.185 
1618.59 
1618.235 
1618.6 
1618.195 
1618.62 
1617.825 
1618.26 
1617.86 
1618.21 
1617.91 
1618.28 
1617.87 
1618.155 
1618.295 
1618.7 
1618.325 
1618.725 
1618.325 
1618.715 
1618.355 
1618.74 
1617.97 
1618.41 
1617.955 
1618.355 
1618.03 
1618.45 
1618.025 
1618.355 
1618.47 
1618.825 
1618.49 
1618.875 
1618.575 
1618.885 
1618.625 
1618.91 
1618.14 
1618.49 
1618.18 
1618.53 
1618.145 
1618.54 
1618.21 
1618.515 
1618.66 
1619.01 
1618.655 
1619.02 
1618.68 
1619.065 
1618.74 
1619.125 
1618.31 
1618.665 
1618.295 
1618.655 
1618.38 
1618.605 
1618.285 
1618.64 
1618.705 
1619.055 
1618.66 
1619.025 
1618.71 
1619.005 
1618.625 
1618.975 
1618.22 
1618.575 
1618.155 
1618.46 
1618.07 
1618.45 
1618.065 
1618.32 
1618.39 
1618.715 
1618.285 
1618.595 
1618.255 
1618.5 
1618.12 
1618.395 
1617.67 
1618.015 
1617.55 
1617.88 
1617.475 
1617.815 
1617.405 
1617.715 
1617.81 
1618.1 
1617.665 
1617.99 
1617.63 
1617.935 
1617.605 
1617.895 
1617.09 
1617.41 
1617.03 
1617.3 
1616.99 
1617.27 
1616.9 
1617.225 
1617.3 
1617.635 
1617.29 
1617.585 
1617.31 
1617.61 
1617.28 
1617.605 
1616.76 
1617.075 
1616.715 
1617.075 
1616.675 
1617.005 
1616.645 
1617.01 
1617.065 
1617.39 
1617.015 
1617.33 
1616.99 
1617.335 
1616.945 
1617.33 
1616.565 
1616.895 
1616.555 
1616.93 
1616.535 
1616.91 
1616.455 
1616.855 
1616.965 
1617.305 
1616.895 
1617.29 
1616.94 
1617.25 
1617.045 
1617.35 
1616.62 
1616.91 
1616.63 
1616.905 
1616.605 
1616.94 
1616.675 
1617.015 
1617.095 
1617.43 
1617.1 
1617.455 
1617.16 
1617.425 
1617.16 
1617.52 
1616.765 
1617.04 
1616.75 
1616.985 
1616.765 
1617.09 
1616.72 
1617.035 
1617.155 
1617.42 
1617.11 
1617.465 
1617.16 
1617.47 
1617.105 
1617.47 
1616.605 
1616.98 
1616.52 
1616.895 
1616.505 
1616.885 
1616.52 
1616.86 
1616.94 
1617.295 
1616.88 
1617.3 
1616.945 
1617.305 
1616.91 
1617.245 
1616.55 
1616.91 
1616.48 
1616.89 
1616.52 
1616.89 
1616.57 
1616.88 
1617.055 
1617.39 
1616.985 
1617.38 
1617.11 
1617.415 
1617.09 
1617.43 
1616.755 
1617.05 
1616.74 
1617.075 
1616.835 
1617.11 
1616.8 
1617.1 
1617.195 
1617.53 
1617.165 
1617.575 
1617.285 
1617.555 
1617.205 
1617.6 
1616.785 
1617.145 
1616.82 
1617.11 
1616.865 
1617.075 
1616.82 
1617.14 
1617.24 
1617.535 
1617.2 
1617.56 
1617.295 
1617.645 
1617.315 
1617.68 
1616.77 
1617.135 
1616.78 
1617.155 
1616.785 
1617.11 
1616.725 
1617.025 
1617.1 
1617.475 
1617.12 
1617.48 
1617.135 
1617.45 
1617.035 
1617.435 
1616.65 
1616.995 
1616.6 
1616.855 
1616.515 
1616.805 
1616.445 
1616.76 
1616.835 
1617.085 
1616.765 
1617.055 
1616.74 
1616.96 
1616.645 
1616.98 
1616.215 
1616.505 
1616.13 
1616.415 
1616.115 
1616.39 
1616.03 
1616.33 
1616.445 
1616.685 
1616.39 
1616.725 
1616.415 
1616.69 
1616.445 
1616.72 
1615.87 
1616.165 
1615.855 
1616.19 
1615.905 
1616.21 
1615.93 
1616.245 
1616.38 
1616.63 
1616.35 
1616.695 
1616.47 
1616.695 
1616.405 
1616.745 
1615.86 
1616.215 
1615.84 
1616.205 
1615.835 
1616.18 
1615.84 
1616.145 
1616.28 
1616.605 
1616.255 
1616.63 
1616.32 
1616.68 
1616.32 
1616.69 
1615.915 
1616.275 
1615.97 
1616.295 
1615.95 
1616.35 
1615.975 
1616.395 
1616.44 
1616.805 
1616.505 
1616.86 
1616.58 
1616.905 
1616.63 
1616.985 
1616.365 
1616.69 
1616.34 
1616.75 
1616.47 
1616.765 
1616.47 
1616.8 
1616.955 
1617.33 
1617.005 
1617.335 
1617.12 
1617.34 
1617.15 
1617.485 
1616.775 
1617.015 
1616.73 
1617.015 
1616.76 
1617.085 
1616.815 
1617.095 
1617.3 
1617.53 
1617.265 
1617.605 
1617.33 
1617.625 
1617.31 
1617.61 
1616.805 
1617.13 
1616.79 
1617.09 
1616.78 
1617.18 
1616.865 
1617.26 
1617.305 
1617.68 
1617.355 
1617.655 
1617.345 
1617.75 
1617.505 
1617.845 
1617.1 
1617.51 
1617.19 
1617.565 
1617.21 
1617.595 
1617.315 
1617.75 
1617.835 
1618.175 
1617.88 
1618.275 
1618.015 
1618.38 
1618.095 
1618.44 
1617.76 
1618.065 
1617.86 
1618.195 
1617.97 
1618.27 
1618.01 
1618.36 
1618.535 
1618.815 
1618.565 
1618.93 
1618.675 
1618.96 
1618.67 
1619.09 
1618.275 
1618.635 
1618.405 
1618.695 
1618.465 
1618.76 
1618.41 
1618.825 
1618.995 
1619.29 
1618.965 
1619.365 
1619.075 
1619.415 
1619.055 
1619.41 
1618.61 
1618.85 
1618.565 
1618.945 
1618.655 
1618.97 
1618.595 
1618.92 
1619.05 
1619.355 
1619.035 
1619.4 
1619.09 
1619.42 
1619.015 
1619.36 
1618.59 
1618.925 
1618.5 
1618.835 
1618.485 
1618.765 
1618.39 
1618.725 
1618.795 
1619.115 
1618.715 
1619.005 
1618.675 
1618.9 
1618.57 
1618.91 
1618.055 
1618.345 
1618.015 
1618.315 
1617.945 
1618.215 
1617.875 
1618.17 
1618.205 
1618.505 
1618.155 
1618.44 
1618.09 
1618.385 
1618.03 
1618.38 
1617.585 
