Run 0 on 20200811 on sample T20-5d, LT thermometer,  dT/T0 = 0.02
Time per point = 3.125e-05 seconds
-461.855 
-462.485 
-462.13 
-462.54 
-462.215 
-462.615 
-462.325 
-463.05 
-462.72 
-463.065 
-462.725 
-463.065 
-462.75 
-463.165 
-462.76 
-462.605 
-462.33 
-462.665 
-462.28 
-462.585 
-462.195 
-462.485 
-462.08 
-462.805 
-462.36 
-462.715 
-462.35 
-462.57 
-462.17 
-462.48 
-462.125 
-461.92 
-461.485 
-461.75 
-461.31 
-461.595 
-461.145 
-461.535 
-461.04 
-461.58 
-461.23 
-461.515 
-461.14 
-461.36 
-460.985 
-461.235 
-460.885 
-460.68 
-460.295 
-460.69 
-460.195 
-460.485 
-460.155 
-460.515 
-460.13 
-460.82 
-460.44 
-460.835 
-460.445 
-460.785 
-460.46 
-460.86 
-460.465 
-460.345 
-460.02 
-460.41 
-460.06 
-460.405 
-460.11 
-460.495 
-460.09 
-460.88 
-460.64 
-461.04 
-460.73 
-461.115 
-460.8 
-461.265 
-461.01 
-460.91 
-460.68 
-461.045 
-460.76 
-461.125 
-460.84 
-461.305 
-460.975 
-461.75 
-461.53 
-461.92 
-461.6 
-462.005 
-461.7 
-462.145 
-461.785 
-461.735 
-461.46 
-461.79 
-461.475 
-461.795 
-461.435 
-461.79 
-461.49 
-462.26 
-461.9 
-462.27 
-461.93 
-462.25 
-461.845 
-462.25 
-461.815 
-461.695 
-461.27 
-461.65 
-461.205 
-461.505 
-461.06 
-461.405 
-460.99 
-461.67 
-461.205 
-461.56 
-461.155 
-461.405 
-460.98 
-461.315 
-460.87 
-460.66 
-460.25 
-460.52 
-460.095 
-460.27 
-459.89 
-460.145 
-459.695 
-460.345 
-459.92 
-460.245 
-459.835 
-460.085 
-459.675 
-459.945 
-459.5 
-459.42 
-458.99 
-459.315 
-458.865 
-459.11 
-458.715 
-459.06 
-458.665 
-459.4 
-459.02 
-459.35 
-459.02 
-459.26 
-458.985 
-459.25 
-458.97 
-458.775 
-458.525 
-458.88 
-458.5 
-458.865 
-458.535 
-458.895 
-458.575 
-459.335 
-459.03 
-459.465 
-459.05 
-459.515 
-459.22 
-459.625 
-459.325 
-459.19 
-458.97 
-459.405 
-459.14 
-459.505 
-459.16 
-459.62 
-459.29 
-460.075 
-459.8 
-460.16 
-459.885 
-460.285 
-459.96 
-460.41 
-460.095 
-460.015 
-459.745 
-460.15 
-459.795 
-460.12 
-459.9 
-460.12 
-459.87 
-460.59 
-460.235 
-460.62 
-460.28 
-460.56 
-460.215 
-460.66 
-460.235 
-460.1 
-459.765 
-460.055 
-459.69 
-459.985 
-459.55 
-459.895 
-459.5 
-460.135 
-459.78 
-460.145 
-459.74 
-459.92 
-459.59 
-459.845 
-459.41 
-459.285 
-458.85 
-459.145 
-458.7 
-458.95 
-458.59 
-458.905 
-458.385 
-459.09 
-458.645 
-458.97 
-458.59 
-458.825 
-458.395 
-458.665 
-458.32 
-458.13 
-457.78 
-458.065 
-457.645 
-457.87 
-457.51 
-457.85 
-457.405 
-458.165 
-457.765 
-458.125 
-457.755 
-458.1 
-457.725 
-458.09 
-457.74 
-457.565 
-457.21 
-457.575 
-457.25 
-457.61 
-457.265 
-457.565 
-457.345 
-458.05 
-457.77 
-458.17 
-457.9 
-458.15 
-457.9 
-458.315 
-457.985 
-457.93 
-457.59 
-458.05 
-457.73 
-458.05 
-457.78 
-458.215 
-457.915 
-458.72 
-458.43 
-458.805 
-458.48 
-458.865 
-458.595 
-458.99 
-458.665 
-458.57 
-458.3 
-458.655 
-458.335 
-458.675 
-458.41 
-458.715 
-458.39 
-459.095 
-458.76 
-459.13 
-458.815 
-459.16 
-458.82 
-459.215 
-458.78 
-458.675 
-458.36 
-458.675 
-458.31 
-458.6 
-458.195 
-458.515 
-458.195 
-458.865 
-458.485 
-458.845 
-458.465 
-458.76 
-458.355 
-458.69 
-458.325 
-458.15 
-457.745 
-458.095 
-457.7 
-457.995 
-457.625 
-457.845 
-457.445 
-458.195 
-457.83 
-458.17 
-457.78 
-458.12 
-457.68 
-458.06 
-457.7 
-457.54 
-457.22 
-457.59 
-457.16 
-457.49 
-457.19 
-457.51 
-457.15 
-457.95 
-457.62 
-457.995 
-457.72 
-458.015 
-457.77 
-458.06 
-457.835 
-457.67 
-457.415 
-457.885 
-457.525 
-457.925 
-457.635 
-457.995 
-457.755 
-458.515 
-458.23 
-458.655 
-458.34 
-458.73 
-458.44 
-458.94 
-458.64 
-458.62 
-458.29 
-458.69 
-458.405 
-458.73 
-458.455 
-458.885 
-458.565 
-459.31 
-459.05 
-459.455 
-459.145 
-459.5 
-459.165 
-459.455 
-459.21 
-458.995 
-458.795 
-459.02 
-458.61 
-458.93 
-458.605 
-458.89 
-458.5 
-459.175 
-458.82 
-459.025 
-458.655 
-458.86 
-458.4 
-458.695 
-458.2 
-457.89 
-457.45 
-457.685 
-457.16 
-457.32 
-456.825 
-456.955 
-456.485 
-457.01 
-456.495 
-456.6 
-456.07 
-456.125 
-455.565 
-455.645 
-455.065 
-454.675 
-454.115 
-454.08 
-453.495 
-453.495 
-452.925 
-452.98 
-452.31 
-452.62 
-451.995 
-452.015 
-451.315 
-451.335 
-450.58 
-450.645 
-449.94 
-449.43 
-448.805 
-448.78 
-448.04 
-447.975 
-447.24 
-447.205 
-446.465 
-446.8 
-446.005 
-445.95 
-445.235 
-445.09 
-444.33 
-444.295 
-443.475 
-442.845 
-442.01 
-441.95 
-441.085 
-440.92 
-440.095 
-439.95 
-439.09 
-439.28 
-438.395 
-438.195 
-437.3 
-437.025 
-436.1 
-435.975 
-434.905 
-434.225 
-433.325 
-433.055 
-432.0 
-431.695 
-430.69 
-430.365 
-429.285 
-429.275 
-428.245 
-427.87 
-426.8 
-426.31 
-425.17 
-424.73 
-423.545 
-422.63 
-421.455 
-420.96 
-419.66 
-419.065 
-417.865 
-417.265 
-415.965 
-415.735 
-414.335 
-413.77 
-412.36 
-411.69 
-410.355 
-409.655 
-408.245 
-407.035 
-405.56 
-404.83 
-403.305 
-402.565 
-401.035 
-400.185 
-398.705 
-398.225 
-396.7 
-395.83 
-394.3 
-393.36 
-391.815 
-390.87 
-389.31 
-387.865 
-386.23 
-385.295 
-383.605 
-382.63 
-381.025 
-380.06 
-378.35 
-377.635 
-376.07 
-375.02 
-373.395 
-372.425 
-370.605 
-369.73 
-368.025 
-366.535 
-364.82 
-363.81 
-362.115 
-361.04 
-359.415 
-358.365 
-356.665 
-356.075 
-354.36 
-353.355 
-351.66 
-350.665 
-348.985 
-347.99 
-346.27 
-344.81 
-343.15 
-342.095 
-340.405 
-339.41 
-337.755 
-336.78 
-335.13 
-334.405 
-332.79 
-331.91 
-330.195 
-329.165 
-327.515 
-326.615 
-324.965 
-323.525 
-321.9 
-321.02 
-319.295 
-318.325 
-316.67 
-315.815 
-314.13 
-313.495 
-311.965 
-310.995 
-309.38 
-308.415 
-306.755 
-305.825 
-304.18 
-302.79 
-301.185 
-300.215 
-298.545 
-297.55 
-295.925 
-294.975 
-293.355 
-292.745 
-291.06 
-290.125 
-288.485 
-287.455 
-285.83 
-284.92 
-283.2 
-281.78 
-280.135 
-279.215 
-277.55 
-276.515 
-274.865 
-273.84 
-272.17 
-271.625 
-270.01 
-269.07 
-267.4 
-266.355 
-264.735 
-263.765 
-262.18 
-260.755 
-259.115 
-258.15 
-256.475 
-255.46 
-253.915 
-252.995 
-251.28 
-250.73 
-249.175 
-248.28 
-246.715 
-245.78 
-244.115 
-243.27 
-241.725 
-240.305 
-238.725 
-237.93 
-236.26 
-235.39 
-233.855 
-233.045 
-231.49 
-231.05 
-229.53 
-228.685 
-227.215 
-226.375 
-224.865 
-224.13 
-222.63 
-221.365 
-219.86 
-219.17 
-217.72 
-216.91 
-215.45 
-214.69 
-213.28 
-212.875 
-211.465 
-210.825 
-209.35 
-208.545 
-207.265 
-206.455 
-205.115 
-203.96 
-202.52 
-201.85 
-200.5 
-199.755 
-198.365 
-197.715 
-196.3 
-195.965 
-194.69 
-193.96 
-192.605 
-191.855 
-190.455 
-189.85 
-188.46 
-187.21 
-185.925 
-185.285 
-183.885 
-183.16 
-181.765 
-181.05 
-179.695 
-179.295 
-177.925 
-177.235 
-175.89 
-175.13 
-173.745 
-173.095 
-171.725 
-170.47 
-169.08 
-168.44 
-166.975 
-166.365 
-164.955 
-164.215 
-162.735 
-162.41 
-161.045 
-160.37 
-158.94 
-158.16 
-156.73 
-156.075 
-154.68 
-153.485 
-152.135 
-151.415 
-150.025 
-149.21 
-147.92 
-147.16 
-145.73 
-145.34 
-144.04 
-143.295 
-141.88 
-141.265 
-139.875 
-139.235 
-137.85 
-136.755 
-135.365 
-134.715 
-133.335 
-132.625 
-131.34 
-130.74 
-129.345 
-129.135 
-127.845 
-127.185 
-125.935 
-125.25 
-123.97 
-123.44 
-122.12 
-121.075 
-119.83 
-119.27 
-118.015 
-117.395 
-116.17 
-115.57 
-114.365 
-114.16 
-113.005 
-112.475 
-111.295 
-110.745 
-109.555 
-109.035 
-107.885 
-106.955 
-105.7 
-105.27 
-104.005 
-103.51 
-102.35 
-101.905 
-100.675 
-100.6 
-99.46 
-99.005 
-97.885 
-97.39 
-96.165 
-95.7 
-94.6 
-93.615 
-92.475 
-92.085 
-90.85 
-90.3 
-89.185 
-88.715 
-87.6 
-87.465 
-86.355 
-85.775 
-84.72 
-84.165 
-83.095 
-82.625 
-81.425 
-80.45 
-79.34 
-78.805 
-77.705 
-77.185 
-75.965 
-75.49 
-74.275 
-74.22 
-73.145 
-72.66 
-71.45 
-70.955 
-69.765 
-69.31 
-68.18 
-67.175 
-66.03 
-65.55 
-64.38 
-63.895 
-62.76 
-62.275 
-61.095 
-61.005 
-59.915 
-59.41 
-58.265 
-57.875 
-56.71 
-56.265 
-55.12 
-54.305 
-53.145 
-52.725 
-51.58 
-51.155 
-50.075 
-49.705 
-48.565 
-48.595 
-47.535 
-47.16 
-46.095 
-45.715 
-44.645 
-44.36 
-43.335 
-42.445 
-41.515 
-41.16 
-40.16 
-39.76 
-38.835 
-38.39 
-37.445 
-37.5 
-36.62 
-36.29 
-35.25 
-34.985 
-34.08 
-33.805 
-32.82 
-32.08 
-31.155 
-30.88 
-30.0 
-29.655 
-28.745 
-28.545 
-27.605 
-27.705 
-26.865 
-26.555 
-25.685 
-25.425 
-24.4 
-24.27 
-23.28 
-22.555 
-21.72 
-21.485 
-20.54 
-20.205 
-19.31 
-19.015 
-18.11 
-18.345 
-17.33 
-17.125 
-16.195 
-15.94 
-15.015 
-14.745 
-13.78 
-13.09 
-12.14 
-11.885 
-10.96 
-10.68 
-9.68 
-9.405 
-8.5 
-8.635 
-7.67 
-7.405 
-6.49 
-6.17 
-5.205 
-4.96 
-3.98 
-3.285 
-2.39 
-2.04 
-1.125 
-0.755 
0.13 
0.36 
1.365 
1.255 
2.105 
2.34 
3.29 
3.535 
4.45 
4.75 
5.6 
6.3 
7.205 
7.41 
8.335 
8.615 
9.435 
9.66 
10.57 
10.31 
11.205 
11.445 
12.24 
12.44 
13.245 
13.365 
14.305 
14.92 
15.75 
15.895 
16.67 
16.84 
17.655 
17.84 
18.63 
18.425 
19.165 
19.23 
20.09 
20.18 
20.965 
21.08 
21.885 
22.405 
23.225 
23.29 
24.065 
24.175 
25.02 
24.995 
25.855 
25.57 
26.26 
26.375 
27.135 
27.235 
28.055 
28.17 
29.005 
29.48 
30.285 
30.38 
31.26 
31.43 
32.15 
32.325 
33.115 
32.825 
33.755 
33.84 
34.685 
34.825 
35.605 
35.715 
36.62 
37.205 
38.07 
38.285 
39.12 
39.345 
40.21 
40.4 
41.245 
41.055 
41.885 
42.07 
42.99 
43.265 
44.09 
44.355 
45.21 
45.85 
46.775 
46.995 
47.88 
48.16 
49.01 
49.26 
50.16 
49.92 
50.755 
50.97 
51.94 
52.085 
53.03 
53.245 
54.135 
54.77 
55.615 
55.76 
56.69 
56.94 
57.72 
57.945 
58.82 
58.57 
59.415 
59.56 
60.4 
60.575 
61.395 
61.545 
62.385 
62.935 
63.765 
63.96 
64.68 
64.835 
65.615 
65.775 
66.53 
66.26 
66.965 
67.05 
67.79 
67.96 
68.655 
68.745 
69.525 
69.99 
70.705 
70.82 
71.555 
71.63 
72.295 
72.345 
73.135 
72.705 
73.415 
73.48 
74.17 
74.25 
74.965 
74.97 
75.715 
76.175 
76.865 
76.915 
77.7 
77.75 
78.435 
78.43 
79.235 
78.8 
79.57 
79.55 
80.25 
80.385 
81.075 
81.075 
81.87 
82.33 
83.055 
83.155 
83.865 
83.955 
84.69 
84.73 
85.45 
85.135 
85.855 
85.895 
86.71 
86.79 
87.485 
87.585 
88.275 
88.88 
89.585 
89.645 
90.4 
90.565 
91.24 
91.355 
92.08 
91.765 
92.48 
92.555 
93.28 
93.335 
94.03 
94.13 
94.8 
95.3 
96.03 
96.08 
96.775 
96.885 
97.56 
97.585 
98.31 
97.865 
98.54 
98.555 
99.215 
99.22 
99.85 
99.88 
100.52 
101.01 
101.63 
101.605 
102.165 
102.19 
102.845 
102.805 
103.445 
102.895 
103.555 
103.43 
104.02 
104.02 
104.58 
104.56 
105.165 
105.45 
106.075 
105.99 
106.615 
106.545 
107.125 
107.065 
107.61 
107.1 
107.695 
107.6 
108.2 
108.135 
108.645 
108.645 
109.2 
109.515 
110.085 
110.08 
110.655 
110.65 
111.22 
111.155 
111.7 
111.2 
111.805 
111.75 
112.36 
112.3 
112.895 
112.875 
113.465 
113.89 
114.42 
114.425 
115.045 
115.025 
115.685 
115.595 
116.225 
115.705 
116.405 
116.38 
117.015 
117.03 
117.635 
117.57 
118.22 
118.6 
119.275 
119.235 
119.9 
119.89 
120.5 
120.445 
121.145 
120.65 
121.305 
121.185 
121.795 
121.83 
122.43 
122.4 
123.0 
123.385 
124.035 
123.895 
124.55 
124.53 
125.08 
124.98 
125.57 
125.105 
125.66 
125.615 
126.13 
126.03 
126.57 
126.53 
127.0 
127.435 
127.995 
127.82 
128.355 
128.235 
128.75 
128.71 
129.14 
128.6 
129.12 
128.935 
129.45 
129.37 
129.74 
129.69 
130.15 
130.45 
130.94 
130.745 
131.205 
131.115 
131.555 
131.395 
131.905 
131.33 
131.77 
131.57 
132.07 
131.965 
132.43 
132.31 
132.81 
133.095 
133.48 
133.31 
133.855 
133.74 
134.16 
134.075 
134.51 
133.91 
134.445 
134.305 
134.74 
134.76 
135.185 
135.035 
135.59 
135.875 
136.38 
136.275 
136.81 
136.7 
137.285 
137.09 
137.65 
137.09 
137.64 
137.505 
138.125 
138.0 
138.49 
138.45 
138.955 
139.265 
139.82 
139.78 
140.295 
140.265 
140.755 
140.66 
141.18 
140.695 
141.175 
141.085 
141.605 
141.525 
142.06 
141.96 
142.475 
142.785 
143.31 
143.1 
143.655 
143.62 
144.06 
143.93 
144.515 
143.84 
144.405 
144.34 
144.77 
144.615 
145.06 
144.87 
145.375 
145.695 
146.165 
145.965 
146.365 
146.255 
146.745 
146.515 
147.0 
146.4 
146.84 
146.62 
147.035 
146.97 
147.345 
147.145 
147.555 
147.79 
148.21 
148.095 
148.48 
148.35 
148.76 
148.545 
149.03 
148.395 
148.76 
148.645 
149.03 
148.855 
149.32 
149.205 
149.625 
149.835 
150.245 
150.08 
150.585 
150.465 
150.915 
150.665 
151.235 
150.52 
151.055 
150.86 
151.365 
151.26 
151.7 
151.565 
152.055 
152.37 
152.875 
152.74 
153.255 
153.17 
153.68 
153.625 
154.065 
153.53 
154.035 
153.935 
154.5 
154.435 
154.96 
154.765 
155.4 
155.74 
156.305 
156.195 
156.745 
156.67 
157.21 
157.07 
157.68 
157.175 
157.655 
157.625 
158.14 
158.075 
158.515 
158.485 
158.99 
159.315 
159.85 
159.725 
160.27 
160.215 
160.69 
160.575 
161.14 
160.565 
161.04 
160.91 
161.395 
161.28 
161.725 
161.515 
162.055 
162.35 
162.775 
162.615 
163.085 
162.94 
163.375 
163.165 
163.675 
163.05 
163.39 
163.21 
163.63 
163.47 
163.835 
163.655 
164.065 
164.28 
164.695 
164.485 
164.91 
164.68 
165.14 
164.825 
165.29 
164.62 
164.965 
164.845 
165.18 
164.955 
165.44 
165.165 
165.585 
165.785 
166.205 
165.94 
166.38 
166.135 
166.565 
166.325 
166.815 
166.23 
166.665 
166.45 
166.9 
166.755 
167.15 
166.98 
167.43 
167.665 
168.085 
167.93 
168.385 
168.22 
168.78 
168.56 
169.02 
168.415 
168.915 
168.7 
169.28 
169.105 
169.55 
169.4 
169.935 
170.145 
170.665 
170.53 
171.04 
170.88 
171.32 
171.1 
171.685 
171.2 
171.61 
171.445 
171.945 
171.765 
172.3 
172.115 
172.64 
172.9 
173.355 
173.09 
173.66 
173.505 
173.965 
173.665 
174.2 
173.585 
174.035 
173.8 
174.26 
174.09 
174.485 
174.17 
174.705 
174.825 
175.34 
174.93 
175.42 
175.195 
175.575 
175.255 
175.665 
175.03 
175.37 
175.085 
175.49 
175.255 
175.56 
175.27 
175.625 
175.8 
176.12 
175.825 
176.19 
175.885 
176.275 
175.86 
176.205 
175.55 
175.82 
175.52 
175.835 
175.575 
175.905 
175.56 
175.92 
176.06 
176.445 
175.975 
176.41 
176.135 
176.5 
176.145 
176.54 
175.925 
176.305 
176.005 
176.38 
176.065 
176.49 
176.13 
176.59 
176.82 
177.185 
176.885 
177.27 
177.02 
177.475 
177.18 
177.635 
177.11 
177.425 
177.2 
177.665 
177.475 
177.935 
177.61 
178.065 
178.345 
178.83 
178.485 
179.0 
178.795 
179.275 
178.945 
179.52 
179.03 
179.425 
179.3 
179.7 
179.545 
179.98 
179.75 
180.215 
180.44 
180.865 
180.655 
181.195 
180.91 
181.37 
181.07 
181.575 
180.885 
181.34 
181.1 
181.535 
181.235 
181.715 
181.32 
181.865 
182.045 
182.475 
182.145 
182.52 
182.265 
182.66 
182.295 
182.73 
182.105 
182.39 
182.115 
182.51 
182.215 
182.535 
182.265 
182.52 
182.73 
183.09 
182.685 
183.035 
182.76 
183.1 
182.695 
183.105 
182.435 
182.71 
182.305 
182.685 
182.35 
182.745 
182.385 
182.655 
182.81 
183.165 
182.68 
183.195 
182.875 
183.17 
182.81 
183.19 
182.56 
183.0 
182.605 
183.015 
182.69 
183.085 
182.68 
183.06 
183.335 
183.715 
183.32 
183.8 
183.485 
183.955 
183.56 
184.005 
183.42 
183.76 
183.495 
183.96 
183.735 
184.135 
183.825 
184.28 
184.45 
184.93 
184.72 
185.105 
184.915 
185.365 
185.03 
185.56 
185.0 
185.43 
185.165 
185.665 
185.325 
185.835 
185.57 
186.015 
186.27 
186.76 
186.405 
186.855 
186.585 
187.02 
186.74 
187.2 
186.56 
186.995 
186.74 
187.12 
186.855 
187.275 
186.935 
187.335 
187.58 
187.965 
187.58 
187.995 
187.725 
188.135 
187.85 
188.145 
187.515 
187.965 
187.535 
187.94 
187.63 
187.975 
187.585 
187.99 
188.095 
188.495 
188.095 
188.485 
188.2 
188.52 
188.16 
188.52 
187.82 
188.12 
187.79 
188.155 
187.835 
188.22 
187.855 
188.18 
188.305 
188.665 
188.325 
188.72 
188.53 
188.79 
188.49 
188.825 
188.19 
188.54 
188.275 
188.65 
188.365 
188.705 
188.45 
188.87 
189.115 
189.5 
189.145 
189.6 
189.325 
189.79 
189.57 
189.97 
189.325 
189.73 
189.51 
189.965 
189.76 
190.22 
189.98 
190.38 
190.65 
191.12 
190.87 
191.33 
191.165 
191.595 
191.295 
191.865 
191.22 
191.68 
191.375 
191.85 
191.635 
192.16 
191.91 
192.305 
192.57 
193.02 
192.72 
193.21 
193.03 
193.435 
193.205 
193.66 
192.925 
193.385 
193.11 
193.515 
193.29 
193.615 
193.39 
193.75 
193.975 
194.28 
194.09 
194.425 
194.145 
194.49 
194.275 
194.58 
193.8 
194.23 
193.8 
194.235 
193.935 
194.195 
193.865 
194.185 
194.3 
194.605 
194.31 
194.64 
194.32 
194.595 
194.28 
194.635 
193.865 
194.19 
193.885 
194.095 
193.74 
194.115 
193.83 
194.035 
194.205 
194.475 
194.14 
194.54 
194.24 
194.565 
194.175 
194.555 
193.83 
194.185 
193.95 
194.24 
193.91 
194.3 
193.92 
194.25 
194.445 
194.825 
194.51 
194.92 
194.66 
195.075 
194.84 
195.195 
194.535 
194.875 
194.605 
195.05 
194.855 
195.185 
194.965 
195.435 
195.53 
195.975 
195.79 
196.16 
195.98 
196.335 
196.15 
196.555 
195.945 
196.345 
196.075 
196.535 
196.275 
196.72 
196.38 
196.82 
197.055 
197.45 
197.155 
197.64 
197.4 
197.74 
197.49 
197.89 
197.15 
197.585 
197.26 
197.65 
197.395 
197.745 
197.42 
197.77 
197.92 
198.29 
197.975 
198.38 
198.01 
198.35 
198.025 
198.33 
197.575 
197.85 
197.475 
197.775 
197.465 
197.755 
197.475 
197.72 
197.75 
198.05 
197.745 
197.995 
197.67 
197.87 
197.52 
197.845 
197.015 
197.27 
196.83 
197.14 
196.77 
197.045 
196.705 
196.935 
197.05 
197.245 
196.915 
197.25 
196.865 
197.095 
196.795 
197.05 
196.195 
196.52 
196.13 
196.47 
196.06 
196.39 
196.035 
196.4 
196.505 
196.805 
196.525 
196.83 
196.48 
196.83 
196.515 
196.87 
196.135 
196.455 
196.16 
196.52 
196.285 
196.565 
196.345 
196.62 
196.855 
197.2 
196.965 
197.33 
197.09 
197.455 
197.1 
197.57 
197.01 
197.345 
196.97 
197.38 
197.075 
197.615 
197.275 
197.6 
197.75 
198.17 
197.745 
198.29 
197.915 
198.33 
198.01 
198.425 
197.715 
198.1 
197.76 
198.14 
197.835 
198.17 
197.8 
198.18 
198.33 
198.68 
198.335 
198.63 
198.365 
198.73 
198.375 
198.65 
197.935 
198.305 
197.805 
198.21 
197.87 
198.09 
197.69 
197.98 
198.1 
198.405 
198.005 
198.33 
197.88 
198.27 
197.785 
198.125 
197.355 
197.605 
197.125 
197.47 
197.095 
197.405 
197.02 
197.305 
197.45 
197.66 
197.305 
197.59 
197.245 
197.595 
197.2 
197.54 
196.68 
197.065 
196.7 
197.015 
196.705 
197.025 
196.64 
197.03 
197.175 
197.535 
197.14 
197.555 
197.23 
197.65 
197.34 
197.725 
197.005 
197.365 
197.06 
197.495 
197.215 
197.625 
197.38 
197.785 
197.93 
198.345 
198.125 
198.515 
198.315 
198.75 
198.49 
198.915 
198.32 
198.68 
198.38 
198.865 
198.565 
199.075 
198.795 
199.19 
199.425 
199.84 
199.52 
200.015 
199.785 
200.215 
199.935 
200.34 
199.635 
200.095 
199.81 
200.195 
199.915 
200.34 
200.01 
200.5 
200.6 
200.96 
200.655 
201.02 
200.71 
201.145 
200.845 
201.225 
200.55 
200.88 
200.48 
200.865 
200.6 
200.935 
200.545 
200.875 
200.955 
201.355 
201.04 
201.41 
201.08 
201.335 
201.03 
201.4 
200.645 
200.935 
200.56 
200.905 
200.525 
200.92 
200.56 
200.875 
201.02 
201.485 
200.98 
201.355 
201.1 
201.39 
201.09 
201.47 
200.72 
201.09 
200.74 
201.06 
200.8 
201.17 
200.845 
201.27 
201.4 
201.755 
201.445 
201.83 
201.585 
201.98 
201.695 
202.12 
201.425 
201.825 
201.46 
201.955 
201.75 
202.13 
201.765 
202.225 
202.455 
202.865 
202.605 
203.01 
202.805 
203.205 
202.915 
203.325 
202.67 
203.105 
202.8 
203.19 
203.03 
203.4 
203.15 
203.505 
203.655 
204.025 
203.77 
204.19 
203.865 
204.3 
204.035 
204.39 
203.655 
203.99 
203.8 
204.085 
203.825 
204.14 
203.755 
204.16 
204.285 
204.555 
204.225 
204.53 
204.215 
204.505 
204.17 
204.525 
203.665 
203.96 
203.515 
203.83 
203.47 
203.715 
203.355 
203.645 
203.645 
203.935 
203.55 
203.775 
203.445 
203.68 
203.225 
203.535 
202.75 
202.98 
202.54 
202.815 
202.44 
202.705 
202.27 
202.485 
202.58 
202.85 
202.4 
202.72 
202.36 
202.625 
202.235 
202.55 
201.835 
202.19 
201.73 
202.025 
201.685 
201.96 
201.505 
201.835 
201.995 
202.285 
201.905 
202.295 
201.935 
202.32 
201.88 
202.255 
201.53 
201.895 
201.51 
201.91 
201.585 
201.99 
201.635 
201.975 
202.115 
202.55 
202.175 
202.575 
202.27 
202.66 
202.375 
202.765 
202.075 
202.375 
202.04 
202.425 
202.11 
202.565 
202.185 
202.515 
202.72 
203.05 
202.7 
203.075 
202.805 
203.125 
202.8 
203.14 
202.385 
202.74 
202.41 
202.745 
202.445 
202.765 
202.345 
202.79 
202.82 
203.16 
202.725 
203.055 
202.745 
203.045 
202.715 
203.025 
202.2 
202.5 
202.065 
202.375 
202.065 
202.275 
201.875 
202.19 
202.21 
202.58 
202.17 
202.465 
202.095 
202.4 
201.99 
202.345 
201.515 
201.805 
201.4 
201.695 
201.385 
201.645 
201.275 
201.59 
201.655 
201.995 
201.58 
201.925 
201.665 
201.95 
201.64 
201.95 
201.21 
201.495 
201.16 
201.54 
201.265 
201.6 
201.305 
201.64 
201.855 
202.17 
201.915 
202.27 
202.015 
202.38 
202.11 
202.49 
201.83 
202.225 
201.915 
202.31 
202.11 
202.515 
202.26 
202.675 
202.77 
203.29 
203.01 
203.435 
203.225 
203.55 
203.425 
203.79 
203.18 
203.62 
203.32 
203.775 
203.52 
203.9 
203.695 
204.035 
204.19 
204.615 
204.245 
204.8 
204.54 
204.86 
204.57 
205.005 
204.255 
204.675 
204.375 
204.72 
204.425 
204.765 
204.53 
204.875 
204.97 
205.245 
205.02 
205.205 
204.94 
205.265 
204.975 
205.275 
204.475 
204.82 
204.375 
204.72 
204.385 
204.595 
204.295 
204.56 
204.625 
204.935 
204.565 
204.78 
204.4 
204.72 
204.325 
204.63 
203.835 
204.05 
203.72 
203.97 
203.59 
203.91 
203.52 
203.78 
203.845 
204.105 
203.81 
204.055 
203.745 
203.925 
203.66 
203.94 
203.17 
203.51 
203.11 
203.48 
203.165 
203.46 
203.155 
203.46 
203.55 
203.945 
203.59 
203.925 
203.67 
204.025 
203.695 
204.145 
203.36 
203.74 
203.405 
203.81 
203.605 
203.94 
203.555 
204.0 
204.215 
204.55 
204.305 
204.695 
204.5 
204.8 
204.515 
204.93 
204.245 
204.59 
204.33 
204.75 
204.445 
204.85 
204.655 
204.95 
205.095 
205.49 
205.17 
205.6 
205.335 
205.715 
205.45 
205.815 
205.02 
205.43 
205.12 
205.475 
205.205 
205.49 
205.17 
205.56 
205.74 
206.045 
205.74 
206.045 
205.765 
206.005 
205.72 
206.03 
205.38 
205.75 
205.265 
205.625 
205.28 
205.645 
205.205 
205.54 
205.66 
206.055 
205.55 
205.915 
205.545 
205.895 
205.48 
205.84 
205.125 
205.46 
205.01 
205.325 
205.02 
205.375 
204.98 
205.335 
205.435 
205.76 
205.355 
205.795 
205.445 
205.85 
205.48 
205.865 
205.145 
205.565 
205.16 
205.54 
205.21 
205.62 
205.215 
205.63 
205.845 
206.18 
205.905 
206.3 
206.015 
206.475 
206.125 
206.525 
205.835 
206.315 
205.965 
206.405 
206.205 
206.54 
206.32 
206.675 
206.785 
207.275 
207.025 
207.43 
207.175 
207.535 
207.295 
207.71 
207.09 
207.535 
207.16 
207.61 
207.285 
207.77 
207.44 
207.85 
208.0 
208.375 
207.995 
208.44 
208.12 
208.555 
208.22 
208.625 
207.86 
208.25 
207.86 
208.23 
207.93 
208.265 
207.885 
208.26 
208.325 
208.66 
208.32 
208.63 
208.31 
208.575 
208.265 
208.545 
207.755 
208.095 
207.585 
207.965 
207.545 
207.845 
207.41 
207.695 
207.715 
207.99 
207.615 
207.91 
207.515 
207.74 
207.31 
207.695 
206.84 
207.105 
206.715 
206.985 
206.54 
206.85 
206.435 
206.805 
206.81 
207.055 
206.56 
206.95 
206.61 
206.9 
206.48 
206.815 
206.095 
206.455 
206.0 
206.305 
205.975 
206.215 
205.9 
206.27 
206.355 
206.69 
206.32 
206.69 
206.33 
206.75 
206.42 
206.7 
205.975 
206.36 
206.0 
206.35 
206.07 
206.42 
206.12 
206.41 
206.58 
207.005 
206.665 
207.05 
206.78 
207.095 
206.815 
207.23 
206.46 
206.83 
206.5 
206.775 
206.585 
206.855 
206.54 
206.885 
206.995 
207.375 
206.985 
207.37 
207.065 
207.36 
207.08 
207.38 
206.54 
206.925 
206.555 
206.855 
206.48 
206.785 
206.375 
206.685 
206.805 
207.015 
206.68 
206.965 
206.625 
206.87 
206.5 
206.785 
205.985 
206.23 
205.755 
206.03 
205.675 
205.9 
205.535 
205.785 
205.765 
206.12 
205.665 
205.915 
205.55 
205.775 
205.395 
205.735 
204.85 
205.085 
204.745 
205.05 
204.645 
204.975 
204.54 
204.84 
204.93 
205.19 
204.805 
205.16 
204.88 
205.105 
204.815 
205.11 
204.32 
204.71 
204.29 
204.695 
204.405 
204.715 
204.36 
204.755 
204.925 
205.28 
204.985 
205.36 
205.075 
205.515 
205.2 
205.565 
204.93 
205.265 
205.005 
205.4 
205.18 
205.64 
205.31 
205.78 
205.89 
206.375 
206.1 
206.575 
206.32 
206.725 
206.42 
206.825 
206.285 
206.71 
206.38 
206.76 
206.55 
206.99 
206.69 
207.07 
207.215 
207.67 
207.33 
207.8 
207.475 
207.835 
207.54 
208.01 
207.225 
207.67 
207.295 
207.69 
207.385 
207.73 
207.35 
207.73 
207.92 
208.14 
207.85 
208.135 
207.815 
208.24 
207.8 
208.22 
207.43 
207.765 
207.325 
207.59 
207.285 
207.585 
207.25 
207.525 
207.57 
207.86 
207.455 
207.77 
207.45 
207.755 
207.285 
207.64 
206.835 
207.17 
206.7 
207.04 
206.645 
206.935 
206.58 
206.905 
206.955 
207.275 
206.875 
207.225 
206.94 
207.24 
206.875 
207.2 
206.43 
206.81 
206.435 
206.7 
206.485 
206.75 
206.39 
206.745 
206.91 
207.275 
206.93 
207.27 
206.97 
207.345 
207.01 
207.455 
206.715 
207.065 
206.785 
207.11 
206.825 
207.215 
206.925 
207.285 
207.435 
207.78 
207.575 
207.86 
207.66 
208.02 
207.675 
208.09 
207.35 
207.715 
207.44 
207.77 
207.42 
207.815 
207.48 
207.785 
207.94 
208.295 
207.9 
208.255 
207.95 
208.305 
207.965 
208.285 
207.495 
207.815 
207.46 
207.79 
207.42 
207.67 
207.265 
207.625 
207.69 
207.97 
207.56 
207.835 
207.505 
207.75 
207.39 
207.59 
206.81 
207.055 
206.635 
206.915 
206.495 
206.765 
206.37 
206.56 
206.58 
206.795 
206.445 
206.695 
206.27 
206.54 
206.09 
206.35 
205.555 
205.825 
205.375 
205.615 
205.23 
205.53 
205.13 
205.295 
205.415 
205.61 
205.24 
205.61 
205.225 
205.475 
205.105 
205.47 
204.615 
204.92 
204.57 
204.87 
204.53 
204.845 
204.47 
204.75 
204.945 
205.235 
204.895 
205.19 
204.965 
205.245 
204.98 
205.35 
204.595 
204.98 
204.605 
205.0 
204.715 
205.06 
204.74 
205.08 
205.305 
205.68 
205.425 
205.84 
205.555 
205.86 
205.545 
205.945 
205.255 
205.64 
205.295 
205.625 
205.43 
205.82 
205.555 
205.78 
205.945 
206.31 
205.945 
206.38 
206.1 
206.43 
206.15 
206.51 
205.685 
206.07 
205.77 
206.07 
205.725 
206.045 
205.72 
206.045 
206.085 
206.37 
206.03 
206.335 
205.995 
206.31 
205.995 
206.215 
205.37 
205.7 
205.24 
205.54 
205.21 
205.43 
205.1 
205.3 
205.345 
205.605 
205.265 
205.51 
205.11 
205.405 
204.94 
205.28 
204.44 
204.59 
204.24 
204.54 
204.135 
204.365 
203.99 
204.285 
204.39 
204.63 
204.215 
204.475 
204.21 
204.4 
203.99 
204.35 
203.615 
203.97 
203.515 
203.835 
203.435 
203.885 
203.37 
203.71 
203.78 
204.17 
203.77 
204.11 
203.775 
204.125 
203.83 
204.155 
203.39 
