Run 0 on 20200811 on sample T20-5d, LT thermometer,  dT/T0 = 0.02
Time per point = 3.125e-05 seconds
-6001.655 
-6002.395 
-6002.26 
-6002.805 
-6002.705 
-6003.24 
-6003.12 
-6004.035 
-6003.95 
-6004.43 
-6004.27 
-6004.735 
-6004.61 
-6004.985 
-6004.765 
-6004.775 
-6004.51 
-6004.99 
-6004.645 
-6005.05 
-6004.725 
-6005.15 
-6004.83 
-6005.54 
-6005.285 
-6005.6 
-6005.295 
-6005.605 
-6005.17 
-6005.515 
-6005.085 
-6004.935 
-6004.525 
-6004.82 
-6004.405 
-6004.625 
-6004.25 
-6004.56 
-6004.15 
-6004.775 
-6004.32 
-6004.695 
-6004.24 
-6004.515 
-6004.125 
-6004.415 
-6004.045 
-6003.93 
-6003.515 
-6003.935 
-6003.49 
-6003.815 
-6003.48 
-6003.91 
-6003.57 
-6004.36 
-6003.955 
-6004.42 
-6004.145 
-6004.62 
-6004.385 
-6004.82 
-6004.615 
-6004.645 
-6004.485 
-6005.085 
-6004.855 
-6005.4 
-6005.35 
-6005.92 
-6005.87 
-6006.905 
-6006.815 
-6007.455 
-6007.475 
-6008.095 
-6008.16 
-6008.865 
-6008.89 
-6009.13 
-6009.225 
-6009.925 
-6010.005 
-6010.735 
-6010.78 
-6011.54 
-6011.565 
-6012.755 
-6012.8 
-6013.545 
-6013.565 
-6014.3 
-6014.355 
-6015.05 
-6015.08 
-6015.265 
-6015.24 
-6015.905 
-6015.835 
-6016.375 
-6016.29 
-6016.895 
-6016.68 
-6017.545 
-6017.375 
-6017.945 
-6017.7 
-6018.03 
-6017.77 
-6018.135 
-6017.815 
-6017.64 
-6017.22 
-6017.52 
-6017.025 
-6017.18 
-6016.7 
-6016.905 
-6016.27 
-6016.795 
-6016.23 
-6016.31 
-6015.65 
-6015.715 
-6014.965 
-6014.96 
-6014.23 
-6013.6 
-6012.915 
-6012.76 
-6011.995 
-6011.77 
-6010.88 
-6010.77 
-6009.985 
-6010.1 
-6009.195 
-6008.99 
-6008.115 
-6007.8 
-6006.935 
-6006.585 
-6005.59 
-6004.96 
-6003.995 
-6003.63 
-6002.63 
-6002.36 
-6001.365 
-6001.04 
-6000.045 
-6000.04 
-5999.195 
-5998.905 
-5997.9 
-5997.565 
-5996.6 
-5996.315 
-5995.365 
-5994.615 
-5993.655 
-5993.525 
-5992.45 
-5992.19 
-5991.28 
-5991.02 
-5990.14 
-5990.25 
-5989.4 
-5989.175 
-5988.315 
-5988.1 
-5987.345 
-5987.26 
-5986.415 
-5985.77 
-5984.915 
-5984.885 
-5984.045 
-5983.9 
-5983.12 
-5983.015 
-5982.295 
-5982.565 
-5981.875 
-5981.735 
-5981.01 
-5980.885 
-5980.21 
-5980.145 
-5979.33 
-5978.815 
-5978.07 
-5978.01 
-5977.155 
-5977.07 
-5976.26 
-5976.21 
-5975.465 
-5975.69 
-5974.92 
-5974.89 
-5974.085 
-5973.92 
-5973.15 
-5973.03 
-5972.17 
-5971.59 
-5970.82 
-5970.675 
-5969.875 
-5969.665 
-5968.865 
-5968.785 
-5967.865 
-5968.185 
-5967.4 
-5967.205 
-5966.435 
-5966.33 
-5965.49 
-5965.36 
-5964.655 
-5964.055 
-5963.235 
-5963.16 
-5962.405 
-5962.33 
-5961.575 
-5961.47 
-5960.71 
-5961.055 
-5960.305 
-5960.365 
-5959.635 
-5959.55 
-5958.85 
-5958.915 
-5958.21 
-5957.775 
-5957.18 
-5957.16 
-5956.545 
-5956.575 
-5955.975 
-5956.07 
-5955.42 
-5955.975 
-5955.355 
-5955.46 
-5954.985 
-5955.065 
-5954.58 
-5954.76 
-5954.29 
-5954.075 
-5953.575 
-5953.775 
-5953.415 
-5953.57 
-5953.185 
-5953.43 
-5953.07 
-5953.795 
-5953.425 
-5953.77 
-5953.47 
-5953.795 
-5953.52 
-5953.87 
-5953.6 
-5953.53 
-5953.285 
-5953.74 
-5953.46 
-5953.865 
-5953.7 
-5954.205 
-5953.93 
-5954.8 
-5954.645 
-5955.12 
-5954.93 
-5955.38 
-5955.225 
-5955.75 
-5955.545 
-5955.58 
-5955.395 
-5955.83 
-5955.645 
-5956.065 
-5955.875 
-5956.345 
-5956.13 
-5956.915 
-5956.66 
-5957.105 
-5956.885 
-5957.215 
-5957.015 
-5957.43 
-5957.135 
-5957.085 
-5956.77 
-5957.13 
-5956.785 
-5957.09 
-5956.705 
-5957.115 
-5956.715 
-5957.47 
-5957.025 
-5957.35 
-5956.995 
-5957.23 
-5956.84 
-5957.05 
-5956.665 
-5956.32 
-5955.905 
-5956.095 
-5955.59 
-5955.775 
-5955.345 
-5955.4 
-5954.89 
-5955.49 
-5954.95 
-5955.08 
-5954.55 
-5954.555 
-5954.06 
-5954.065 
-5953.475 
-5953.105 
-5952.48 
-5952.51 
-5951.895 
-5951.94 
-5951.26 
-5951.275 
-5950.65 
-5951.04 
-5950.335 
-5950.355 
-5949.685 
-5949.625 
-5948.905 
-5948.94 
-5948.175 
-5947.725 
-5946.955 
-5946.965 
-5946.205 
-5946.155 
-5945.45 
-5945.36 
-5944.57 
-5944.995 
-5944.2 
-5944.15 
-5943.49 
-5943.33 
-5942.61 
-5942.455 
-5941.695 
-5941.18 
-5940.38 
-5940.23 
-5939.475 
-5939.26 
-5938.46 
-5938.265 
-5937.36 
-5937.62 
-5936.735 
-5936.545 
-5935.61 
-5935.22 
-5934.255 
-5933.805 
-5932.79 
-5931.935 
-5930.765 
-5930.36 
-5929.12 
-5928.485 
-5927.275 
-5926.67 
-5925.28 
-5924.975 
-5923.535 
-5922.665 
-5921.075 
-5920.14 
-5918.53 
-5917.57 
-5915.705 
-5914.12 
-5912.14 
-5910.88 
-5908.905 
-5907.435 
-5905.28 
-5903.765 
-5901.395 
-5900.14 
-5897.685 
-5895.845 
-5893.29 
-5891.26 
-5888.42 
-5886.34 
-5883.36 
-5880.575 
-5877.46 
-5874.97 
-5871.755 
-5869.035 
-5865.59 
-5862.71 
-5859.05 
-5856.275 
-5852.415 
-5849.22 
-5845.135 
-5841.63 
-5837.43 
-5833.805 
-5829.315 
-5824.955 
-5820.34 
-5816.235 
-5811.335 
-5807.05 
-5801.89 
-5797.38 
-5792.075 
-5787.695 
-5782.16 
-5777.24 
-5771.415 
-5766.185 
-5760.185 
-5754.82 
-5748.6 
-5742.5 
-5736.03 
-5730.145 
-5723.505 
-5717.415 
-5710.56 
-5704.14 
-5697.125 
-5690.93 
-5683.615 
-5676.89 
-5669.37 
-5662.345 
-5654.605 
-5647.425 
-5639.465 
-5631.615 
-5623.48 
-5615.82 
-5607.485 
-5599.635 
-5591.05 
-5583.015 
-5574.23 
-5566.355 
-5557.4 
-5548.965 
-5539.79 
-5531.065 
-5521.64 
-5512.815 
-5503.15 
-5493.59 
-5483.82 
-5474.555 
-5464.485 
-5455.0 
-5444.77 
-5435.16 
-5424.725 
-5415.215 
-5404.585 
-5394.6 
-5383.69 
-5373.43 
-5362.43 
-5352.055 
-5340.82 
-5329.8 
-5318.315 
-5307.6 
-5296.065 
-5285.075 
-5273.36 
-5262.22 
-5250.36 
-5239.475 
-5227.41 
-5216.01 
-5203.84 
-5192.215 
-5179.91 
-5168.225 
-5155.67 
-5143.35 
-5130.77 
-5118.76 
-5106.02 
-5093.835 
-5081.01 
-5068.765 
-5055.755 
-5043.85 
-5030.73 
-5018.31 
-5005.14 
-4992.54 
-4979.33 
-4966.59 
-4953.24 
-4940.075 
-4926.62 
-4913.865 
-4900.255 
-4887.345 
-4873.75 
-4860.86 
-4847.155 
-4834.57 
-4820.915 
-4807.9 
-4794.09 
-4781.0 
-4767.225 
-4754.095 
-4740.29 
-4726.66 
-4712.87 
-4699.755 
-4685.835 
-4672.57 
-4658.69 
-4645.63 
-4631.72 
-4618.9 
-4605.085 
-4591.86 
-4578.01 
-4564.88 
-4551.005 
-4537.96 
-4524.08 
-4510.515 
-4496.79 
-4483.68 
-4469.9 
-4456.82 
-4443.025 
-4430.07 
-4416.375 
-4403.77 
-4390.09 
-4377.16 
-4363.58 
-4350.575 
-4337.07 
-4324.155 
-4310.665 
-4297.365 
-4283.885 
-4271.14 
-4257.69 
-4244.88 
-4231.475 
-4218.855 
-4205.425 
-4193.185 
-4179.89 
-4167.345 
-4154.085 
-4141.565 
-4128.355 
-4115.815 
-4102.66 
-4089.81 
-4076.695 
-4064.4 
-4051.32 
-4038.94 
-4025.945 
-4013.725 
-4000.825 
-3989.025 
-3976.14 
-3964.015 
-3951.23 
-3939.125 
-3926.405 
-3914.38 
-3901.73 
-3889.325 
-3876.745 
-3864.805 
-3852.27 
-3840.425 
-3827.97 
-3816.21 
-3803.735 
-3792.475 
-3780.065 
-3768.515 
-3756.18 
-3744.545 
-3732.285 
-3720.81 
-3708.645 
-3696.74 
-3684.585 
-3673.22 
-3661.07 
-3649.775 
-3637.735 
-3626.5 
-3614.505 
-3603.615 
-3591.715 
-3580.59 
-3568.795 
-3557.595 
-3545.845 
-3534.825 
-3523.08 
-3511.59 
-3499.915 
-3489.015 
-3477.4 
-3466.425 
-3454.905 
-3444.065 
-3432.61 
-3422.195 
-3410.8 
-3400.0 
-3388.625 
-3377.905 
-3366.625 
-3356.04 
-3344.77 
-3333.705 
-3322.545 
-3312.005 
-3300.77 
-3290.39 
-3279.23 
-3268.845 
-3257.755 
-3247.82 
-3236.775 
-3226.495 
-3215.565 
-3205.275 
-3194.34 
-3184.125 
-3173.2 
-3162.57 
-3151.72 
-3141.6 
-3130.8 
-3120.625 
-3109.92 
-3099.865 
-3089.1 
-3079.445 
-3068.725 
-3058.785 
-3048.15 
-3038.115 
-3027.56 
-3017.68 
-3007.055 
-2996.815 
-2986.225 
-2976.41 
-2965.925 
-2956.13 
-2945.645 
-2935.92 
-2925.52 
-2916.2 
-2905.855 
-2896.13 
-2885.885 
-2876.23 
-2865.965 
-2856.46 
-2846.19 
-2836.18 
-2826.015 
-2816.535 
-2806.41 
-2796.935 
-2786.835 
-2777.48 
-2767.44 
-2758.5 
-2748.505 
-2739.245 
-2729.275 
-2720.0 
-2710.145 
-2700.895 
-2691.105 
-2681.425 
-2671.63 
-2662.5 
-2652.735 
-2643.575 
-2633.94 
-2624.99 
-2615.165 
-2606.635 
-2596.96 
-2587.985 
-2578.37 
-2569.44 
-2559.925 
-2551.075 
-2541.49 
-2532.17 
-2522.695 
-2513.87 
-2504.39 
-2495.63 
-2486.185 
-2477.425 
-2468.035 
-2459.7 
-2450.375 
-2441.68 
-2432.335 
-2423.725 
-2414.41 
-2405.825 
-2396.565 
-2387.455 
-2378.265 
-2369.72 
-2360.535 
-2352.02 
-2342.75 
-2334.3 
-2325.125 
-2317.135 
-2308.02 
-2299.545 
-2290.46 
-2282.095 
-2273.015 
-2264.615 
-2255.54 
-2246.79 
-2237.76 
-2229.44 
-2220.52 
-2212.19 
-2203.255 
-2195.005 
-2186.1 
-2178.335 
-2169.46 
-2161.29 
-2152.455 
-2144.32 
-2135.515 
-2127.485 
-2118.7 
-2110.19 
-2101.505 
-2093.58 
-2084.825 
-2076.835 
-2068.27 
-2060.36 
-2051.82 
-2044.31 
-2035.875 
-2028.1 
-2019.705 
-2011.93 
-2003.49 
-1995.85 
-1987.52 
-1979.435 
-1971.18 
-1963.595 
-1955.385 
-1947.82 
-1939.675 
-1932.25 
-1924.13 
-1917.08 
-1909.025 
-1901.71 
-1893.695 
-1886.355 
-1878.44 
-1871.245 
-1863.335 
-1855.66 
-1847.805 
-1840.7 
-1832.855 
-1825.695 
-1817.975 
-1810.945 
-1803.19 
-1796.535 
-1788.855 
-1781.965 
-1774.315 
-1767.39 
-1759.775 
-1752.87 
-1745.305 
-1737.94 
-1730.455 
-1723.605 
-1716.095 
-1709.245 
-1701.89 
-1695.1 
-1687.655 
-1681.305 
-1673.95 
-1667.275 
-1659.85 
-1653.24 
-1645.875 
-1639.315 
-1631.99 
-1624.96 
-1617.72 
-1611.15 
-1603.94 
-1597.345 
-1590.175 
-1583.71 
-1576.45 
-1570.465 
-1563.415 
-1556.895 
-1549.885 
-1543.365 
-1536.375 
-1529.985 
-1522.965 
-1516.115 
-1509.17 
-1502.81 
-1495.83 
-1489.46 
-1482.515 
-1476.29 
-1469.31 
-1463.485 
-1456.545 
-1450.39 
-1443.485 
-1437.23 
-1430.425 
-1424.225 
-1417.37 
-1410.84 
-1404.03 
-1397.87 
-1391.13 
-1384.925 
-1378.175 
-1372.165 
-1365.42 
-1359.705 
-1353.055 
-1347.09 
-1340.43 
-1334.4 
-1327.76 
-1321.825 
-1315.16 
-1308.75 
-1302.26 
-1296.295 
-1289.8 
-1283.915 
-1277.425 
-1271.535 
-1265.02 
-1259.63 
-1253.185 
-1247.47 
-1241.025 
-1235.215 
-1228.875 
-1223.105 
-1216.745 
-1210.615 
-1204.235 
-1198.575 
-1192.25 
-1186.565 
-1180.25 
-1174.67 
-1168.425 
-1163.26 
-1157.025 
-1151.415 
-1145.23 
-1139.665 
-1133.54 
-1128.045 
-1121.835 
-1115.935 
-1109.775 
-1104.315 
-1098.19 
-1092.705 
-1086.64 
-1081.255 
-1075.18 
-1070.12 
-1064.13 
-1058.765 
-1052.755 
-1047.36 
-1041.38 
-1036.145 
-1030.155 
-1024.335 
-1018.355 
-1013.135 
-1007.25 
-1001.98 
-996.045 
-990.905 
-984.93 
-980.15 
-974.26 
-969.18 
-963.275 
-958.13 
-952.25 
-947.13 
-941.305 
-935.665 
-929.955 
-924.89 
-919.02 
-913.885 
-908.13 
-903.085 
-897.305 
-892.645 
-886.87 
-881.9 
-876.145 
-871.135 
-865.44 
-860.42 
-854.755 
-849.3 
-843.665 
-838.695 
-833.08 
-828.02 
-822.445 
-817.57 
-811.94 
-807.485 
-801.93 
-797.065 
-791.465 
-786.625 
-781.075 
-776.36 
-770.82 
-765.6 
-760.085 
-755.345 
-749.86 
-745.13 
-739.8 
-735.0 
-729.695 
-725.4 
-720.01 
-715.42 
-710.115 
-705.545 
-700.215 
-695.685 
-690.4 
-685.33 
-680.195 
-675.68 
-670.445 
-665.965 
-660.785 
-656.36 
-651.21 
-647.175 
-642.04 
-637.715 
-632.625 
-628.28 
-623.265 
-618.885 
-613.86 
-609.125 
-604.11 
-599.845 
-594.855 
-590.55 
-585.7 
-581.435 
-576.525 
-572.66 
-567.88 
-563.665 
-558.81 
-554.66 
-549.82 
-545.78 
-540.93 
-536.34 
-531.63 
-527.51 
-522.805 
-518.65 
-513.98 
-509.97 
-505.16 
-501.49 
-496.86 
-492.825 
-488.085 
-484.095 
-479.37 
-475.4 
-470.695 
-466.17 
-461.57 
-457.58 
-452.955 
-448.855 
-444.21 
-440.205 
-435.54 
-431.87 
-427.17 
-423.235 
-418.535 
-414.585 
-409.945 
-405.985 
-401.255 
-396.845 
-392.175 
-388.23 
-383.535 
-379.5 
-374.825 
-370.93 
-366.29 
-362.71 
-358.105 
-354.195 
-349.55 
-345.605 
-340.955 
-337.095 
-332.56 
-328.175 
-323.67 
-319.825 
-315.26 
-311.41 
-306.965 
-303.18 
-298.65 
-295.325 
-290.885 
-287.13 
-282.83 
-279.075 
-274.74 
-271.11 
-266.735 
-262.71 
-258.475 
-254.86 
-250.625 
-247.09 
-242.88 
-239.4 
-235.25 
-232.165 
-228.17 
-224.76 
-220.635 
-217.31 
-213.255 
-209.915 
-205.935 
-202.265 
-198.26 
-195.07 
-191.09 
-187.87 
-183.97 
-180.74 
-177.025 
-174.28 
-170.51 
-167.48 
-163.655 
-160.56 
-156.815 
-153.775 
-150.125 
-146.625 
-142.965 
-139.975 
-136.28 
-133.28 
-129.725 
-126.74 
-123.145 
-120.59 
-117.06 
-114.15 
-110.495 
-107.565 
-104.085 
-101.165 
-97.56 
-94.26 
-90.69 
-87.815 
-84.23 
-81.33 
-77.805 
-74.865 
-71.39 
-68.89 
-65.305 
-62.505 
-58.86 
-56.05 
-52.505 
-49.58 
-46.05 
-42.755 
-39.195 
-36.32 
-32.73 
-29.795 
-26.195 
-23.38 
-19.795 
-17.27 
-13.775 
-10.975 
-7.345 
-4.465 
-0.93 
1.875 
5.46 
8.765 
12.3 
15.145 
18.66 
21.46 
24.975 
27.785 
31.22 
33.635 
37.04 
39.835 
43.235 
46.025 
49.435 
52.08 
55.535 
58.56 
61.945 
64.535 
67.885 
70.535 
73.77 
76.32 
79.575 
81.775 
84.925 
87.365 
90.605 
93.085 
96.205 
98.66 
101.71 
104.585 
107.655 
109.99 
113.06 
115.42 
118.435 
120.665 
123.605 
125.495 
128.365 
130.585 
133.51 
135.72 
138.565 
140.76 
143.605 
146.235 
149.015 
151.1 
153.95 
156.11 
158.85 
161.015 
163.765 
165.49 
168.235 
170.29 
172.99 
175.2 
177.925 
180.05 
182.745 
185.37 
188.12 
190.195 
193.055 
195.105 
197.97 
200.095 
202.87 
204.64 
207.495 
209.6 
212.41 
214.605 
217.495 
219.605 
222.54 
225.19 
228.095 
230.29 
233.155 
235.44 
238.38 
240.6 
243.595 
245.385 
248.275 
250.555 
253.455 
255.81 
258.68 
260.905 
263.845 
266.575 
269.475 
271.73 
274.62 
276.885 
279.705 
281.935 
284.88 
286.585 
289.495 
291.615 
294.38 
296.615 
299.405 
301.505 
304.28 
306.78 
309.495 
311.58 
314.29 
316.32 
319.0 
320.975 
323.65 
325.215 
327.74 
329.65 
332.21 
334.12 
336.545 
338.47 
340.98 
343.235 
345.645 
347.415 
349.86 
351.655 
354.03 
355.76 
358.105 
359.405 
361.7 
363.375 
365.68 
367.285 
369.68 
371.215 
373.465 
375.52 
377.775 
379.335 
381.585 
383.19 
385.4 
386.975 
389.22 
390.31 
392.585 
394.09 
396.285 
397.93 
400.07 
401.57 
403.855 
405.86 
408.075 
409.625 
411.85 
413.465 
415.715 
417.275 
419.445 
420.74 
422.995 
424.525 
426.835 
428.485 
430.745 
432.36 
434.665 
436.795 
439.195 
440.75 
443.105 
444.84 
447.095 
448.785 
451.16 
452.4 
454.765 
456.49 
458.825 
460.555 
462.875 
464.55 
466.93 
469.08 
471.475 
473.155 
475.495 
477.19 
479.565 
481.23 
483.585 
484.78 
487.15 
488.845 
491.115 
492.825 
495.08 
496.72 
498.995 
501.1 
503.395 
504.975 
507.22 
508.865 
511.07 
512.665 
514.87 
516.055 
518.305 
519.795 
521.94 
523.475 
525.585 
527.14 
529.24 
531.13 
533.295 
534.71 
536.88 
538.325 
540.4 
541.795 
543.935 
544.82 
546.9 
548.24 
550.27 
551.675 
553.66 
554.975 
557.045 
558.835 
560.765 
562.05 
564.08 
565.445 
567.43 
568.715 
570.705 
571.61 
573.525 
574.825 
576.84 
578.16 
580.14 
581.4 
583.345 
585.13 
587.09 
588.41 
590.44 
591.745 
593.84 
595.11 
597.145 
598.165 
600.155 
601.575 
603.585 
605.01 
607.05 
608.405 
610.53 
612.325 
614.39 
615.85 
617.885 
619.39 
621.45 
622.87 
625.015 
626.005 
628.07 
629.5 
631.65 
633.075 
635.155 
636.615 
638.7 
640.525 
642.61 
644.045 
646.17 
647.565 
649.62 
651.0 
653.075 
654.05 
656.08 
657.395 
659.425 
660.875 
662.78 
664.065 
666.07 
667.86 
669.78 
671.1 
673.05 
674.275 
676.29 
677.42 
679.3 
680.105 
681.91 
683.17 
684.995 
686.155 
687.93 
689.045 
690.875 
692.4 
694.19 
695.26 
697.01 
698.01 
699.76 
700.76 
702.465 
703.125 
704.7 
705.68 
707.405 
708.325 
709.975 
710.915 
712.56 
714.01 
715.515 
716.415 
718.11 
718.98 
720.51 
721.36 
722.985 
723.45 
724.965 
725.89 
727.39 
728.3 
729.82 
730.715 
732.265 
733.605 
735.16 
735.97 
737.56 
738.41 
740.03 
740.855 
742.475 
742.915 
744.48 
745.4 
746.955 
747.85 
749.415 
750.335 
751.965 
753.28 
754.88 
755.8 
757.475 
758.415 
759.995 
760.92 
762.645 
763.14 
764.73 
765.675 
767.305 
768.295 
769.89 
770.795 
772.435 
773.87 
775.47 
776.45 
778.075 
778.98 
780.53 
781.43 
783.08 
783.63 
785.24 
786.09 
787.65 
788.545 
790.08 
790.885 
792.425 
793.68 
795.16 
795.94 
797.435 
798.245 
799.665 
800.365 
801.78 
802.06 
803.41 
804.03 
805.435 
806.115 
807.37 
807.905 
809.245 
810.23 
811.505 
811.955 
813.22 
813.705 
814.895 
815.315 
816.525 
816.575 
817.615 
818.04 
819.165 
819.535 
820.59 
820.92 
821.89 
822.76 
823.83 
824.14 
825.125 
825.415 
826.475 
826.74 
827.76 
827.635 
828.625 
828.94 
829.885 
830.23 
831.26 
831.48 
832.5 
833.36 
834.295 
834.62 
835.725 
836.09 
837.085 
837.465 
838.54 
838.56 
839.65 
840.055 
841.285 
841.68 
842.76 
843.27 
844.475 
845.37 
846.56 
847.09 
848.355 
848.785 
850.205 
850.61 
851.95 
852.165 
853.41 
853.935 
855.245 
855.92 
857.145 
857.765 
859.155 
860.235 
861.515 
862.07 
863.44 
864.055 
865.38 
865.99 
867.335 
867.65 
868.845 
869.455 
870.675 
871.375 
872.54 
873.18 
874.405 
875.49 
876.7 
877.25 
878.36 
878.905 
880.13 
880.56 
881.765 
881.84 
882.905 
883.36 
884.475 
884.81 
885.88 
886.29 
887.255 
888.16 
889.15 
889.4 
890.365 
890.715 
891.69 
891.895 
892.865 
892.775 
893.635 
893.805 
894.715 
894.89 
895.79 
895.9 
896.8 
897.365 
898.235 
898.31 
899.19 
899.26 
900.14 
900.21 
901.01 
900.82 
901.665 
901.685 
902.575 
902.735 
903.515 
903.62 
904.52 
905.095 
906.01 
906.16 
907.05 
907.325 
908.135 
908.345 
909.295 
909.175 
910.13 
910.38 
911.43 
911.68 
912.7 
913.05 
914.075 
914.86 
915.965 
916.31 
917.455 
917.895 
918.98 
919.4 
920.645 
920.65 
921.845 
922.32 
923.49 
924.06 
925.275 
925.785 
927.04 
928.09 
929.295 
929.86 
931.165 
931.72 
933.035 
933.655 
934.895 
935.15 
936.495 
937.015 
938.33 
939.025 
940.285 
940.88 
942.18 
943.27 
944.565 
945.125 
946.455 
947.14 
948.385 
948.985 
950.255 
950.56 
951.825 
952.395 
953.635 
954.3 
955.5 
956.115 
957.365 
958.465 
959.645 
960.19 
961.49 
962.03 
963.275 
963.82 
965.15 
965.24 
966.495 
966.98 
968.175 
968.725 
969.9 
970.435 
971.635 
972.63 
973.815 
974.265 
975.41 
975.96 
977.19 
977.66 
978.87 
978.92 
980.115 
980.645 
981.825 
982.315 
983.5 
983.915 
985.145 
986.065 
987.245 
987.75 
989.0 
989.49 
990.63 
991.155 
992.325 
992.51 
993.735 
994.18 
995.38 
995.865 
997.1 
997.515 
998.72 
999.695 
1000.855 
1001.335 
1002.515 
1002.94 
1004.12 
1004.52 
1005.72 
1005.745 
1006.87 
1007.23 
1008.37 
1008.85 
1009.88 
1010.225 
1011.235 
1012.125 
1013.125 
1013.445 
1014.505 
1014.81 
1015.715 
1016.045 
1016.98 
1016.79 
1017.745 
1017.905 
1018.82 
1018.99 
1019.8 
1019.945 
1020.745 
1021.35 
1022.08 
1022.14 
1022.915 
1023.01 
1023.735 
1023.675 
1024.44 
1024.035 
1024.7 
1024.55 
1025.25 
1025.2 
1025.76 
1025.715 
1026.33 
1026.665 
1027.215 
1027.07 
1027.67 
1027.6 
1028.02 
1027.84 
1028.375 
1027.775 
1028.315 
1028.11 
1028.65 
1028.36 
1028.855 
1028.61 
1029.085 
1029.285 
1029.72 
1029.45 
1029.92 
1029.765 
1030.16 
1029.89 
1030.375 
1029.71 
1030.135 
1029.83 
1030.335 
1030.1 
1030.52 
1030.29 
1030.71 
1030.95 
1031.355 
1031.175 
1031.605 
1031.395 
1031.815 
1031.54 
1032.055 
1031.465 
1031.905 
1031.635 
1032.145 
1031.96 
1032.42 
1032.19 
1032.655 
1032.89 
1033.385 
1033.12 
1033.65 
1033.455 
1033.88 
1033.655 
1034.23 
1033.615 
1034.035 
1033.8 
1034.275 
1034.1 
1034.57 
1034.26 
1034.735 
1034.985 
1035.405 
1035.115 
1035.6 
1035.35 
1035.76 
1035.555 
1035.95 
1035.4 
1035.805 
1035.525 
1035.945 
1035.67 
1036.04 
1035.695 
1036.14 
1036.32 
1036.76 
1036.395 
1036.86 
1036.525 
1036.89 
1036.605 
1037.065 
1036.38 
1036.765 
1036.525 
1036.875 
1036.615 
1036.99 
1036.73 
1037.135 
1037.43 
1037.895 
1037.645 
1038.105 
1037.94 
1038.36 
1038.21 
1038.7 
1038.14 
1038.66 
1038.535 
1039.015 
1038.92 
1039.495 
1039.325 
1039.935 
1040.3 
1040.945 
1040.88 
1041.48 
1041.445 
1042.105 
1042.07 
1042.745 
1042.39 
1043.11 
1043.07 
1043.81 
1043.865 
1044.615 
1044.69 
1045.47 
1045.985 
1046.77 
1046.865 
1047.725 
1047.87 
1048.72 
1048.815 
1049.66 
1049.45 
1050.34 
1050.495 
1051.31 
1051.55 
1052.39 
1052.575 
1053.46 
1054.16 
1055.05 
1055.155 
1056.04 
1056.22 
1057.12 
1057.29 
1058.175 
1057.995 
1058.81 
1058.995 
1059.795 
1060.015 
1060.875 
1060.89 
1061.755 
1062.405 
1063.17 
1063.29 
1064.05 
1064.17 
1064.94 
1065.0 
1065.83 
1065.46 
1066.29 
1066.3 
1066.95 
1067.075 
1067.825 
1067.765 
1068.48 
1068.91 
1069.63 
1069.58 
1070.365 
1070.39 
1070.99 
1071.0 
1071.645 
1071.2 
1071.85 
1071.81 
1072.475 
1072.435 
1073.015 
1073.01 
1073.6 
1074.02 
1074.7 
1074.51 
1075.2 
1075.11 
1075.775 
1075.64 
1076.3 
1075.915 
1076.465 
1076.34 
1077.0 
1076.865 
1077.51 
1077.36 
1077.965 
1078.26 
1078.915 
1078.77 
1079.345 
1079.23 
1079.8 
1079.66 
1080.295 
1079.74 
1080.24 
1080.145 
1080.63 
1080.525 
1081.12 
1080.945 
1081.5 
1081.775 
1082.29 
1082.205 
1082.715 
1082.665 
1083.135 
1082.935 
1083.575 
1083.05 
1083.57 
1083.4 
1083.965 
1083.81 
1084.365 
1084.165 
1084.745 
1085.06 
1085.63 
1085.42 
1086.01 
1085.81 
1086.475 
1086.21 
1086.825 
1086.275 
1086.83 
1086.675 
1087.255 
1087.105 
1087.665 
1087.51 
1088.135 
1088.405 
1088.97 
1088.86 
1089.415 
1089.28 
1089.825 
1089.715 
1090.25 
1089.785 
1090.36 
1090.185 
1090.74 
1090.64 
1091.205 
1091.085 
1091.675 
1091.955 
1092.56 
1092.475 
1093.065 
1092.945 
1093.575 
1093.505 
1094.19 
1093.65 
1094.245 
1094.2 
1094.83 
1094.805 
1095.42 
1095.33 
1096.05 
1096.475 
1097.15 
1097.09 
1097.79 
1097.9 
1098.54 
1098.525 
1099.27 
1098.93 
1099.63 
1099.66 
1100.44 
1100.49 
1101.27 
1101.345 
1102.155 
1102.7 
1103.44 
1103.53 
1104.385 
1104.49 
1105.385 
1105.495 
1106.37 
1106.13 
1107.025 
1107.1 
1108.03 
1108.205 
1109.12 
1109.31 
1110.25 
1110.895 
1111.74 
1111.99 
1112.89 
1113.195 
1114.125 
1114.435 
1115.295 
1115.285 
1116.21 
1116.51 
1117.43 
1117.665 
1118.66 
1118.955 
1119.86 
1120.555 
1121.53 
1121.745 
1122.705 
1122.95 
1123.905 
1124.21 
1125.15 
1124.945 
1125.86 
1126.095 
1126.99 
1127.175 
1128.035 
1128.21 
1129.085 
1129.65 
1130.5 
1130.61 
1131.465 
1131.595 
1132.305 
1132.425 
1133.195 
1132.89 
1133.645 
1133.58 
1134.2 
1134.3 
1134.985 
1134.96 
1135.535 
1135.925 
1136.525 
1136.4 
1136.985 
1136.85 
1137.455 
1137.26 
1137.785 
1137.195 
1137.68 
1137.45 
1137.905 
1137.685 
1138.14 
1137.85 
1138.27 
1138.49 
1138.915 
1138.575 
1138.95 
1138.705 
1139.0 
1138.69 
1139.055 
1138.355 
1138.625 
1138.24 
1138.625 
1138.255 
1138.555 
1138.145 
1138.44 
1138.565 
1138.875 
1138.475 
1138.715 
1138.385 
1138.665 
1138.275 
1138.58 
1137.855 
1138.13 
1137.68 
1138.025 
1137.77 
1138.04 
1137.61 
1137.915 
1137.995 
1138.415 
1138.035 
1138.405 
1138.075 
1138.385 
1138.06 
1138.435 
1137.75 
1138.12 
1137.765 
1138.075 
1137.84 
1138.13 
1137.835 
1138.23 
1138.38 
1138.715 
1138.385 
1138.75 
1138.51 
1138.825 
1138.5 
1138.84 
1138.12 
1138.49 
1138.085 
1138.47 
1138.13 
1138.41 
1138.095 
1138.32 
1138.47 
1138.75 
1138.275 
1138.58 
1138.21 
1138.475 
1137.99 
1138.265 
1137.495 
1137.685 
1137.13 
1137.39 
1136.89 
1137.095 
1136.49 
1136.65 
1136.585 
1136.71 
1136.19 
1136.36 
1135.795 
1135.925 
1135.29 
1135.42 
1134.46 
1134.59 
1133.95 
1134.095 
1133.47 
1133.66 
1133.015 
1133.085 
1132.97 
1133.12 
1132.505 
1132.65 
1132.115 
1132.315 
1131.705 
1131.925 
1131.015 
1131.185 
1130.655 
1130.92 
1130.395 
1130.635 
1130.195 
1130.495 
1130.48 
1130.785 
1130.405 
1130.74 
1130.415 
1130.82 
1130.45 
1130.875 
1130.195 
1130.63 
1130.42 
1130.88 
1130.72 
1131.26 
1131.08 
1131.625 
1132.0 
1132.545 
1132.525 
1133.165 
1133.115 
1133.815 
1133.75 
1134.485 
1134.175 
1134.87 
1134.94 
1135.705 
1135.855 
1136.605 
1136.715 
1137.535 
1138.12 
1138.925 
1139.065 
1139.86 
1140.115 
1140.92 
1141.115 
1142.005 
1141.685 
1142.53 
1142.795 
1143.54 
1143.685 
1144.535 
1144.695 
1145.455 
1146.07 
1146.97 
1147.025 
1147.84 
1147.935 
1148.74 
1148.8 
1149.525 
1149.225 
1149.945 
1149.935 
1150.645 
1150.63 
1151.285 
1151.215 
1151.95 
1152.305 
1152.96 
1152.885 
1153.52 
1153.35 
1153.945 
1153.82 
1154.43 
1153.85 
1154.41 
1154.19 
1154.72 
1154.57 
1155.07 
1154.825 
1155.285 
1155.54 
1156.07 
1155.825 
1156.285 
1156.09 
1156.505 
1156.235 
1156.705 
1156.17 
1156.55 
1156.345 
1156.795 
1156.545 
1157.01 
1156.685 
1157.205 
1157.435 
1157.845 
1157.485 
1158.0 
1157.775 
1158.305 
1158.005 
1158.535 
1157.855 
1158.395 
1158.19 
1158.685 
1158.495 
1159.035 
1158.855 
1159.365 
1159.635 
1160.195 
1160.08 
1160.645 
1160.57 
1161.125 
1160.945 
1161.59 
1161.145 
1161.715 
1161.61 
1162.215 
1162.215 
1162.78 
1162.715 
1163.33 
1163.775 
1164.355 
1164.21 
1164.84 
1164.84 
1165.415 
1165.29 
1165.95 
1165.485 
1165.97 
1165.84 
1166.45 
1166.34 
1166.96 
1166.765 
1167.255 
1167.645 
1168.1 
1167.94 
1168.42 
1168.215 
1168.7 
1168.405 
1168.87 
1168.295 
1168.7 
1168.385 
1168.755 
1168.49 
1168.86 
1168.435 
1168.84 
1168.935 
1169.155 
1168.755 
1169.075 
1168.69 
1168.995 
1168.47 
1168.82 
1167.955 
1168.33 
1167.76 
1168.03 
1167.625 
1167.865 
1167.28 
1167.585 
1167.57 
1167.835 
1167.305 
1167.585 
1167.215 
1167.395 
1166.995 
1167.19 
1166.42 
1166.67 
1166.195 
1166.485 
1166.15 
1166.4 
1166.09 
1166.375 
1166.425 
1166.785 
1166.43 
1166.835 
1166.59 
1166.94 
1166.63 
1167.06 
1166.43 
1166.855 
1166.64 
1167.105 
1166.94 
1167.41 
1167.235 
1167.815 
1168.145 
1168.715 
1168.53 
1169.085 
1169.09 
1169.72 
1169.675 
1170.295 
1169.92 
1170.565 
1170.52 
1171.275 
1171.295 
1171.945 
1171.91 
1172.65 
1173.045 
1173.785 
1173.825 
1174.55 
1174.585 
1175.315 
1175.29 
1176.075 
1175.685 
1176.345 
1176.375 
1177.07 
1177.08 
1177.75 
1177.78 
1178.355 
1178.85 
1179.485 
1179.38 
1180.04 
1180.005 
1180.515 
1180.455 
1181.05 
1180.56 
1181.095 
1180.895 
1181.395 
1181.23 
1181.665 
1181.445 
1181.955 
1182.145 
1182.475 
1182.24 
1182.675 
1182.41 
1182.725 
1182.325 
1182.735 
1181.94 
1182.185 
1181.825 
1182.035 
1181.7 
1181.9 
1181.405 
1181.69 
1181.71 
1181.9 
1181.335 
1181.585 
1181.115 
1181.275 
1180.76 
1180.945 
1179.975 
1180.13 
1179.625 
1179.73 
1179.155 
1179.3 
1178.7 
1178.835 
1178.78 
1178.865 
1178.305 
1178.435 
1177.89 
1178.085 
1177.48 
1177.65 
1176.725 
1176.94 
1176.305 
1176.545 
1176.05 
1176.22 
1175.735 
1175.845 
1175.945 
1176.14 
1175.68 
1175.905 
1175.53 
1175.78 
1175.34 
1175.685 
1174.905 
1175.18 
1174.84 
1175.15 
1174.815 
1175.18 
1174.81 
1175.17 
1175.335 
1175.71 
1175.375 
1175.77 
1175.51 
1175.885 
1175.615 
1176.0 
1175.31 
1175.72 
1175.395 
1175.835 
1175.575 
1175.965 
1175.715 
1176.06 
1176.3 
1176.625 
1176.32 
1176.705 
1176.435 
1176.68 
1176.43 
1176.83 
1176.205 
1176.53 
1176.12 
1176.415 
1176.065 
1176.36 
1175.945 
1176.205 
1176.34 
1176.61 
1176.165 
1176.455 
1175.95 
1176.26 
1175.74 
1175.965 
1175.05 
1175.285 
1174.825 
1174.975 
1174.49 
1174.65 
1174.02 
1174.26 
1174.12 
1174.325 
1173.71 
1173.86 
1173.345 
1173.465 
1172.89 
1173.025 
1172.03 
1172.195 
1171.605 
1171.74 
1171.195 
1171.27 
1170.63 
1170.735 
1170.68 
1170.825 
1170.225 
1170.39 
1169.86 
1170.025 
1169.45 
1169.695 
1168.755 
1168.925 
1168.445 
1168.67 
1168.24 
1168.44 
1167.965 
1168.29 
1168.275 
1168.575 
1168.22 
1168.55 
1168.305 
1168.65 
1168.375 
1168.79 
1168.185 
1168.635 
1168.435 
1168.86 
1168.695 
1169.185 
1169.08 
1169.73 
1169.995 
1170.67 
1170.51 
1171.23 
1171.16 
1171.815 
1171.835 
1172.49 
1172.17 
1172.89 
1172.91 
1173.61 
1173.775 
1174.485 
1174.565 
1175.305 
1175.875 
1176.695 
1176.765 
1177.565 
1177.645 
1178.52 
1178.55 
1179.39 
1179.12 
1179.88 
1179.885 
1180.72 
1180.745 
1181.53 
1181.615 
1182.255 
1182.855 
1183.53 
1183.565 
1184.265 
1184.295 
1184.975 
1184.89 
1185.52 
1185.07 
1185.655 
1185.545 
1186.155 
1186.02 
1186.61 
1186.42 
1186.93 
1187.19 
1187.675 
1187.41 
1187.925 
1187.645 
1188.05 
1187.805 
1188.175 
1187.465 
1187.825 
1187.48 
1187.78 
1187.465 
1187.795 
1187.35 
1187.66 
1187.69 
1187.945 
1187.5 
1187.69 
1187.29 
1187.54 
1187.14 
1187.36 
1186.565 
1186.725 
1186.245 
1186.495 
1186.075 
1186.29 
1185.895 
1186.125 
1186.155 
1186.375 
1185.97 
1186.25 
1185.88 
1186.145 
1185.815 
1186.05 
1185.35 
1185.63 
1185.31 
1185.59 
1185.385 
1185.725 
1185.365 
1185.795 
1185.98 
1186.345 
1186.125 
1186.495 
1186.31 
1186.735 
1186.49 
1186.98 
1186.35 
1186.785 
1186.505 
1187.015 
1186.8 
1187.245 
1186.965 
1187.41 
1187.62 
1188.15 
1187.84 
1188.255 
1188.03 
1188.45 
1188.22 
1188.56 
1187.91 
1188.31 
1187.925 
1188.265 
1187.995 
1188.295 
1187.955 
1188.21 
1188.29 
1188.57 
1188.16 
1188.455 
1187.99 
1188.17 
1187.725 
1187.97 
1187.045 
1187.13 
1186.61 
1186.735 
1186.225 
1186.295 
1185.715 
1185.775 
1185.685 
1185.695 
1185.03 
1185.165 
1184.545 
1184.51 
1183.83 
1183.85 
1182.755 
1182.71 
1182.01 
1182.055 
1181.39 
1181.335 
1180.575 
1180.555 
1180.37 
1180.31 
1179.635 
1179.6 
1178.945 
1178.95 
1178.285 
1178.355 
1177.275 
1177.31 
1176.66 
1176.72 
1176.15 
1176.21 
1175.66 
1175.885 
1175.72 
1175.85 
1175.33 
1175.505 
1175.16 
1175.335 
1174.95 
1175.26 
1174.595 
1174.91 
1174.52 
1174.86 
1174.6 
1175.01 
1174.735 
1175.22 
1175.445 
1175.985 
1175.785 
1176.3 
1176.185 
1176.765 
1176.665 
1177.25 
1176.75 
