Run 0 on 20200811 on sample T20-5d, LT thermometer,  dT/T0 = 0.02
Time per point = 3.125e-05 seconds
-2664.205 
-2664.64 
-2664.325 
-2664.6 
-2664.3 
-2664.58 
-2664.235 
-2664.925 
-2664.58 
-2664.945 
-2664.595 
-2664.92 
-2664.58 
-2664.92 
-2664.58 
-2664.51 
-2664.075 
-2664.55 
-2664.18 
-2664.515 
-2664.185 
-2664.6 
-2664.27 
-2665.035 
-2664.765 
-2665.17 
-2664.88 
-2665.25 
-2664.97 
-2665.325 
-2665.09 
-2665.02 
-2664.74 
-2665.175 
-2664.925 
-2665.31 
-2665.035 
-2665.465 
-2665.235 
-2665.965 
-2665.705 
-2666.19 
-2665.93 
-2666.35 
-2666.115 
-2666.63 
-2666.305 
-2666.25 
-2665.99 
-2666.51 
-2666.19 
-2666.615 
-2666.36 
-2666.795 
-2666.51 
-2667.255 
-2667.025 
-2667.485 
-2667.185 
-2667.56 
-2667.225 
-2667.575 
-2667.295 
-2667.18 
-2666.87 
-2667.18 
-2666.855 
-2667.115 
-2666.76 
-2667.115 
-2666.72 
-2667.335 
-2666.985 
-2667.225 
-2666.875 
-2667.125 
-2666.69 
-2666.9 
-2666.475 
-2666.28 
-2665.795 
-2666.02 
-2665.555 
-2665.71 
-2665.2 
-2665.445 
-2664.92 
-2665.52 
-2665.055 
-2665.205 
-2664.7 
-2664.825 
-2664.37 
-2664.53 
-2663.965 
-2663.66 
-2663.145 
-2663.28 
-2662.785 
-2662.9 
-2662.33 
-2662.49 
-2661.89 
-2662.465 
-2661.875 
-2662.125 
-2661.545 
-2661.665 
-2661.115 
-2661.26 
-2660.72 
-2660.325 
-2659.755 
-2659.99 
-2659.38 
-2659.49 
-2658.905 
-2659.01 
-2658.44 
-2658.95 
-2658.475 
-2658.515 
-2657.935 
-2658.08 
-2657.395 
-2657.54 
-2656.94 
-2656.505 
-2655.9 
-2655.985 
-2655.35 
-2655.385 
-2654.8 
-2654.845 
-2654.175 
-2654.65 
-2653.945 
-2653.955 
-2653.295 
-2653.24 
-2652.59 
-2652.61 
-2651.88 
-2651.38 
-2650.68 
-2650.605 
-2649.86 
-2649.82 
-2649.03 
-2648.955 
-2648.145 
-2648.48 
-2647.65 
-2647.545 
-2646.705 
-2646.505 
-2645.7 
-2645.505 
-2644.67 
-2644.01 
-2643.115 
-2642.875 
-2641.97 
-2641.705 
-2640.755 
-2640.585 
-2639.59 
-2639.67 
-2638.735 
-2638.495 
-2637.485 
-2637.185 
-2636.185 
-2635.96 
-2634.92 
-2634.18 
-2633.115 
-2632.925 
-2631.87 
-2631.545 
-2630.56 
-2630.295 
-2629.25 
-2629.395 
-2628.38 
-2628.015 
-2627.015 
-2626.77 
-2625.79 
-2625.62 
-2624.59 
-2623.855 
-2622.88 
-2622.68 
-2621.725 
-2621.48 
-2620.6 
-2620.3 
-2619.445 
-2619.68 
-2618.79 
-2618.6 
-2617.755 
-2617.565 
-2616.72 
-2616.55 
-2615.735 
-2615.26 
-2614.395 
-2614.35 
-2613.52 
-2613.34 
-2612.64 
-2612.59 
-2611.8 
-2612.135 
-2611.43 
-2611.425 
-2610.67 
-2610.665 
-2609.955 
-2609.95 
-2609.185 
-2608.775 
-2608.09 
-2608.145 
-2607.445 
-2607.395 
-2606.75 
-2606.77 
-2606.12 
-2606.535 
-2605.84 
-2605.84 
-2605.26 
-2605.265 
-2604.54 
-2604.595 
-2603.885 
-2603.505 
-2602.855 
-2602.85 
-2602.155 
-2602.17 
-2601.465 
-2601.415 
-2600.7 
-2601.085 
-2600.43 
-2600.455 
-2599.69 
-2599.57 
-2598.915 
-2598.8 
-2598.155 
-2597.545 
-2596.815 
-2596.67 
-2595.94 
-2595.835 
-2595.04 
-2594.96 
-2594.14 
-2594.415 
-2593.67 
-2593.585 
-2592.705 
-2592.54 
-2591.765 
-2591.69 
-2590.86 
-2590.27 
-2589.49 
-2589.375 
-2588.535 
-2588.345 
-2587.58 
-2587.455 
-2586.62 
-2586.965 
-2586.145 
-2586.115 
-2585.315 
-2585.17 
-2584.53 
-2584.43 
-2583.665 
-2583.12 
-2582.38 
-2582.34 
-2581.665 
-2581.605 
-2580.955 
-2580.965 
-2580.29 
-2580.63 
-2579.975 
-2580.065 
-2579.355 
-2579.41 
-2578.835 
-2578.93 
-2578.325 
-2577.945 
-2577.33 
-2577.465 
-2576.895 
-2577.045 
-2576.485 
-2576.625 
-2576.025 
-2576.58 
-2576.095 
-2576.17 
-2575.77 
-2575.85 
-2575.365 
-2575.495 
-2574.945 
-2574.675 
-2574.205 
-2574.455 
-2573.855 
-2573.945 
-2573.49 
-2573.63 
-2573.11 
-2573.66 
-2573.145 
-2573.285 
-2572.71 
-2572.845 
-2572.31 
-2572.435 
-2571.945 
-2571.51 
-2570.95 
-2570.98 
-2570.455 
-2570.42 
-2569.82 
-2569.87 
-2569.23 
-2569.605 
-2568.985 
-2569.025 
-2568.35 
-2568.265 
-2567.55 
-2567.5 
-2566.78 
-2566.225 
-2565.46 
-2565.435 
-2564.585 
-2564.435 
-2563.645 
-2563.535 
-2562.64 
-2562.84 
-2562.025 
-2561.785 
-2560.935 
-2560.675 
-2559.8 
-2559.585 
-2558.58 
-2557.85 
-2556.965 
-2556.685 
-2555.665 
-2555.35 
-2554.35 
-2554.045 
-2552.965 
-2553.085 
-2552.03 
-2551.615 
-2550.595 
-2550.105 
-2549.095 
-2548.695 
-2547.54 
-2546.625 
-2545.53 
-2545.035 
-2543.915 
-2543.34 
-2542.095 
-2541.575 
-2540.285 
-2540.11 
-2538.85 
-2538.275 
-2536.96 
-2536.215 
-2534.8 
-2534.09 
-2532.65 
-2531.46 
-2529.905 
-2529.095 
-2527.435 
-2526.495 
-2524.94 
-2523.965 
-2522.145 
-2521.465 
-2519.69 
-2518.535 
-2516.57 
-2515.28 
-2513.35 
-2512.01 
-2509.845 
-2507.925 
-2505.74 
-2504.22 
-2501.8 
-2500.035 
-2497.615 
-2495.765 
-2493.175 
-2491.525 
-2488.785 
-2486.705 
-2483.75 
-2481.545 
-2478.525 
-2476.17 
-2472.985 
-2469.99 
-2466.66 
-2463.945 
-2460.41 
-2457.54 
-2453.845 
-2450.86 
-2447.035 
-2444.26 
-2440.265 
-2436.885 
-2432.69 
-2429.125 
-2424.79 
-2421.045 
-2416.575 
-2412.18 
-2407.465 
-2403.39 
-2398.475 
-2394.16 
-2389.115 
-2384.68 
-2379.445 
-2375.17 
-2369.76 
-2364.95 
-2359.43 
-2354.41 
-2348.685 
-2343.495 
-2337.605 
-2331.825 
-2325.715 
-2320.29 
-2314.01 
-2308.355 
-2301.945 
-2296.17 
-2289.59 
-2284.105 
-2277.375 
-2271.27 
-2264.46 
-2258.235 
-2251.225 
-2244.85 
-2237.745 
-2230.72 
-2223.435 
-2216.885 
-2209.405 
-2202.7 
-2195.165 
-2188.22 
-2180.645 
-2173.975 
-2166.32 
-2159.275 
-2151.26 
-2144.08 
-2136.15 
-2128.8 
-2120.7 
-2112.855 
-2104.585 
-2097.175 
-2088.84 
-2081.175 
-2072.77 
-2065.24 
-2056.665 
-2049.28 
-2040.68 
-2032.82 
-2024.195 
-2016.265 
-2007.485 
-1999.475 
-1990.7 
-1982.07 
-1973.23 
-1965.15 
-1956.24 
-1947.895 
-1938.925 
-1930.645 
-1921.64 
-1913.6 
-1904.565 
-1896.14 
-1887.02 
-1878.5 
-1869.385 
-1860.915 
-1851.65 
-1842.625 
-1833.365 
-1824.795 
-1815.54 
-1806.88 
-1797.635 
-1788.98 
-1779.655 
-1771.39 
-1762.055 
-1753.335 
-1744.005 
-1735.315 
-1725.905 
-1717.17 
-1707.875 
-1698.66 
-1689.255 
-1680.545 
-1671.12 
-1662.37 
-1653.005 
-1644.405 
-1634.94 
-1626.625 
-1617.205 
-1608.6 
-1599.195 
-1590.57 
-1581.23 
-1572.6 
-1563.41 
-1554.285 
-1545.015 
-1536.57 
-1527.265 
-1518.725 
-1509.515 
-1501.09 
-1491.905 
-1483.915 
-1474.86 
-1466.52 
-1457.44 
-1449.06 
-1440.075 
-1431.915 
-1422.935 
-1414.275 
-1405.415 
-1397.27 
-1388.45 
-1380.37 
-1371.59 
-1363.58 
-1354.91 
-1347.28 
-1338.68 
-1330.78 
-1322.235 
-1314.335 
-1305.86 
-1298.135 
-1289.67 
-1281.455 
-1273.15 
-1265.505 
-1257.145 
-1249.52 
-1241.34 
-1233.79 
-1225.565 
-1218.495 
-1210.355 
-1202.94 
-1194.89 
-1187.555 
-1179.445 
-1172.155 
-1164.145 
-1156.43 
-1148.58 
-1141.35 
-1133.49 
-1126.25 
-1118.535 
-1111.395 
-1103.61 
-1096.945 
-1089.22 
-1082.24 
-1074.5 
-1067.585 
-1059.935 
-1053.065 
-1045.49 
-1038.085 
-1030.535 
-1023.785 
-1016.245 
-1009.465 
-1001.925 
-995.185 
-987.735 
-981.405 
-974.04 
-967.345 
-960.005 
-953.305 
-945.965 
-939.385 
-932.1 
-925.025 
-917.87 
-911.255 
-903.985 
-897.405 
-890.27 
-883.81 
-876.67 
-870.61 
-863.435 
-857.065 
-849.965 
-843.53 
-836.535 
-830.18 
-823.17 
-816.37 
-809.505 
-803.27 
-796.175 
-789.965 
-783.045 
-776.855 
-769.96 
-764.305 
-757.44 
-751.345 
-744.545 
-738.445 
-731.73 
-725.67 
-718.94 
-712.43 
-705.86 
-699.89 
-693.31 
-687.345 
-680.725 
-674.87 
-668.285 
-662.73 
-656.315 
-650.54 
-644.05 
-638.225 
-631.825 
-626.14 
-619.725 
-613.595 
-607.205 
-601.61 
-595.255 
-589.635 
-583.35 
-577.805 
-571.53 
-566.395 
-560.13 
-554.695 
-548.52 
-543.025 
-536.885 
-531.43 
-525.335 
-519.465 
-513.365 
-508.015 
-501.99 
-496.69 
-490.7 
-485.335 
-479.385 
-474.535 
-468.575 
-463.32 
-457.4 
-452.19 
-446.335 
-441.24 
-435.39 
-429.78 
-423.925 
-419.0 
-413.215 
-408.02 
-402.365 
-397.34 
-391.58 
-387.005 
-381.42 
-376.46 
-370.81 
-365.905 
-360.305 
-355.465 
-349.915 
-344.62 
-339.065 
-334.24 
-328.79 
-323.95 
-318.5 
-313.805 
-308.37 
-304.055 
-298.655 
-294.1 
-288.685 
-284.055 
-278.8 
-274.23 
-268.945 
-263.87 
-258.8 
-254.3 
-249.03 
-244.545 
-239.415 
-234.97 
-229.905 
-225.9 
-220.855 
-216.485 
-211.49 
-207.13 
-202.215 
-197.96 
-192.955 
-188.275 
-183.38 
-179.15 
-174.3 
-170.165 
-165.325 
-161.215 
-156.415 
-152.815 
-147.965 
-144.04 
-139.3 
-135.18 
-130.57 
-126.625 
-121.985 
-117.58 
-112.99 
-109.115 
-104.455 
-100.62 
-96.1 
-92.24 
-87.74 
-84.29 
-79.885 
-76.12 
-71.67 
-67.975 
-63.55 
-59.91 
-55.48 
-51.325 
-46.995 
-43.405 
-39.045 
-35.415 
-31.155 
-27.605 
-23.39 
-20.195 
-15.985 
-12.545 
-8.305 
-4.845 
-0.76 
2.62 
6.76 
10.695 
14.69 
18.05 
22.105 
25.455 
29.505 
32.815 
36.81 
39.67 
43.62 
46.89 
50.84 
54.095 
58.005 
61.185 
65.025 
68.73 
72.615 
75.76 
79.59 
82.795 
86.625 
89.79 
93.625 
96.3 
100.07 
103.18 
106.985 
110.06 
113.805 
116.97 
120.67 
124.18 
127.865 
130.945 
134.74 
137.815 
141.54 
144.63 
148.345 
150.865 
154.555 
157.595 
161.3 
164.305 
168.045 
170.965 
174.665 
178.135 
181.845 
184.8 
188.465 
191.445 
195.03 
198.03 
201.74 
204.26 
207.92 
210.84 
214.425 
217.455 
221.05 
223.945 
227.585 
230.88 
234.525 
237.41 
241.05 
243.965 
247.525 
250.31 
253.945 
256.37 
259.875 
262.785 
266.31 
269.08 
272.65 
275.46 
278.97 
282.22 
285.74 
288.44 
291.91 
294.7 
298.135 
300.86 
304.29 
306.575 
309.965 
312.615 
316.01 
318.715 
322.005 
324.665 
328.01 
331.025 
334.28 
336.92 
340.115 
342.745 
345.98 
348.495 
351.865 
353.89 
357.09 
359.54 
362.685 
365.25 
368.375 
370.875 
373.985 
376.8 
379.935 
382.345 
385.505 
387.885 
390.935 
393.28 
396.375 
398.465 
401.485 
403.825 
406.84 
409.175 
412.125 
414.53 
417.495 
420.28 
423.26 
425.515 
428.56 
430.925 
433.9 
436.145 
439.165 
440.985 
444.01 
446.23 
449.185 
451.415 
454.42 
456.605 
459.58 
462.365 
465.28 
467.475 
470.435 
472.715 
475.67 
477.905 
480.835 
482.735 
485.68 
487.84 
490.81 
493.065 
495.985 
498.17 
501.11 
503.755 
506.67 
508.805 
511.77 
514.08 
516.91 
519.045 
522.02 
523.755 
526.625 
528.815 
531.62 
533.775 
536.625 
538.78 
541.595 
544.2 
547.01 
549.02 
551.845 
553.985 
556.75 
558.825 
561.485 
563.07 
565.88 
567.8 
570.485 
572.495 
575.125 
576.995 
579.69 
582.07 
584.63 
586.535 
589.005 
590.92 
593.43 
595.325 
597.87 
599.255 
601.68 
603.35 
605.835 
607.66 
609.985 
611.77 
614.24 
616.3 
618.66 
620.38 
622.79 
624.485 
626.795 
628.525 
630.83 
632.04 
634.37 
635.96 
638.23 
639.875 
642.13 
643.705 
646.005 
648.055 
650.26 
651.83 
654.14 
655.725 
658.005 
659.555 
661.79 
662.95 
665.19 
666.695 
668.96 
670.54 
672.76 
674.285 
676.57 
678.56 
680.79 
682.295 
684.5 
686.095 
688.265 
689.855 
692.06 
693.3 
695.465 
697.02 
699.21 
700.83 
703.015 
704.525 
706.775 
708.645 
710.91 
712.425 
714.66 
716.18 
718.355 
719.865 
722.125 
723.21 
725.41 
726.92 
729.11 
730.515 
732.74 
734.27 
736.385 
738.305 
740.44 
741.825 
743.985 
745.45 
747.58 
748.985 
751.05 
752.075 
754.08 
755.45 
757.535 
758.925 
760.91 
762.21 
764.235 
765.935 
767.965 
769.24 
771.19 
772.415 
774.43 
775.575 
777.54 
778.37 
780.23 
781.395 
783.31 
784.495 
786.38 
787.52 
789.28 
790.86 
792.75 
793.85 
795.695 
796.785 
798.61 
799.695 
801.455 
802.145 
803.915 
804.97 
806.78 
807.86 
809.64 
810.71 
812.48 
813.94 
815.605 
816.63 
818.445 
819.53 
821.25 
822.285 
824.01 
824.535 
826.255 
827.345 
829.035 
830.16 
831.8 
832.805 
834.485 
835.99 
837.725 
838.745 
840.435 
841.465 
843.145 
844.14 
845.89 
846.535 
848.125 
849.095 
850.79 
851.84 
853.485 
854.465 
856.15 
857.585 
859.33 
860.215 
861.95 
862.935 
864.585 
865.575 
867.24 
867.7 
869.38 
870.295 
871.935 
872.915 
874.48 
875.445 
876.995 
878.385 
879.92 
880.745 
882.36 
883.265 
884.765 
885.665 
887.155 
887.675 
889.19 
890.005 
891.46 
892.33 
893.705 
894.515 
895.94 
897.15 
898.685 
899.345 
900.805 
901.495 
902.915 
903.585 
905.03 
905.33 
906.62 
907.38 
908.69 
909.365 
910.745 
911.46 
912.7 
913.875 
915.245 
915.885 
917.21 
917.91 
919.25 
919.87 
921.175 
921.505 
922.785 
923.475 
924.755 
925.5 
926.775 
927.415 
928.805 
929.88 
931.215 
931.825 
933.235 
934.02 
935.35 
936.025 
937.34 
937.675 
939.07 
939.715 
941.18 
941.875 
943.26 
943.95 
945.335 
946.515 
948.005 
948.75 
950.075 
950.83 
952.32 
953.065 
954.55 
954.915 
956.315 
957.08 
958.51 
959.345 
960.805 
961.575 
963.01 
964.285 
965.645 
966.52 
968.0 
968.83 
970.32 
971.085 
972.635 
972.96 
974.44 
975.25 
976.76 
977.57 
979.005 
979.81 
981.29 
982.51 
983.965 
984.695 
986.175 
987.025 
988.485 
989.275 
990.675 
991.06 
992.47 
993.165 
994.665 
995.405 
996.845 
997.505 
998.89 
1000.045 
1001.44 
1002.115 
1003.53 
1004.195 
1005.545 
1006.205 
1007.61 
1007.815 
1009.115 
1009.705 
1011.08 
1011.68 
1013.01 
1013.62 
1014.91 
1015.915 
1017.235 
1017.8 
1019.12 
1019.75 
1020.915 
1021.45 
1022.66 
1022.99 
1024.155 
1024.71 
1025.855 
1026.47 
1027.605 
1028.125 
1029.315 
1030.3 
1031.43 
1031.905 
1033.16 
1033.655 
1034.845 
1035.275 
1036.445 
1036.5 
1037.54 
1038.06 
1039.175 
1039.67 
1040.74 
1041.16 
1042.27 
1043.18 
1044.25 
1044.71 
1045.775 
1046.195 
1047.305 
1047.725 
1048.815 
1048.815 
1049.87 
1050.24 
1051.325 
1051.69 
1052.785 
1053.15 
1054.16 
1054.985 
1056.065 
1056.415 
1057.47 
1057.885 
1058.84 
1059.165 
1060.235 
1060.135 
1061.215 
1061.545 
1062.5 
1062.89 
1063.87 
1064.205 
1065.175 
1065.965 
1066.975 
1067.32 
1068.26 
1068.605 
1069.58 
1069.87 
1070.795 
1070.68 
1071.62 
1071.98 
1072.875 
1073.21 
1074.095 
1074.355 
1075.375 
1076.03 
1076.94 
1077.18 
1078.145 
1078.37 
1079.285 
1079.59 
1080.5 
1080.31 
1081.22 
1081.43 
1082.395 
1082.615 
1083.445 
1083.66 
1084.605 
1085.22 
1086.175 
1086.405 
1087.255 
1087.605 
1088.495 
1088.68 
1089.605 
1089.36 
1090.295 
1090.51 
1091.355 
1091.685 
1092.475 
1092.79 
1093.62 
1094.3 
1095.18 
1095.33 
1096.22 
1096.47 
1097.45 
1097.6 
1098.505 
1098.285 
1099.165 
1099.325 
1100.25 
1100.485 
1101.32 
1101.465 
1102.4 
1103.09 
1103.865 
1104.015 
1104.93 
1105.12 
1106.01 
1106.12 
1107.045 
1107.01 
1107.79 
1107.905 
1108.765 
1109.045 
1109.855 
1110.045 
1110.86 
1111.455 
1112.335 
1112.525 
1113.39 
1113.595 
1114.475 
1114.615 
1115.525 
1115.325 
1116.125 
1116.315 
1117.125 
1117.335 
1118.21 
1118.39 
1119.28 
1120.005 
1120.805 
1121.025 
1121.91 
1122.15 
1123.05 
1123.205 
1124.12 
1123.905 
1124.81 
1125.05 
1125.975 
1126.175 
1127.055 
1127.36 
1128.245 
1128.955 
1129.855 
1130.1 
1131.06 
1131.285 
1132.225 
1132.44 
1133.51 
1133.32 
1134.23 
1134.52 
1135.455 
1135.755 
1136.635 
1136.92 
1137.925 
1138.63 
1139.585 
1139.84 
1140.82 
1141.15 
1142.065 
1142.31 
1143.335 
1143.175 
1144.125 
1144.415 
1145.36 
1145.67 
1146.53 
1146.8 
1147.78 
1148.44 
1149.345 
1149.6 
1150.545 
1150.785 
1151.72 
1151.86 
1152.785 
1152.605 
1153.48 
1153.63 
1154.46 
1154.665 
1155.49 
1155.66 
1156.43 
1157.085 
1157.87 
1157.94 
1158.78 
1158.795 
1159.62 
1159.7 
1160.49 
1160.175 
1160.84 
1160.89 
1161.615 
1161.745 
1162.38 
1162.48 
1163.135 
1163.605 
1164.295 
1164.26 
1164.97 
1165.06 
1165.67 
1165.59 
1166.28 
1165.92 
1166.55 
1166.49 
1167.155 
1167.155 
1167.785 
1167.725 
1168.36 
1168.89 
1169.505 
1169.425 
1170.175 
1170.025 
1170.77 
1170.7 
1171.37 
1170.925 
1171.595 
1171.575 
1172.245 
1172.28 
1172.91 
1172.86 
1173.56 
1173.98 
1174.665 
1174.69 
1175.355 
1175.275 
1176.035 
1176.025 
1176.785 
1176.33 
1177.005 
1177.055 
1177.715 
1177.785 
1178.435 
1178.455 
1179.22 
1179.615 
1180.28 
1180.33 
1181.085 
1181.105 
1181.84 
1181.835 
1182.57 
1182.18 
1182.805 
1182.805 
1183.56 
1183.54 
1184.24 
1184.22 
1184.915 
1185.38 
1185.98 
1185.94 
1186.655 
1186.675 
1187.275 
1187.195 
1187.855 
1187.36 
1187.955 
1187.875 
1188.47 
1188.37 
1188.915 
1188.79 
1189.295 
1189.63 
1190.22 
1189.96 
1190.545 
1190.34 
1190.875 
1190.66 
1191.17 
1190.575 
1191.02 
1190.805 
1191.335 
1191.14 
1191.56 
1191.325 
1191.77 
1191.94 
1192.355 
1192.145 
1192.62 
1192.37 
1192.78 
1192.465 
1193.005 
1192.29 
1192.755 
1192.515 
1192.98 
1192.715 
1193.21 
1192.95 
1193.45 
1193.705 
1194.18 
1193.94 
1194.435 
1194.225 
1194.685 
1194.545 
1195.085 
1194.53 
1195.11 
1194.945 
1195.54 
1195.375 
1195.865 
1195.755 
1196.415 
1196.795 
1197.33 
1197.245 
1197.87 
1197.765 
1198.43 
1198.41 
1199.04 
1198.67 
1199.265 
1199.24 
1199.915 
1199.905 
1200.56 
1200.52 
1201.285 
1201.73 
1202.36 
1202.335 
1203.095 
1203.13 
1203.79 
1203.765 
1204.475 
1204.185 
1204.865 
1204.81 
1205.495 
1205.43 
1206.135 
1206.055 
1206.815 
1207.095 
1207.78 
1207.64 
1208.3 
1208.26 
1208.83 
1208.755 
1209.32 
1208.79 
1209.39 
1209.19 
1209.745 
1209.555 
1210.07 
1209.795 
1210.26 
1210.585 
1211.065 
1210.79 
1211.215 
1210.965 
1211.43 
1211.09 
1211.45 
1210.85 
1211.22 
1210.825 
1211.185 
1210.88 
1211.24 
1210.875 
1211.205 
1211.285 
1211.63 
1211.32 
1211.62 
1211.32 
1211.6 
1211.21 
1211.515 
1210.775 
1211.085 
1210.715 
1210.965 
1210.61 
1210.97 
1210.605 
1210.92 
1211.025 
1211.315 
1210.975 
1211.38 
1211.05 
1211.38 
1211.045 
1211.425 
1210.715 
1211.175 
1210.795 
1211.275 
1210.975 
1211.395 
1210.995 
1211.505 
1211.705 
1212.16 
1211.845 
1212.375 
1212.115 
1212.615 
1212.325 
1212.88 
1212.285 
1212.815 
1212.515 
1213.01 
1212.94 
1213.5 
1213.27 
1213.72 
1214.045 
1214.615 
1214.38 
1214.995 
1214.875 
1215.385 
1215.185 
1215.815 
1215.28 
1215.84 
1215.655 
1216.155 
1216.015 
1216.555 
1216.375 
1216.895 
1217.2 
1217.655 
1217.47 
1217.95 
1217.76 
1218.265 
1218.0 
1218.545 
1217.97 
1218.33 
1218.105 
1218.58 
1218.275 
1218.745 
1218.425 
1218.86 
1219.05 
1219.41 
1219.065 
1219.405 
1219.155 
1219.52 
1219.2 
1219.56 
1218.875 
1219.215 
1218.865 
1219.235 
1218.86 
1219.15 
1218.755 
1219.12 
1219.165 
1219.59 
1219.09 
1219.55 
1219.12 
1219.515 
1219.06 
1219.475 
1218.69 
1219.14 
1218.69 
1219.15 
1218.77 
1219.205 
1218.83 
1219.23 
1219.455 
1219.88 
1219.445 
1219.99 
1219.74 
1220.175 
1219.965 
1220.365 
1219.785 
1220.295 
1220.005 
1220.615 
1220.41 
1220.875 
1220.7 
1221.22 
1221.53 
1222.09 
1221.945 
1222.455 
1222.37 
1222.9 
1222.835 
1223.445 
1222.945 
1223.5 
1223.355 
1223.965 
1223.895 
1224.56 
1224.45 
1225.115 
1225.455 
1226.065 
1225.975 
1226.61 
1226.585 
1227.185 
1227.005 
1227.765 
1227.315 
1227.795 
1227.715 
1228.295 
1228.18 
1228.805 
1228.695 
1229.245 
1229.565 
1230.14 
1229.915 
1230.49 
1230.36 
1230.91 
1230.675 
1231.175 
1230.54 
1231.055 
1230.785 
1231.255 
1231.055 
1231.48 
1231.2 
1231.635 
1231.805 
1232.225 
1231.92 
1232.29 
1232.0 
1232.34 
1232.05 
1232.45 
1231.685 
1232.055 
1231.65 
1231.97 
1231.73 
1232.0 
1231.615 
1231.915 
1231.98 
1232.345 
1231.925 
1232.285 
1231.89 
1232.28 
1231.785 
1232.13 
1231.355 
1231.73 
1231.29 
1231.59 
1231.23 
1231.56 
1231.24 
1231.59 
1231.69 
1232.015 
1231.655 
1232.075 
1231.7 
1232.055 
1231.76 
1232.06 
1231.51 
1231.875 
1231.565 
1232.01 
1231.72 
1232.105 
1231.825 
1232.29 
1232.49 
1232.925 
1232.555 
1233.03 
1232.795 
1233.245 
1232.94 
1233.465 
1232.825 
1233.33 
1232.985 
1233.525 
1233.34 
1233.79 
1233.505 
1234.005 
1234.235 
1234.7 
1234.435 
1234.99 
1234.755 
1235.21 
1234.965 
1235.4 
1234.93 
1235.39 
1235.13 
1235.555 
1235.325 
1235.83 
1235.615 
1236.02 
1236.27 
1236.67 
1236.355 
1236.81 
1236.61 
1237.04 
1236.725 
1237.145 
1236.47 
1236.915 
1236.505 
1236.925 
1236.695 
1237.055 
1236.7 
1237.16 
1237.265 
1237.605 
1237.28 
1237.635 
1237.33 
1237.65 
1237.315 
1237.69 
1237.005 
1237.335 
1236.935 
1237.36 
1236.975 
1237.385 
1236.95 
1237.315 
1237.425 
1237.78 
1237.43 
1237.795 
1237.53 
1237.845 
1237.5 
1237.875 
1237.2 
1237.61 
1237.26 
1237.62 
1237.33 
1237.745 
1237.48 
1237.88 
1238.07 
1238.475 
1238.11 
1238.585 
1238.375 
1238.8 
1238.555 
1238.95 
1238.345 
1238.87 
1238.575 
1239.03 
1238.855 
1239.26 
1239.04 
1239.465 
1239.72 
1240.25 
1239.975 
1240.47 
1240.25 
1240.735 
1240.525 
1241.04 
1240.415 
1240.92 
1240.665 
1241.125 
1240.965 
1241.465 
1241.17 
1241.63 
1241.88 
1242.37 
1242.155 
1242.61 
1242.455 
1242.83 
1242.625 
1243.135 
1242.54 
1242.98 
1242.685 
1243.11 
1242.87 
1243.315 
1242.985 
1243.405 
1243.615 
1243.96 
1243.61 
1244.04 
1243.72 
1244.14 
1243.765 
1244.165 
1243.43 
1243.805 
1243.41 
1243.73 
1243.375 
1243.73 
1243.255 
1243.63 
1243.715 
1244.01 
1243.605 
1243.885 
1243.48 
1243.735 
1243.355 
1243.625 
1242.87 
1243.175 
1242.705 
1242.985 
1242.645 
1242.895 
1242.48 
1242.72 
1242.73 
1243.125 
1242.585 
1242.895 
1242.58 
1242.835 
1242.4 
1242.72 
1241.975 
1242.195 
1241.82 
1242.17 
1241.755 
1242.065 
1241.68 
1242.0 
1242.06 
1242.41 
1242.02 
1242.365 
1242.075 
1242.375 
1242.05 
1242.345 
1241.68 
1242.04 
1241.7 
1242.005 
1241.685 
1242.05 
1241.67 
1242.035 
1242.165 
1242.595 
1242.21 
1242.635 
1242.275 
1242.705 
1242.35 
1242.775 
1242.09 
1242.475 
1242.095 
1242.53 
1242.21 
1242.63 
1242.385 
1242.68 
1242.9 
1243.27 
1242.915 
1243.36 
1243.175 
1243.54 
1243.26 
1243.685 
1243.015 
1243.455 
1243.115 
1243.555 
1243.305 
1243.65 
1243.37 
1243.755 
1243.93 
1244.32 
1244.075 
1244.515 
1244.265 
1244.73 
1244.345 
1244.805 
1244.13 
1244.52 
1244.215 
1244.64 
1244.425 
1244.795 
1244.42 
1244.845 
1245.085 
1245.505 
1245.225 
1245.655 
1245.33 
1245.765 
1245.485 
1245.965 
1245.445 
1245.82 
1245.45 
1245.96 
1245.72 
1246.165 
1245.865 
1246.25 
1246.525 
1246.98 
1246.67 
1247.13 
1246.9 
1247.34 
1247.06 
1247.595 
1246.96 
1247.49 
1247.185 
1247.61 
1247.405 
1247.87 
1247.685 
1248.13 
1248.39 
1248.935 
1248.6 
1249.11 
1248.95 
1249.4 
1249.2 
1249.705 
1249.14 
1249.59 
1249.365 
1249.835 
1249.625 
1250.08 
1249.84 
1250.37 
1250.54 
1251.065 
1250.77 
1251.315 
1251.02 
1251.51 
1251.25 
1251.79 
1251.075 
1251.54 
1251.255 
1251.71 
1251.465 
1251.945 
1251.685 
1252.09 
1252.345 
1252.73 
1252.485 
1252.965 
1252.78 
1253.115 
1252.815 
1253.25 
1252.625 
1253.075 
1252.745 
1253.245 
1252.92 
1253.28 
1253.08 
1253.485 
1253.65 
1254.04 
1253.72 
1254.115 
1253.85 
1254.295 
1254.0 
1254.395 
1253.7 
1254.065 
1253.735 
1254.145 
1253.925 
1254.335 
1253.91 
1254.375 
1254.525 
1254.89 
1254.6 
1255.0 
1254.705 
1255.08 
1254.845 
1255.25 
1254.58 
1254.925 
1254.62 
1255.005 
1254.81 
1255.19 
1254.92 
1255.235 
1255.44 
1255.81 
1255.485 
1255.91 
1255.64 
1256.025 
1255.745 
1256.135 
1255.43 
1255.82 
1255.545 
1255.855 
1255.64 
1255.985 
1255.675 
1256.065 
1256.205 
1256.58 
1256.215 
1256.61 
1256.28 
1256.58 
1256.235 
1256.6 
1255.96 
1256.3 
1255.9 
1256.23 
1255.85 
1256.115 
1255.715 
1256.07 
1256.11 
1256.475 
1255.94 
1256.235 
1255.845 
1256.105 
1255.7 
1255.965 
1255.11 
1255.375 
1254.92 
1255.165 
1254.725 
1255.01 
1254.555 
1254.7 
1254.775 
1254.975 
1254.57 
1254.865 
1254.38 
1254.565 
1254.12 
1254.395 
1253.64 
1253.9 
1253.41 
1253.605 
1253.21 
1253.45 
1253.0 
1253.265 
1253.285 
1253.555 
1253.14 
1253.365 
1252.98 
1253.295 
1252.855 
1253.14 
1252.295 
1252.565 
1252.215 
1252.465 
1252.165 
1252.4 
1252.045 
1252.37 
1252.495 
1252.795 
1252.42 
1252.68 
1252.39 
1252.745 
1252.405 
1252.76 
1252.09 
1252.4 
1252.08 
1252.41 
1252.17 
1252.515 
1252.15 
1252.545 
1252.67 
1253.125 
1252.805 
1253.22 
1252.985 
1253.39 
1253.025 
1253.46 
1252.77 
1253.22 
1252.89 
1253.285 
1253.01 
1253.465 
1253.175 
1253.545 
1253.745 
1254.095 
1253.81 
1254.245 
1254.015 
1254.39 
1254.065 
1254.435 
1253.775 
1254.1 
1253.795 
1254.165 
1253.81 
1254.14 
1253.815 
1254.195 
1254.32 
1254.685 
1254.285 
1254.61 
1254.31 
1254.55 
1254.18 
1254.525 
1253.735 
1254.1 
1253.655 
1253.955 
1253.64 
1253.895 
1253.515 
1253.8 
1253.875 
1254.165 
1253.79 
1254.125 
1253.765 
1254.01 
1253.645 
1253.96 
1253.285 
1253.555 
1253.24 
1253.57 
1253.135 
1253.49 
1253.05 
1253.445 
1253.53 
1253.865 
1253.46 
1253.81 
1253.475 
1253.885 
1253.42 
1253.8 
1253.175 
1253.455 
1253.065 
1253.54 
1253.215 
1253.6 
1253.16 
1253.565 
1253.725 
1254.175 
1253.805 
1254.22 
1253.915 
1254.35 
1253.995 
1254.51 
1253.815 
1254.205 
1253.93 
1254.32 
1254.08 
1254.535 
1254.195 
1254.615 
1254.825 
1255.23 
1254.955 
1255.365 
1255.16 
1255.55 
1255.285 
1255.72 
1255.08 
1255.49 
1255.19 
1255.58 
1255.325 
1255.78 
1255.49 
1255.89 
1256.065 
1256.39 
1256.075 
1256.48 
1256.27 
1256.65 
1256.33 
1256.71 
1255.99 
1256.385 
1255.995 
1256.415 
1256.09 
1256.365 
1255.96 
1256.395 
1256.475 
1256.825 
1256.365 
1256.705 
1256.32 
1256.65 
1256.185 
1256.57 
1255.815 
1256.115 
1255.635 
1255.955 
1255.575 
1255.915 
1255.455 
1255.745 
1255.805 
1256.075 
1255.62 
1256.015 
1255.595 
1255.915 
1255.44 
1255.735 
1255.015 
1255.275 
1254.92 
1255.23 
1254.83 
1255.08 
1254.705 
1255.015 
1255.045 
1255.415 
1254.975 
1255.275 
1254.95 
1255.27 
1254.89 
1255.215 
1254.45 
1254.855 
1254.455 
1254.765 
1254.495 
1254.74 
1254.425 
1254.71 
1254.86 
1255.235 
1254.9 
1255.22 
1254.85 
1255.21 
1254.905 
1255.23 
1254.635 
1254.95 
1254.58 
1254.94 
1254.6 
1254.995 
1254.61 
1255.005 
1255.08 
1255.495 
1254.985 
1255.395 
1255.1 
1255.455 
1255.01 
1255.43 
1254.75 
1255.02 
1254.685 
1254.995 
1254.63 
1254.93 
1254.545 
1254.855 
1254.96 
1255.28 
1254.87 
1255.21 
1254.835 
1255.155 
1254.73 
1255.025 
1254.265 
1254.545 
1254.1 
1254.35 
1253.975 
1254.25 
1253.73 
1254.055 
1254.085 
1254.285 
1253.81 
1254.015 
1253.64 
1253.935 
1253.51 
1253.755 
1252.905 
1253.115 
1252.605 
1252.87 
1252.46 
1252.765 
1252.305 
1252.585 
1252.595 
1252.83 
1252.45 
1252.69 
1252.325 
1252.575 
1252.155 
1252.47 
1251.705 
1251.965 
1251.58 
1251.915 
1251.43 
1251.78 
1251.335 
1251.665 
1251.815 
1252.085 
1251.66 
1252.065 
1251.73 
1252.01 
1251.61 
1252.025 
1251.24 
1251.665 
1251.235 
1251.62 
1251.29 
1251.605 
1251.26 
1251.64 
1251.75 
1252.095 
1251.73 
1252.11 
1251.79 
1252.13 
1251.79 
1252.145 
1251.465 
1251.875 
1251.52 
1251.895 
1251.54 
1251.89 
1251.535 
1251.92 
1251.97 
1252.4 
1252.0 
1252.355 
1252.035 
1252.385 
1252.05 
1252.445 
1251.65 
1252.085 
1251.625 
1251.99 
1251.66 
1251.93 
1251.6 
1251.955 
1252.035 
1252.38 
1251.925 
1252.325 
1252.025 
1252.35 
1251.925 
1252.26 
1251.585 
1251.895 
1251.46 
1251.825 
1251.425 
1251.765 
1251.335 
1251.7 
1251.73 
1252.15 
1251.715 
1252.01 
1251.66 
1252.07 
1251.645 
1251.945 
1251.21 
1251.56 
1251.135 
1251.485 
1251.16 
1251.56 
1251.17 
1251.575 
1251.685 
1252.09 
1251.75 
1252.14 
1251.815 
1252.21 
1251.865 
1252.295 
1251.61 
1252.03 
1251.77 
1252.13 
1251.845 
1252.235 
1251.965 
1252.385 
1252.55 
1252.91 
1252.59 
1253.075 
1252.91 
1253.23 
1252.98 
1253.42 
1252.635 
1253.145 
1252.82 
1253.19 
1252.95 
1253.385 
1253.04 
1253.42 
1253.64 
1253.995 
1253.62 
1254.03 
1253.7 
1254.13 
1253.77 
1254.155 
1253.46 
1253.83 
1253.345 
1253.775 
1253.315 
1253.73 
1253.285 
1253.675 
1253.715 
1254.05 
1253.6 
1253.935 
1253.52 
1253.79 
1253.31 
1253.63 
1252.795 
1253.025 
1252.555 
1252.83 
1252.365 
1252.595 
1252.12 
1252.36 
1252.345 
1252.55 
1252.07 
1252.21 
1251.79 
1251.94 
1251.52 
1251.69 
1250.765 
1250.92 
1250.505 
1250.605 
1250.155 
1250.285 
1249.735 
1249.925 
1249.87 
1249.99 
1249.52 
1249.665 
1249.195 
1249.36 
1248.84 
1249.035 
1248.07 
1248.315 
1247.795 
1247.98 
1247.535 
1247.665 
1247.165 
1247.3 
1247.295 
1247.52 
1247.03 
1247.35 
1246.775 
1247.0 
1246.48 
1246.695 
1245.95 
1246.155 
1245.73 
1245.885 
1245.4 
1245.66 
1245.14 
1245.42 
1245.365 
1245.575 
1245.075 
1245.38 
1244.905 
1245.05 
1244.57 
1244.85 
1243.935 
1244.165 
1243.615 
1243.86 
1243.35 
1243.52 
1242.94 
1243.195 
1243.135 
1243.28 
1242.755 
1242.895 
1242.375 
1242.475 
1241.93 
1242.14 
1241.175 
1241.295 
1240.725 
1240.845 
1240.33 
1240.415 
1239.795 
1239.95 
1239.79 
1239.865 
1239.31 
1239.4 
1238.855 
1238.915 
1238.335 
1238.515 
1237.45 
1237.515 
1236.92 
1237.055 
1236.445 
1236.61 
1236.0 
1236.135 
1236.035 
1236.04 
1235.44 
1235.615 
1235.04 
1235.15 
1234.64 
1234.745 
1233.785 
1233.91 
1233.37 
1233.51 
1233.035 
1233.195 
1232.58 
1232.845 
1232.795 
1233.0 
1232.505 
1232.695 
1232.195 
1232.47 
1232.02 
1232.315 
1231.425 
1231.65 
1231.2 
1231.525 
1231.135 
1231.435 
1231.075 
1231.335 
1231.405 
1231.69 
1231.385 
1231.715 
1231.425 
1231.7 
1231.455 
1231.76 
1231.04 
1231.41 
1231.145 
1231.49 
1231.165 
1231.615 
1231.23 
1231.675 
1231.725 
1232.11 
1231.82 
1232.27 
1231.93 
1232.34 
1232.0 
1232.38 
1231.62 
1232.045 
1231.695 
1232.04 
1231.79 
1232.145 
1231.77 
1232.1 
1232.22 
1232.59 
1232.2 
1232.515 
1232.19 
1232.48 
1232.155 
1232.455 
1231.75 
1231.995 
1231.595 
1231.935 
1231.5 
1231.835 
1231.32 
1231.595 
1231.71 
1231.895 
1231.43 
1231.77 
1231.315 
1231.57 
1231.04 
1231.295 
1230.475 
