Run 0 on 20200811 on sample T20-5d, LT thermometer,  dT/T0 = 0.02
Time per point = 3.125e-05 seconds
8569.76 
8569.065 
8569.165 
8568.655 
8568.655 
8567.99 
8568.07 
8567.145 
8567.12 
8566.57 
8566.66 
8566.13 
8566.195 
8565.695 
8565.87 
8565.78 
8565.88 
8565.36 
8565.605 
8565.17 
8565.435 
8565.03 
8565.375 
8564.575 
8564.965 
8564.59 
8565.03 
8564.825 
8565.21 
8565.07 
8565.5 
8565.88 
8566.445 
8566.405 
8567.025 
8567.015 
8567.72 
8567.785 
8568.54 
8568.305 
8569.165 
8569.28 
8570.065 
8570.32 
8571.21 
8571.46 
8572.355 
8573.03 
8573.985 
8574.29 
8575.215 
8575.575 
8576.44 
8576.755 
8577.71 
8577.63 
8578.585 
8578.73 
8579.675 
8579.895 
8580.845 
8580.99 
8581.77 
8582.325 
8583.075 
8583.14 
8583.83 
8583.955 
8584.535 
8584.46 
8585.01 
8584.6 
8585.05 
8584.81 
8585.24 
8584.99 
8585.285 
8584.915 
8585.295 
8585.27 
8585.46 
8584.955 
8585.14 
8584.56 
8584.68 
8584.0 
8584.1 
8583.085 
8583.03 
8582.24 
8582.195 
8581.475 
8581.33 
8580.49 
8580.295 
8579.93 
8579.785 
8578.81 
8578.655 
8577.745 
8577.475 
8576.53 
8576.23 
8574.97 
8574.6 
8573.66 
8573.33 
8572.38 
8572.095 
8571.105 
8570.765 
8570.185 
8569.96 
8568.96 
8568.685 
8567.775 
8567.475 
8566.58 
8566.435 
8565.05 
8564.915 
8564.125 
8563.89 
8563.12 
8563.045 
8562.275 
8562.21 
8562.025 
8561.995 
8561.335 
8561.38 
8560.83 
8560.875 
8560.44 
8560.54 
8559.695 
8559.89 
8559.445 
8559.665 
8559.375 
8559.63 
8559.24 
8559.55 
8559.71 
8559.98 
8559.69 
8560.095 
8559.805 
8560.135 
8559.815 
8560.16 
8559.495 
8559.815 
8559.49 
8559.785 
8559.545 
8559.78 
8559.375 
8559.645 
8559.66 
8559.865 
8559.435 
8559.615 
8559.185 
8559.29 
8558.73 
8558.915 
8557.885 
8557.97 
8557.285 
8557.335 
8556.65 
8556.605 
8555.83 
8555.795 
8555.43 
8555.315 
8554.43 
8554.32 
8553.485 
8553.35 
8552.515 
8552.24 
8550.98 
8550.74 
8549.865 
8549.63 
8548.755 
8548.465 
8547.495 
8547.23 
8546.775 
8546.51 
8545.555 
8545.325 
8544.46 
8544.125 
8543.145 
8542.98 
8541.68 
8541.355 
8540.435 
8540.205 
8539.36 
8539.075 
8538.125 
8537.955 
8537.445 
8537.26 
8536.47 
8536.19 
8535.365 
8535.27 
8534.465 
8534.335 
8533.17 
8533.045 
8532.31 
8532.3 
8531.56 
8531.64 
8530.915 
8531.01 
8530.83 
8530.88 
8530.32 
8530.515 
8530.025 
8530.165 
8529.695 
8529.97 
8529.1 
8529.415 
8528.965 
8529.205 
8529.0 
8529.245 
8528.88 
8529.22 
8529.335 
8529.705 
8529.425 
8529.77 
8529.495 
8529.82 
8529.53 
8529.85 
8529.23 
8529.475 
8529.18 
8529.425 
8529.08 
8529.39 
8529.055 
8529.195 
8529.245 
8529.405 
8528.98 
8529.055 
8528.68 
8528.72 
8528.24 
8528.325 
8527.37 
8527.425 
8526.8 
8526.745 
8526.17 
8526.065 
8525.325 
8525.3 
8524.995 
8524.98 
8524.185 
8524.105 
8523.335 
8523.21 
8522.455 
8522.27 
8521.18 
8521.03 
8520.16 
8520.105 
8519.295 
8519.1 
8518.31 
8518.215 
8517.81 
8517.735 
8516.925 
8516.765 
8516.045 
8515.91 
8515.11 
8515.06 
8514.06 
8513.91 
8513.12 
8513.14 
8512.42 
8512.35 
8511.61 
8511.65 
8511.42 
8511.365 
8510.675 
8510.72 
8510.135 
8510.2 
8509.555 
8509.695 
8508.8 
8508.855 
8508.485 
8508.575 
8508.14 
8508.395 
8507.925 
8508.26 
8508.32 
8508.645 
8508.29 
8508.69 
8508.44 
8508.875 
8508.675 
8509.15 
8508.535 
8509.08 
8508.91 
8509.465 
8509.45 
8509.99 
8509.925 
8510.555 
8510.95 
8511.545 
8511.515 
8512.175 
8512.24 
8512.875 
8512.815 
8513.53 
8513.125 
8513.805 
8513.69 
8514.39 
8514.335 
8514.99 
8514.895 
8515.455 
8515.83 
8516.375 
8516.215 
8516.775 
8516.62 
8517.115 
8516.97 
8517.395 
8516.8 
8517.205 
8516.965 
8517.365 
8517.06 
8517.455 
8517.05 
8517.475 
8517.51 
8517.73 
8517.345 
8517.62 
8517.23 
8517.54 
8517.14 
8517.275 
8516.45 
8516.62 
8516.16 
8516.325 
8515.85 
8515.94 
8515.445 
8515.62 
8515.52 
8515.6 
8515.05 
8515.125 
8514.585 
8514.67 
8514.055 
8514.1 
8513.08 
8513.04 
8512.415 
8512.38 
8511.65 
8511.61 
8510.9 
8510.735 
8510.465 
8510.345 
8509.495 
8509.405 
8508.575 
8508.365 
8507.46 
8507.35 
8506.025 
8505.705 
8504.79 
8504.42 
8503.495 
8503.06 
8502.05 
8501.74 
8501.1 
8500.68 
8499.49 
8499.025 
8497.87 
8497.32 
8496.085 
8495.405 
8493.85 
8493.165 
8491.77 
8491.015 
8489.57 
8488.645 
8487.06 
8486.095 
8484.86 
8483.755 
8481.91 
8480.65 
8478.7 
8477.335 
8475.225 
8473.755 
8471.055 
8469.36 
8466.835 
8464.94 
8462.36 
8460.255 
8457.365 
8455.08 
8452.485 
8449.93 
8446.655 
8443.955 
8440.465 
8437.465 
8433.705 
8430.465 
8426.145 
8422.77 
8418.465 
8414.775 
8410.285 
8406.35 
8401.54 
8397.355 
8392.805 
8388.305 
8382.985 
8378.23 
8372.77 
8367.81 
8361.96 
8356.7 
8350.3 
8344.815 
8338.48 
8332.66 
8326.11 
8320.125 
8313.27 
8306.905 
8300.285 
8293.725 
8286.36 
8279.565 
8271.955 
8264.89 
8256.99 
8249.74 
8241.205 
8233.675 
8225.315 
8217.45 
8208.82 
8200.795 
8191.915 
8183.62 
8174.925 
8166.44 
8157.0 
8148.305 
8138.8 
8129.795 
8120.005 
8110.82 
8100.47 
8091.025 
8080.85 
8071.215 
8060.875 
8051.07 
8040.435 
8030.49 
8020.2 
8009.945 
7999.045 
7988.715 
7977.63 
7967.13 
7955.84 
7945.115 
7933.345 
7922.48 
7910.81 
7899.84 
7887.95 
7876.895 
7864.905 
7853.595 
7841.78 
7830.38 
7818.095 
7806.41 
7794.0 
7782.095 
7769.45 
7757.49 
7744.275 
7732.085 
7719.15 
7706.74 
7693.665 
7681.17 
7667.92 
7655.155 
7642.16 
7629.33 
7615.785 
7602.785 
7589.105 
7575.93 
7562.015 
7548.78 
7534.445 
7520.985 
7506.825 
7493.33 
7479.08 
7465.325 
7450.96 
7437.145 
7423.21 
7409.32 
7394.77 
7380.81 
7366.205 
7352.21 
7337.45 
7323.365 
7308.23 
7294.08 
7279.29 
7265.135 
7250.24 
7236.005 
7221.01 
7206.79 
7192.285 
7178.045 
7163.095 
7148.745 
7133.87 
7119.51 
7104.54 
7090.26 
7074.91 
7060.605 
7045.585 
7031.28 
7016.355 
7002.01 
6987.05 
6972.725 
6958.23 
6944.05 
6929.095 
6914.915 
6900.025 
6885.84 
6871.05 
6856.95 
6841.775 
6827.645 
6812.93 
6798.895 
6784.17 
6770.345 
6755.65 
6741.78 
6727.685 
6713.875 
6699.365 
6685.625 
6671.28 
6657.59 
6643.315 
6629.69 
6615.075 
6601.58 
6587.345 
6573.935 
6559.86 
6546.47 
6532.44 
6519.115 
6505.575 
6492.36 
6478.47 
6465.32 
6451.515 
6438.375 
6424.57 
6411.475 
6397.395 
6384.29 
6370.67 
6357.63 
6344.035 
6331.075 
6317.435 
6304.51 
6291.42 
6278.485 
6264.94 
6252.085 
6238.605 
6225.74 
6212.26 
6199.475 
6185.7 
6172.91 
6159.45 
6146.65 
6133.445 
6120.665 
6107.315 
6094.705 
6081.865 
6069.225 
6055.965 
6043.395 
6030.24 
6017.77 
6004.585 
5992.115 
5978.705 
5966.29 
5953.21 
5940.905 
5927.975 
5915.67 
5902.775 
5890.61 
5878.19 
5866.115 
5853.32 
5841.325 
5828.555 
5816.6 
5804.02 
5792.08 
5779.225 
5767.365 
5754.935 
5743.165 
5730.735 
5719.225 
5706.88 
5695.215 
5683.465 
5671.945 
5659.795 
5648.395 
5636.32 
5624.97 
5613.02 
5601.8 
5589.465 
5578.275 
5566.41 
5555.335 
5543.71 
5532.76 
5521.075 
5510.14 
5499.035 
5488.195 
5476.72 
5466.04 
5454.67 
5443.96 
5432.66 
5422.035 
5410.515 
5399.96 
5388.78 
5378.325 
5367.32 
5356.835 
5345.675 
5335.43 
5324.92 
5314.555 
5303.615 
5293.35 
5282.51 
5272.325 
5261.365 
5251.205 
5239.965 
5229.8 
5218.89 
5208.73 
5198.0 
5187.86 
5176.975 
5166.8 
5156.51 
5146.34 
5135.535 
5125.38 
5114.64 
5104.49 
5093.69 
5083.58 
5072.36 
5062.305 
5051.46 
5041.365 
5030.645 
5020.53 
5009.79 
4999.74 
4989.36 
4979.345 
4968.595 
4958.61 
4947.93 
4937.96 
4927.29 
4917.265 
4906.265 
4896.385 
4885.77 
4875.84 
4865.37 
4855.525 
4844.975 
4835.215 
4825.255 
4815.535 
4805.12 
4795.435 
4785.155 
4775.495 
4765.2 
4755.685 
4745.07 
4735.535 
4725.44 
4715.95 
4705.92 
4696.545 
4686.565 
4677.24 
4667.75 
4658.51 
4648.58 
4639.465 
4629.675 
4620.545 
4610.735 
4601.795 
4591.71 
4582.745 
4573.21 
4564.295 
4554.815 
4546.01 
4536.54 
4527.815 
4518.915 
4510.24 
4500.915 
4492.365 
4483.15 
4474.575 
4465.38 
4456.89 
4447.47 
4439.06 
4429.985 
4421.575 
4412.6 
4404.295 
4395.34 
4387.05 
4378.59 
4370.365 
4361.465 
4353.25 
4344.415 
4336.185 
4327.345 
4319.25 
4309.935 
4301.775 
4292.975 
4284.84 
4276.01 
4267.925 
4259.11 
4250.975 
4242.64 
4234.49 
4225.715 
4217.635 
4208.89 
4200.72 
4191.995 
4183.96 
4174.75 
4166.675 
4157.92 
4149.76 
4141.13 
4133.085 
4124.345 
4116.385 
4108.12 
4100.095 
4091.395 
4083.52 
4074.86 
4066.97 
4058.345 
4050.425 
4041.48 
4033.65 
4025.105 
4017.32 
4008.88 
4001.12 
3992.685 
3984.99 
3977.05 
3969.415 
3961.125 
3953.53 
3945.305 
3937.87 
3929.605 
3922.125 
3913.61 
3906.225 
3898.185 
3890.82 
3882.88 
3875.57 
3867.69 
3860.45 
3853.04 
3845.87 
3838.12 
3831.07 
3823.385 
3816.365 
3808.665 
3801.815 
3793.825 
3786.945 
3779.43 
3772.69 
3765.31 
3758.58 
3751.255 
3744.56 
3737.785 
3731.145 
3723.965 
3717.45 
3710.365 
3703.865 
3696.79 
3690.415 
3683.045 
3676.69 
3669.67 
3663.38 
3656.505 
3650.265 
3643.33 
3637.15 
3630.755 
3624.57 
3617.73 
3611.64 
3604.84 
3598.7 
3591.8 
3585.725 
3578.595 
3572.46 
3565.63 
3559.585 
3552.78 
3546.72 
3539.93 
3533.77 
3527.45 
3521.34 
3514.565 
3508.53 
3501.645 
3495.515 
3488.735 
3482.705 
3475.47 
3469.32 
3462.545 
3456.445 
3449.59 
3443.515 
3436.735 
3430.615 
3424.34 
3418.2 
3411.425 
3405.39 
3398.56 
3392.575 
3385.815 
3379.85 
3372.705 
3366.72 
3360.01 
3354.055 
3347.415 
3341.42 
3334.84 
3329.015 
3322.82 
3317.025 
3310.41 
3304.67 
3298.145 
3292.385 
3285.845 
3280.19 
3273.42 
3267.705 
3261.345 
3255.67 
3249.385 
3243.79 
3237.535 
3231.92 
3226.135 
3220.625 
3214.41 
3208.92 
3202.875 
3197.46 
3191.325 
3185.965 
3179.57 
3174.295 
3168.205 
3162.895 
3157.0 
3151.755 
3145.905 
3140.685 
3135.31 
3130.08 
3124.265 
3119.2 
3113.43 
3108.355 
3102.64 
3097.59 
3091.5 
3086.48 
3080.785 
3075.725 
3070.135 
3065.085 
3059.41 
3054.485 
3049.26 
3044.265 
3038.59 
3033.665 
3028.04 
3023.095 
3017.305 
3012.355 
3006.255 
3001.17 
2995.44 
2990.445 
2984.7 
2979.62 
2973.805 
2968.705 
2963.365 
2958.275 
2952.4 
2947.29 
2941.415 
2936.26 
2930.3 
2925.095 
2918.75 
2913.605 
2907.615 
2902.35 
2896.45 
2891.19 
2885.175 
2879.915 
2874.44 
2869.18 
2863.155 
2857.935 
2851.975 
2846.795 
2840.79 
2835.645 
2829.285 
2824.095 
2818.205 
2813.03 
2807.255 
2802.015 
2796.275 
2791.21 
2785.9 
2780.875 
2775.195 
2770.19 
2764.605 
2759.67 
2754.14 
2749.245 
2743.43 
2738.64 
2733.22 
2728.49 
2723.2 
2718.505 
2713.22 
2708.665 
2704.005 
2699.405 
2694.275 
2689.87 
2684.86 
2680.49 
2675.485 
2671.315 
2666.015 
2661.875 
2657.05 
2652.955 
2648.275 
2644.19 
2639.53 
2635.61 
2631.465 
2627.575 
2623.05 
2619.295 
2614.83 
2611.04 
2606.7 
2602.92 
2598.235 
2594.55 
2590.18 
2586.6 
2582.365 
2578.76 
2574.495 
2570.95 
2567.155 
2563.615 
2559.505 
2555.87 
2551.74 
2548.19 
2543.98 
2540.51 
2535.9 
2532.315 
2528.18 
2524.59 
2520.41 
2516.85 
2512.59 
2509.03 
2505.225 
2501.705 
2497.355 
2493.81 
2489.5 
2485.905 
2481.555 
2477.935 
2473.22 
2469.54 
2465.135 
2461.535 
2457.175 
2453.495 
2449.14 
2445.43 
2441.505 
2437.845 
2433.46 
2429.735 
2425.445 
2421.735 
2417.355 
2413.74 
2408.9 
2405.29 
2400.9 
2397.31 
2393.065 
2389.445 
2385.11 
2381.54 
2377.76 
2374.1 
2369.905 
2366.36 
2362.195 
2358.69 
2354.54 
2351.125 
2346.645 
2343.195 
2339.095 
2335.775 
2331.77 
2328.465 
2324.425 
2321.16 
2317.71 
2314.45 
2310.555 
2307.405 
2303.64 
2300.485 
2296.69 
2293.675 
2289.565 
2286.545 
2282.885 
2279.9 
2276.345 
2273.455 
2269.835 
2267.055 
2263.96 
2261.185 
2257.715 
2254.97 
2251.605 
2248.815 
2245.465 
2242.715 
2239.025 
2236.375 
2233.02 
2230.415 
2227.085 
2224.495 
2221.145 
2218.54 
2215.64 
2213.07 
2209.73 
2207.1 
2203.77 
2201.195 
2197.895 
2195.215 
2191.455 
2188.77 
2185.395 
2182.67 
2179.33 
2176.56 
2173.06 
2170.31 
2167.335 
2164.565 
2160.985 
2158.22 
2154.73 
2151.79 
2148.23 
2145.385 
2141.38 
2138.47 
2134.805 
2131.905 
2128.3 
2125.305 
2121.65 
2118.71 
2115.43 
2112.455 
2108.745 
2105.82 
2102.14 
2099.165 
2095.505 
2092.56 
2088.495 
2085.595 
2081.855 
2078.955 
2075.345 
2072.44 
2068.8 
2065.915 
2062.78 
2059.97 
2056.385 
2053.555 
2050.065 
2047.28 
2043.865 
2041.115 
2037.31 
2034.63 
2031.25 
2028.55 
2025.28 
2022.695 
2019.365 
2016.865 
2014.11 
2011.605 
2008.445 
2006.04 
2002.98 
2000.6 
1997.5 
1995.28 
1991.855 
1989.58 
1986.655 
1984.47 
1981.625 
1979.47 
1976.655 
1974.615 
1972.29 
1970.265 
1967.575 
1965.67 
1963.01 
1961.075 
1958.48 
1956.555 
1953.65 
1951.805 
1949.24 
1947.41 
1944.95 
1943.105 
1940.6 
1938.83 
1936.75 
1935.005 
1932.515 
1930.715 
1928.285 
1926.475 
1924.025 
1922.265 
1919.29 
1917.51 
1914.94 
1913.14 
1910.6 
1908.73 
1906.155 
1904.175 
1902.135 
1900.21 
1897.505 
1895.595 
1893.0 
1890.945 
1888.3 
1886.27 
1883.155 
1881.19 
1878.375 
1876.33 
1873.605 
1871.47 
1868.685 
1866.595 
1864.265 
1862.11 
1859.31 
1857.25 
1854.5 
1852.38 
1849.61 
1847.51 
1844.345 
1842.19 
1839.4 
1837.385 
1834.74 
1832.585 
1829.9 
1827.9 
1825.665 
1823.685 
1821.055 
1819.12 
1816.555 
1814.635 
1812.105 
1810.275 
1807.36 
1805.605 
1803.12 
1801.43 
1799.03 
1797.305 
1794.935 
1793.325 
1791.485 
1790.0 
1787.655 
1786.255 
1784.11 
1782.68 
1780.6 
1779.24 
1776.8 
1775.48 
1773.52 
1772.225 
1770.355 
1769.13 
1767.34 
1766.16 
1764.85 
1763.76 
1761.985 
1760.935 
1759.295 
1758.32 
1756.63 
1755.675 
1753.595 
1752.625 
1751.04 
1750.11 
1748.57 
1747.66 
1746.04 
1745.09 
1743.945 
1743.055 
1741.46 
1740.545 
1738.92 
1737.925 
1736.29 
1735.325 
1733.215 
1732.16 
1730.475 
1729.42 
1727.71 
1726.575 
1724.715 
1723.65 
1722.215 
1721.05 
1719.06 
1717.905 
1715.95 
1714.585 
1712.59 
1711.3 
1708.79 
1707.455 
1705.29 
1703.845 
1701.72 
1700.285 
1698.07 
1696.58 
1694.805 
1693.185 
1690.995 
1689.47 
1687.22 
1685.625 
1683.335 
1681.755 
1679.08 
1677.465 
1675.07 
1673.595 
1671.35 
1669.625 
1667.37 
1665.755 
1663.93 
1662.435 
1660.16 
1658.59 
1656.38 
1654.87 
1652.575 
1651.13 
1648.685 
1647.18 
1645.06 
1643.665 
1641.495 
1640.2 
1638.11 
1636.705 
1635.205 
1633.875 
1631.855 
1630.65 
1628.705 
1627.5 
1625.59 
1624.435 
1622.24 
1621.115 
1619.295 
1618.185 
1616.465 
1615.39 
1613.645 
1612.725 
1611.485 
1610.52 
1608.815 
1607.905 
1606.295 
1605.35 
1603.71 
1602.91 
1600.885 
1600.055 
1598.455 
1597.525 
1596.05 
1595.14 
1593.545 
1592.695 
1591.525 
1590.675 
1589.08 
1588.135 
1586.61 
1585.615 
1583.96 
1583.07 
1581.0 
1579.9 
1578.25 
1577.24 
1575.505 
1574.505 
1572.68 
1571.59 
1570.24 
1569.12 
1567.245 
1566.105 
1564.26 
1563.04 
1561.145 
1559.93 
1557.62 
1556.38 
1554.4 
1553.045 
1551.21 
1549.895 
1547.835 
1546.57 
1544.98 
1543.705 
1541.65 
1540.42 
1538.41 
1537.165 
1535.08 
1533.84 
1531.455 
1530.13 
1528.24 
1526.965 
1525.02 
1523.805 
1521.83 
1520.645 
1519.23 
1518.05 
1516.16 
1515.02 
1513.26 
1512.13 
1510.275 
1509.235 
1507.05 
1506.07 
1504.32 
1503.33 
1501.67 
1500.73 
1499.115 
1498.17 
1497.125 
1496.2 
1494.605 
1493.855 
1492.435 
1491.635 
1490.135 
1489.455 
1487.6 
1486.92 
1485.6 
1484.935 
1483.615 
1482.97 
1481.74 
1481.145 
1480.335 
1479.815 
1478.495 
1478.11 
1476.86 
1476.355 
1475.2 
1474.665 
1473.205 
1472.73 
1471.545 
1471.045 
1469.93 
1469.405 
1468.22 
1467.825 
1467.02 
1466.53 
1465.27 
1464.795 
1463.555 
1462.98 
1461.725 
1461.14 
1459.39 
1458.73 
1457.41 
1456.735 
1455.36 
1454.635 
1453.21 
1452.395 
1451.375 
1450.605 
1449.045 
1448.24 
1446.765 
1445.775 
1444.165 
1443.31 
1441.24 
1440.305 
1438.71 
1437.705 
1435.94 
1434.95 
1433.21 
1432.215 
1430.965 
1429.95 
1428.14 
1427.205 
1425.44 
1424.445 
1422.6 
1421.65 
1419.595 
1418.535 
1416.75 
1415.795 
1414.105 
1413.105 
1411.375 
1410.465 
1409.295 
1408.37 
1406.745 
1405.855 
1404.305 
1403.41 
1401.88 
1401.145 
1399.26 
1398.475 
1397.0 
1396.23 
1394.83 
1394.15 
1392.79 
1392.135 
1391.32 
1390.665 
1389.35 
1388.895 
1387.65 
1387.145 
1385.93 
1385.5 
1383.99 
1383.57 
1382.41 
1382.12 
1381.16 
1380.75 
1379.77 
1379.51 
1379.095 
1378.785 
1377.81 
1377.68 
1376.74 
1376.66 
1375.775 
1375.65 
1374.46 
1374.265 
1373.465 
1373.44 
1372.635 
1372.515 
1371.745 
1371.665 
1371.33 
1371.265 
1370.44 
1370.36 
1369.65 
1369.51 
1368.63 
1368.6 
1367.385 
1367.23 
1366.34 
1366.17 
1365.37 
1365.19 
1364.25 
1364.06 
1363.585 
1363.435 
1362.395 
1362.11 
1361.24 
1360.925 
1359.885 
1359.6 
1358.245 
1357.94 
1356.87 
1356.495 
1355.46 
1355.05 
1353.98 
1353.64 
1352.99 
1352.6 
1351.485 
1351.17 
1350.04 
1349.72 
1348.56 
1348.2 
1346.765 
1346.375 
1345.255 
1344.965 
1343.87 
1343.535 
1342.47 
1342.115 
1341.55 
1341.315 
1340.38 
1339.97 
1339.07 
1338.755 
1337.85 
1337.615 
1336.305 
1336.04 
1335.215 
1334.975 
1334.065 
1333.965 
1333.12 
1332.93 
1332.56 
1332.395 
1331.64 
1331.545 
1330.745 
1330.69 
1329.925 
1329.925 
1328.78 
1328.75 
1328.06 
1327.965 
1327.33 
1327.3 
1326.56 
1326.58 
1326.36 
1326.335 
1325.645 
1325.705 
1325.03 
1325.02 
1324.31 
1324.355 
1323.265 
1323.24 
1322.535 
1322.47 
1321.74 
1321.69 
1320.965 
1320.875 
1320.535 
1320.475 
1319.61 
1319.455 
1318.685 
1318.475 
1317.565 
1317.36 
1316.13 
1315.86 
1314.82 
1314.58 
1313.53 
1313.21 
1312.135 
1311.73 
1311.125 
1310.71 
1309.565 
1309.155 
1308.015 
1307.505 
1306.28 
1305.71 
1304.1 
1303.54 
1302.26 
1301.665 
1300.42 
1299.76 
1298.495 
1297.905 
1297.01 
1296.32 
1294.965 
1294.36 
1292.985 
1292.415 
1290.99 
1290.425 
1288.605 
1287.925 
1286.565 
1285.91 
1284.68 
1283.965 
1282.565 
1281.96 
1281.095 
1280.495 
1279.145 
1278.545 
1277.325 
1276.695 
1275.365 
1274.855 
1273.26 
1272.67 
1271.39 
1270.825 
1269.67 
1269.19 
1267.89 
1267.41 
1266.68 
1266.25 
1265.015 
1264.745 
1263.575 
1263.11 
1261.98 
1261.635 
1260.155 
1259.825 
1258.725 
1258.34 
1257.395 
1257.08 
1256.035 
1255.725 
1255.25 
1254.935 
1253.925 
1253.735 
1252.785 
1252.52 
1251.655 
1251.38 
1250.095 
1249.845 
1248.945 
1248.71 
1247.835 
1247.555 
1246.665 
1246.485 
1246.005 
1245.75 
1244.795 
1244.565 
1243.635 
1243.415 
1242.42 
1242.175 
1240.85 
1240.54 
1239.535 
1239.245 
1238.24 
1237.955 
1236.845 
1236.595 
1236.075 
1235.585 
1234.535 
1234.17 
1233.16 
1232.81 
1231.735 
1231.4 
1229.89 
1229.585 
1228.415 
1228.06 
1227.005 
1226.585 
1225.58 
1225.25 
1224.63 
1224.27 
1223.2 
1222.94 
1221.895 
1221.6 
1220.61 
1220.285 
1219.005 
1218.74 
1217.77 
1217.58 
1216.665 
1216.45 
1215.6 
1215.46 
1215.01 
1214.965 
1214.075 
1214.0 
1213.2 
1213.235 
1212.49 
1212.46 
1211.34 
1211.315 
1210.645 
1210.66 
1210.01 
1210.13 
1209.525 
1209.555 
1209.435 
1209.545 
1208.945 
1209.16 
1208.605 
1208.815 
1208.26 
1208.475 
1207.58 
1207.69 
1207.29 
1207.515 
1207.075 
1207.33 
1206.84 
1207.215 
1207.215 
1207.415 
1206.985 
1207.24 
1206.885 
1207.105 
1206.745 
1206.995 
1206.2 
1206.495 
1206.02 
1206.285 
1205.92 
1206.075 
1205.625 
1205.845 
1205.7 
1205.94 
1205.34 
1205.525 
1205.01 
1205.16 
1204.505 
1204.67 
1203.64 
1203.725 
1203.04 
1203.055 
1202.375 
1202.395 
1201.725 
1201.68 
1201.375 
1201.385 
1200.53 
1200.5 
1199.71 
1199.61 
1198.82 
1198.73 
1197.56 
1197.435 
1196.595 
1196.425 
1195.64 
1195.495 
1194.65 
1194.585 
1194.195 
1194.08 
1193.205 
1193.13 
1192.29 
1192.19 
1191.405 
1191.32 
1190.215 
1190.14 
1189.355 
1189.345 
1188.575 
1188.56 
1187.855 
1187.825 
1187.605 
1187.655 
1186.915 
1186.97 
1186.335 
1186.435 
1185.74 
1185.945 
1184.935 
1185.065 
1184.375 
1184.52 
1183.95 
1184.1 
1183.51 
1183.64 
1183.515 
1183.635 
1183.125 
1183.29 
1182.76 
1182.955 
1182.355 
1182.53 
1181.66 
1181.79 
1181.275 
1181.39 
1180.915 
1181.085 
1180.505 
1180.72 
1180.645 
1180.795 
1180.185 
1180.32 
1179.82 
1179.915 
1179.32 
1179.445 
1178.435 
1178.56 
1177.9 
1177.935 
1177.365 
1177.37 
1176.65 
1176.7 
1176.475 
1176.455 
1175.655 
1175.59 
1174.88 
1174.865 
1173.925 
1173.91 
1172.725 
1172.58 
1171.615 
1171.535 
1170.605 
1170.395 
1169.44 
1169.3 
1168.805 
1168.625 
1167.56 
1167.335 
1166.43 
1166.16 
1165.14 
1164.905 
1163.645 
1163.355 
1162.39 
1162.095 
1161.155 
1160.865 
1159.915 
1159.705 
1159.285 
1159.03 
1158.015 
1157.875 
1157.02 
1156.86 
1155.965 
1155.85 
1154.69 
1154.63 
1153.79 
1153.75 
1153.055 
1152.99 
1152.285 
1152.22 
1152.07 
1152.14 
1151.49 
1151.65 
1151.075 
1151.13 
1150.56 
1150.8 
1149.935 
1150.1 
1149.63 
1149.825 
1149.46 
1149.72 
1149.32 
1149.56 
1149.625 
1149.955 
1149.55 
1149.975 
1149.69 
1150.035 
1149.635 
1150.105 
1149.405 
1149.79 
1149.555 
1149.905 
1149.675 
1150.065 
1149.87 
1150.23 
1150.42 
1150.855 
1150.515 
1150.945 
1150.695 
1151.085 
1150.8 
1151.205 
1150.495 
1150.89 
1150.495 
1150.82 
1150.49 
1150.79 
1150.385 
1150.67 
1150.72 
1150.945 
1150.485 
1150.62 
1150.15 
1150.285 
1149.695 
1149.855 
1148.855 
1148.94 
1148.24 
1148.31 
1147.635 
1147.685 
1146.955 
1146.865 
1146.56 
1146.525 
1145.635 
1145.66 
1144.86 
1144.71 
1143.82 
1143.735 
1142.48 
1142.31 
1141.39 
1141.23 
1140.32 
1140.11 
1139.165 
1139.065 
1138.585 
1138.365 
1137.51 
1137.31 
1136.4 
1136.26 
1135.39 
1135.195 
1133.95 
1133.805 
1132.925 
1132.8 
1131.965 
1131.83 
1130.975 
1130.925 
1130.51 
1130.47 
1129.645 
1129.585 
1128.86 
1128.81 
1128.09 
1128.08 
1127.025 
1127.0 
1126.32 
1126.33 
1125.68 
1125.8 
1125.12 
1125.165 
1124.955 
1125.02 
1124.425 
1124.625 
1123.965 
1124.075 
1123.545 
1123.7 
1122.785 
1122.97 
1122.43 
1122.6 
1122.165 
1122.31 
1121.86 
1122.1 
1122.03 
1122.315 
1121.81 
1122.085 
1121.635 
1121.895 
1121.46 
1121.71 
1120.91 
1121.085 
1120.64 
1120.93 
1120.465 
1120.635 
1120.145 
1120.37 
1120.33 
1120.52 
1119.93 
1120.115 
1119.655 
1119.75 
1119.095 
1119.275 
1118.26 
1118.315 
1117.675 
1117.65 
1117.035 
1117.12 
1116.375 
1116.325 
1116.125 
1116.05 
1115.255 
1115.22 
1114.485 
1114.385 
1113.56 
1113.51 
1112.395 
1112.235 
1111.475 
1111.3 
1110.535 
1110.41 
1109.595 
1109.525 
1109.25 
1109.055 
1108.205 
1108.155 
1107.38 
1107.37 
1106.575 
1106.555 
1105.415 
1105.415 
1104.665 
1104.675 
1104.03 
1104.03 
1103.375 
1103.42 
1103.365 
1103.465 
1102.815 
1103.015 
1102.49 
1102.62 
1102.145 
1102.38 
1101.54 
1101.725 
1101.275 
1101.585 
1101.185 
1101.51 
1101.15 
1101.46 
1101.66 
1102.035 
1101.7 
1102.16 
1101.875 
1102.37 
1102.135 
1102.61 
1102.065 
1102.6 
1102.42 
1102.925 
1102.805 
1103.38 
1103.19 
1103.845 
1104.225 
1104.815 
1104.695 
1105.33 
1105.32 
1105.965 
1105.915 
1106.55 
1106.14 
1106.79 
1106.71 
1107.355 
1107.315 
1108.02 
1107.895 
1108.535 
1108.835 
1109.435 
1109.31 
1109.935 
1109.865 
1110.35 
1110.195 
1110.755 
1110.155 
1110.62 
1110.48 
1110.89 
1110.62 
1111.08 
1110.83 
1111.205 
1111.37 
1111.67 
1111.345 
1111.76 
1111.415 
1111.7 
1111.265 
1111.625 
1110.85 
1111.095 
1110.645 
1110.875 
1110.42 
1110.66 
1110.18 
1110.395 
1110.435 
1110.62 
1110.12 
1110.355 
1109.91 
1110.1 
1109.615 
1109.81 
1108.965 
1109.185 
1108.69 
1108.905 
1108.495 
1108.69 
1108.185 
1108.45 
1108.49 
1108.77 
1108.34 
1108.57 
1108.17 
1108.425 
1108.065 
1108.39 
1107.615 
1107.905 
1107.515 
1107.835 
1107.515 
1107.945 
1107.5 
1107.935 
1108.11 
1108.425 
1108.105 
1108.53 
1108.295 
1108.66 
1108.345 
1108.83 
1108.19 
1108.645 
1108.36 
1108.795 
1108.615 
1109.05 
1108.84 
1109.29 
1109.53 
1110.02 
1109.775 
1110.29 
1110.1 
1110.525 
1110.365 
1110.715 
1110.105 
1110.575 
1110.27 
1110.755 
1110.475 
1110.88 
1110.6 
1110.93 
1111.025 
1111.435 
1111.065 
1111.37 
1111.0 
1111.31 
1110.8 
1111.18 
1110.255 
1110.475 
1109.995 
1110.145 
1109.59 
1109.735 
1109.065 
1109.21 
1109.01 
1109.11 
1108.4 
1108.515 
1107.81 
1107.76 
1107.035 
1106.985 
1105.935 
1105.915 
1105.085 
1105.035 
1104.245 
1104.18 
1103.34 
1103.215 
1102.885 
1102.71 
1101.925 
1101.815 
1100.995 
1100.97 
1100.035 
1099.97 
1098.74 
1098.64 
1097.835 
1097.815 
1097.03 
1096.995 
1096.16 
1096.12 
1095.8 
1095.81 
1095.055 
1095.02 
1094.345 
1094.44 
1093.7 
1093.785 
1092.89 
1092.855 
1092.295 
1092.34 
1091.805 
1091.95 
1091.405 
1091.615 
1091.505 
1091.755 
1091.165 
1091.465 
1091.06 
1091.28 
1090.91 
1091.23 
1090.425 
1090.82 
1090.41 
1090.785 
1090.47 
1090.885 
1090.525 
1090.96 
1091.125 
1091.565 
1091.4 
1091.795 
1091.53 
1092.06 
1091.775 
1092.235 
1091.625 
1092.125 
1091.84 
1092.335 
1092.09 
1092.545 
1092.19 
1092.7 
1092.825 
1093.285 
1092.94 
1093.34 
1093.025 
1093.375 
1092.965 
1093.33 
1092.58 
1092.87 
1092.385 
1092.68 
1092.215 
1092.485 
1091.92 
1092.185 
1092.065 
1092.255 
1091.675 
1091.87 
1091.285 
1091.35 
1090.73 
1090.81 
1089.835 
1089.925 
1089.345 
1089.35 
1088.71 
1088.795 
1088.11 
1088.205 
1088.01 
1088.105 
1087.425 
1087.485 
1086.855 
1086.87 
1086.325 
1086.365 
1085.38 
1085.47 
1084.88 
1084.995 
1084.46 
1084.565 
1083.955 
1084.225 
1084.155 
1084.34 
1083.85 
1084.095 
1083.62 
1083.9 
1083.415 
1083.765 
1083.045 
1083.375 
1082.985 
1083.345 
1083.04 
1083.4 
1083.11 
1083.565 
1083.74 
1084.235 
1083.975 
1084.43 
1084.275 
1084.765 
1084.55 
1085.17 
1084.635 
1085.165 
1085.08 
1085.65 
1085.585 
1086.16 
1086.06 
1086.765 
1087.08 
1087.725 
1087.66 
1088.31 
1088.3 
1088.94 
1088.84 
1089.56 
1089.13 
1089.675 
1089.605 
1090.235 
1090.115 
1090.775 
1090.565 
1091.09 
1091.435 
1091.92 
1091.73 
1092.255 
1092.025 
1092.41 
1092.16 
1092.61 
1091.87 
1092.205 
1091.845 
1092.11 
1091.755 
1092.02 
1091.495 
1091.715 
1091.645 
1091.865 
1091.245 
1091.39 
1090.85 
1090.96 
1090.35 
1090.395 
1089.365 
1089.47 
1088.765 
1088.755 
1088.095 
1088.11 
1087.385 
1087.405 
1087.18 
1087.19 
1086.39 
1086.41 
1085.78 
1085.815 
1085.13 
1085.17 
1084.125 
1084.14 
1083.435 
1083.555 
1082.985 
1083.055 
1082.45 
1082.565 
1082.46 
1082.59 
1082.055 
1082.305 
1081.75 
1081.915 
1081.485 
1081.72 
1080.955 
1081.16 
1080.785 
1081.05 
1080.67 
1081.0 
1080.715 
1081.085 
1081.265 
1081.635 
1081.31 
1081.705 
1081.52 
1082.01 
1081.715 
1082.185 
1081.69 
1082.11 
1081.89 
1082.465 
1082.295 
1082.775 
1082.665 
1083.24 
1083.545 
1084.12 
1084.005 
1084.585 
1084.46 
1085.07 
1084.92 
1085.505 
1085.045 
1085.64 
1085.42 
1086.015 
1085.865 
1086.385 
1086.19 
1086.71 
1086.975 
1087.53 
1087.25 
1087.75 
1087.525 
1087.95 
1087.64 
1088.16 
1087.46 
1087.81 
1087.46 
1087.755 
1087.425 
1087.735 
1087.36 
1087.575 
1087.635 
1087.88 
1087.37 
1087.57 
1087.185 
1087.27 
1086.75 
1086.895 
1085.985 
1086.15 
1085.62 
1085.63 
1085.035 
1085.2 
1084.505 
1084.6 
1084.425 
1084.505 
1083.795 
1083.91 
1083.31 
1083.365 
1082.695 
1082.765 
1081.74 
1081.8 
1081.095 
1081.185 
1080.565 
1080.62 
1079.99 
1080.085 
1079.945 
1080.01 
1079.38 
1079.51 
1078.92 
1079.055 
1078.45 
1078.595 
1077.685 
1077.83 
1077.265 
1077.41 
1076.915 
1077.11 
1076.565 
1076.785 
1076.79 
1077.03 
1076.555 
1076.785 
1076.395 
1076.66 
1076.265 
1076.61 
1075.79 
1076.12 
1075.72 
1076.07 
1075.795 
1076.075 
1075.81 
1076.14 
1076.325 
1076.675 
1076.385 
1076.79 
1076.505 
1076.88 
1076.615 
1077.015 
1076.36 
1076.745 
1076.415 
1076.815 
1076.525 
1076.905 
1076.555 
1076.86 
1077.005 
1077.395 
1077.02 
1077.325 
1076.925 
1077.26 
1076.82 
1077.165 
1076.315 
1076.55 
1076.015 
1076.23 
1075.79 
1075.99 
1075.43 
1075.55 
1075.455 
1075.605 
1074.985 
1075.145 
1074.52 
1074.61 
1073.93 
1074.04 
1073.055 
1073.185 
1072.455 
1072.445 
1071.83 
1071.85 
1071.19 
1071.175 
1070.98 
1070.95 
1070.235 
1070.38 
1069.66 
1069.7 
1068.965 
1068.995 
1067.925 
1067.945 
1067.255 
1067.315 
1066.705 
1066.68 
1066.05 
1066.115 
1066.005 
1066.075 
1065.315 
1065.425 
1064.85 
1064.935 
1064.355 
1064.505 
1063.5 
1063.595 
1063.06 
1063.24 
1062.665 
1062.815 
1062.315 
1062.47 
1062.38 
1062.655 
1062.13 
1062.43 
1061.945 
1062.215 
1061.78 
1062.09 
1061.285 
1061.505 
1061.16 
1061.455 
1061.115 
1061.48 
1061.11 
1061.495 
1061.685 
1062.07 
1061.67 
1062.105 
1061.82 
1062.21 
1061.975 
1062.38 
1061.715 
1062.13 
1061.875 
1062.29 
1062.095 
1062.5 
1062.175 
1062.58 
1062.83 
1063.245 
1062.91 
1063.385 
1063.07 
1063.395 
1063.12 
1063.445 
1062.795 
1063.135 
1062.765 
1063.105 
1062.76 
1063.11 
1062.735 
1063.0 
1063.08 
1063.365 
1062.9 
1063.195 
1062.775 
1063.045 
1062.61 
1062.855 
1062.025 
1062.215 
1061.775 
1061.975 
1061.5 
1061.77 
1061.255 
1061.495 
1061.49 
1061.75 
1061.285 
1061.58 
1061.085 
1061.365 
1060.875 
1061.23 
1060.37 
1060.655 
1060.135 
1060.42 
1060.035 
1060.375 
1059.875 
1060.26 
1060.315 
1060.64 
1060.31 
1060.63 
1060.3 
1060.59 
1060.295 
1060.67 
1060.15 
1060.495 
1060.095 
1060.56 
1060.31 
1060.745 
1060.455 
1060.91 
1061.16 
1061.625 
1061.41 
1061.965 
1061.74 
1062.325 
1062.075 
1062.57 
1062.125 
