Run 0 on 20200811 on sample T20-5d, LT thermometer,  dT/T0 = 0.02
Time per point = 3.125e-05 seconds
2071.675 
2071.185 
2071.6 
2071.245 
2071.645 
2071.225 
2071.61 
2071.015 
2071.335 
2071.0 
2071.35 
2071.005 
2071.405 
2071.1 
2071.42 
2071.57 
2071.895 
2071.575 
2071.935 
2071.65 
2072.065 
2071.675 
2072.075 
2071.345 
2071.7 
2071.335 
2071.78 
2071.415 
2071.785 
2071.4 
2071.805 
2071.92 
2072.355 
2071.955 
2072.265 
2072.005 
2072.275 
2072.01 
2072.4 
2071.745 
2072.065 
2071.73 
2072.035 
2071.765 
2072.165 
2071.725 
2072.125 
2072.195 
2072.6 
2072.18 
2072.62 
2072.24 
2072.515 
2072.25 
2072.605 
2071.89 
2072.325 
2071.85 
2072.225 
2071.86 
2072.225 
2071.895 
2072.25 
2072.37 
2072.725 
2072.25 
2072.595 
2072.31 
2072.69 
2072.295 
2072.625 
2071.985 
2072.27 
2071.86 
2072.21 
2071.94 
2072.22 
2071.765 
2072.15 
2072.27 
2072.61 
2072.16 
2072.49 
2072.1 
2072.49 
2072.07 
2072.445 
2071.68 
2071.975 
2071.57 
2071.93 
2071.63 
2071.95 
2071.55 
2071.875 
2072.025 
2072.34 
2071.96 
2072.32 
2071.96 
2072.315 
2071.915 
2072.22 
2071.565 
2071.905 
2071.515 
2071.82 
2071.47 
2071.815 
2071.425 
2071.8 
2071.835 
2072.17 
2071.795 
2072.12 
2071.82 
2072.165 
2071.755 
2072.075 
2071.355 
2071.685 
2071.32 
2071.63 
2071.335 
2071.525 
2071.235 
2071.54 
2071.635 
2071.98 
2071.58 
2071.915 
2071.585 
2071.9 
2071.555 
2071.935 
2071.22 
2071.46 
2071.16 
2071.4 
2071.12 
2071.36 
2070.97 
2071.345 
2071.35 
2071.69 
2071.345 
2071.675 
2071.34 
2071.615 
2071.28 
2071.61 
2070.85 
2071.185 
2070.835 
2071.13 
2070.72 
2071.08 
2070.72 
2071.05 
2071.085 
2071.425 
2071.035 
2071.315 
2071.055 
2071.375 
2070.995 
2071.315 
2070.575 
2070.91 
2070.52 
2070.79 
2070.455 
2070.835 
2070.305 
2070.71 
2070.75 
2071.185 
2070.695 
2071.065 
2070.655 
2071.05 
2070.625 
2071.04 
2070.25 
2070.555 
2070.15 
2070.505 
2070.145 
2070.485 
2070.12 
2070.43 
2070.565 
2070.87 
2070.525 
2070.86 
2070.575 
2070.82 
2070.49 
2070.86 
2070.22 
2070.57 
2070.2 
2070.5 
2070.14 
2070.54 
2070.14 
2070.535 
2070.645 
2070.99 
2070.605 
2070.98 
2070.675 
2071.01 
2070.61 
2071.0 
2070.255 
2070.665 
2070.285 
2070.655 
2070.34 
2070.62 
2070.23 
2070.59 
2070.785 
2071.145 
2070.73 
2071.06 
2070.725 
2071.07 
2070.7 
2071.065 
2070.405 
2070.75 
2070.3 
2070.685 
2070.34 
2070.78 
2070.385 
2070.65 
2070.785 
2071.19 
2070.81 
2071.135 
2070.825 
2071.125 
2070.865 
2071.16 
2070.435 
2070.84 
2070.42 
2070.715 
2070.415 
2070.725 
2070.445 
2070.78 
2070.875 
2071.2 
2070.835 
2071.17 
2070.89 
2071.185 
2070.89 
2071.155 
2070.435 
2070.805 
2070.425 
2070.76 
2070.395 
2070.67 
2070.34 
2070.665 
2070.835 
2071.18 
2070.72 
2071.01 
2070.68 
2071.055 
2070.685 
2071.07 
2070.305 
2070.64 
2070.2 
2070.57 
2070.26 
2070.615 
2070.175 
2070.515 
2070.615 
2070.98 
2070.66 
2070.975 
2070.615 
2070.96 
2070.575 
2070.96 
2070.275 
2070.67 
2070.205 
2070.555 
2070.24 
2070.54 
2070.235 
2070.635 
2070.655 
2071.03 
2070.64 
2070.975 
2070.735 
2071.055 
2070.66 
2071.035 
2070.285 
2070.625 
2070.26 
2070.64 
2070.28 
2070.615 
2070.3 
2070.64 
2070.705 
2071.065 
2070.705 
2071.005 
2070.695 
2071.04 
2070.735 
2071.065 
2070.38 
2070.64 
2070.285 
2070.585 
2070.28 
2070.6 
2070.21 
2070.555 
2070.66 
2071.0 
2070.54 
2071.025 
2070.68 
2070.975 
2070.53 
2070.96 
2070.2 
2070.565 
2070.15 
2070.505 
2070.155 
2070.435 
2070.14 
2070.475 
2070.52 
2070.85 
2070.455 
2070.79 
2070.525 
2070.805 
2070.515 
2070.725 
2069.99 
2070.35 
2069.965 
2070.305 
2069.925 
2070.22 
2069.865 
2070.16 
2070.355 
2070.62 
2070.25 
2070.545 
2070.185 
2070.49 
2070.22 
2070.565 
2069.71 
2069.975 
2069.625 
2069.95 
2069.71 
2069.965 
2069.665 
2069.96 
2070.045 
2070.315 
2070.06 
2070.365 
2070.07 
2070.345 
2070.015 
2070.355 
2069.52 
2069.92 
2069.525 
2069.82 
2069.465 
2069.785 
2069.445 
2069.775 
2069.87 
2070.13 
2069.78 
2070.06 
2069.835 
2070.09 
2069.68 
2070.055 
2069.22 
2069.605 
2069.17 
2069.475 
2069.115 
2069.415 
2068.98 
2069.345 
2069.42 
2069.68 
2069.34 
2069.57 
2069.21 
2069.48 
2069.11 
2069.455 
2068.75 
2069.01 
2068.515 
2068.79 
2068.415 
2068.715 
2068.24 
2068.545 
2068.545 
2068.805 
2068.395 
2068.645 
2068.24 
2068.48 
2067.985 
2068.275 
2067.49 
2067.785 
2067.255 
2067.48 
2067.005 
2067.285 
2066.78 
2067.02 
2066.975 
2067.16 
2066.685 
2066.96 
2066.505 
2066.725 
2066.195 
2066.39 
2065.535 
2065.7 
2065.225 
2065.385 
2064.88 
2065.02 
2064.485 
2064.64 
2064.615 
2064.725 
2064.21 
2064.28 
2063.785 
2063.925 
2063.35 
2063.58 
2062.59 
2062.655 
2062.065 
2062.2 
2061.655 
2061.78 
2061.18 
2061.225 
2061.085 
2061.185 
2060.52 
2060.725 
2060.14 
2060.14 
2059.505 
2059.655 
2058.65 
2058.715 
2058.035 
2058.095 
2057.495 
2057.505 
2056.825 
2056.875 
2056.675 
2056.705 
2056.03 
2056.03 
2055.415 
2055.44 
2054.685 
2054.715 
2053.655 
2053.62 
2052.875 
2052.855 
2052.17 
2052.15 
2051.325 
2051.31 
2051.055 
2051.005 
2050.25 
2050.265 
2049.54 
2049.485 
2048.69 
2048.675 
2047.575 
2047.44 
2046.68 
2046.54 
2045.795 
2045.69 
2044.915 
2044.83 
2044.505 
2044.385 
2043.6 
2043.52 
2042.685 
2042.56 
2041.725 
2041.635 
2040.415 
2040.275 
2039.415 
2039.29 
2038.475 
2038.345 
2037.465 
2037.43 
2037.03 
2036.815 
2035.95 
2035.8 
2034.96 
2034.87 
2033.97 
2033.765 
2032.62 
2032.495 
2031.64 
2031.44 
2030.63 
2030.375 
2029.485 
2029.29 
2028.925 
2028.8 
2027.885 
2027.685 
2026.835 
2026.65 
2025.775 
2025.65 
2024.355 
2024.145 
2023.29 
2023.14 
2022.285 
2022.075 
2021.17 
2021.005 
2020.7 
2020.455 
2019.595 
2019.5 
2018.585 
2018.435 
2017.54 
2017.44 
2016.235 
2016.125 
2015.175 
2014.965 
2014.175 
2014.02 
2013.2 
2013.065 
2012.68 
2012.45 
2011.55 
2011.46 
2010.64 
2010.485 
2009.665 
2009.535 
2008.23 
2008.12 
2007.275 
2007.17 
2006.305 
2006.125 
2005.285 
2005.125 
2004.795 
2004.655 
2003.765 
2003.6 
2002.865 
2002.665 
2001.795 
2001.69 
2000.545 
2000.355 
1999.49 
1999.375 
1998.645 
1998.45 
1997.58 
1997.46 
1997.045 
1996.925 
1996.085 
1995.995 
1995.17 
1995.04 
1994.115 
1994.1 
1992.94 
1992.845 
1991.9 
1991.825 
1990.97 
1990.86 
1990.04 
1989.935 
1989.545 
1989.425 
1988.5 
1988.365 
1987.635 
1987.53 
1986.685 
1986.575 
1985.43 
1985.22 
1984.475 
1984.38 
1983.58 
1983.435 
1982.535 
1982.5 
1982.185 
1981.975 
1981.145 
1981.045 
1980.29 
1980.145 
1979.3 
1979.21 
1978.025 
1977.91 
1977.09 
1976.97 
1976.25 
1976.145 
1975.28 
1975.175 
1974.805 
1974.8 
1973.965 
1973.92 
1973.17 
1972.995 
1972.22 
1972.14 
1971.115 
1970.99 
1970.22 
1970.145 
1969.36 
1969.29 
1968.565 
1968.485 
1968.18 
1968.075 
1967.3 
1967.225 
1966.525 
1966.445 
1965.63 
1965.64 
1964.425 
1964.33 
1963.57 
1963.52 
1962.805 
1962.68 
1961.85 
1961.815 
1961.5 
1961.46 
1960.675 
1960.625 
1959.885 
1959.805 
1959.03 
1959.03 
1957.96 
1957.83 
1957.05 
1957.0 
1956.26 
1956.185 
1955.44 
1955.37 
1955.03 
1955.0 
1954.225 
1954.255 
1953.445 
1953.41 
1952.65 
1952.64 
1951.49 
1951.41 
1950.675 
1950.62 
1949.865 
1949.74 
1949.055 
1948.99 
1948.66 
1948.61 
1947.87 
1947.745 
1947.105 
1946.975 
1946.31 
1946.23 
1945.125 
1945.06 
1944.325 
1944.285 
1943.495 
1943.41 
1942.62 
1942.625 
1942.385 
1942.325 
1941.52 
1941.45 
1940.73 
1940.77 
1939.945 
1939.985 
1938.765 
1938.795 
1937.97 
1937.97 
1937.285 
1937.28 
1936.49 
1936.47 
1936.155 
1936.17 
1935.455 
1935.465 
1934.715 
1934.7 
1933.98 
1933.975 
1932.915 
1932.895 
1932.13 
1932.035 
1931.44 
1931.425 
1930.68 
1930.735 
1930.465 
1930.44 
1929.745 
1929.72 
1929.135 
1929.1 
1928.41 
1928.39 
1927.225 
1927.23 
1926.57 
1926.61 
1925.875 
1925.88 
1925.2 
1925.165 
1924.985 
1924.93 
1924.3 
1924.295 
1923.57 
1923.59 
1922.925 
1922.935 
1921.88 
1921.92 
1921.14 
1921.21 
1920.535 
1920.58 
1919.815 
1919.825 
1919.575 
1919.62 
1918.905 
1918.98 
1918.32 
1918.345 
1917.585 
1917.635 
1916.55 
1916.59 
1915.83 
1915.87 
1915.165 
1915.22 
1914.575 
1914.555 
1914.305 
1914.305 
1913.645 
1913.64 
1913.005 
1913.035 
1912.325 
1912.33 
1911.255 
1911.295 
1910.645 
1910.63 
1910.0 
1909.93 
1909.335 
1909.305 
1909.105 
1909.135 
1908.495 
1908.465 
1907.83 
1907.87 
1907.24 
1907.275 
1906.2 
1906.23 
1905.535 
1905.59 
1904.98 
1905.085 
1904.37 
1904.355 
1904.165 
1904.26 
1903.555 
1903.7 
1903.065 
1903.045 
1902.46 
1902.52 
1901.525 
1901.625 
1900.955 
1901.015 
1900.415 
1900.49 
1899.795 
1899.93 
1899.725 
1899.725 
1899.075 
1899.195 
1898.66 
1898.78 
1898.075 
1898.11 
1897.1 
1897.205 
1896.585 
1896.615 
1896.0 
1896.1 
1895.435 
1895.515 
1895.37 
1895.45 
1894.805 
1894.87 
1894.245 
1894.3 
1893.69 
1893.82 
1892.84 
1892.835 
1892.22 
1892.275 
1891.66 
1891.795 
1891.095 
1891.175 
1891.025 
1891.06 
1890.425 
1890.5 
1889.95 
1890.01 
1889.34 
1889.435 
1888.42 
1888.565 
1887.875 
1887.905 
1887.31 
1887.355 
1886.77 
1886.83 
1886.615 
1886.69 
1886.06 
1886.13 
1885.615 
1885.62 
1884.975 
1885.03 
1884.125 
1884.185 
1883.56 
1883.645 
1883.06 
1883.035 
1882.42 
1882.495 
1882.345 
1882.43 
1881.745 
1881.855 
1881.26 
1881.3 
1880.66 
1880.815 
1879.76 
1879.865 
1879.205 
1879.34 
1878.715 
1878.835 
1878.22 
1878.31 
1878.155 
1878.25 
1877.63 
1877.755 
1877.19 
1877.32 
1876.65 
1876.795 
1875.89 
1875.985 
1875.4 
1875.5 
1874.99 
1875.125 
1874.475 
1874.615 
1874.49 
1874.585 
1873.995 
1874.145 
1873.57 
1873.71 
1873.17 
1873.29 
1872.35 
1872.435 
1871.92 
1872.03 
1871.465 
1871.605 
1871.0 
1871.16 
1871.105 
1871.21 
1870.615 
1870.735 
1870.2 
1870.315 
1869.76 
1869.94 
1869.015 
1869.075 
1868.51 
1868.69 
1868.135 
1868.3 
1867.745 
1867.825 
1867.685 
1867.815 
1867.3 
1867.455 
1866.93 
1867.025 
1866.385 
1866.62 
1865.63 
1865.775 
1865.17 
1865.24 
1864.715 
1864.87 
1864.245 
1864.445 
1864.325 
1864.415 
1863.85 
1863.965 
1863.49 
1863.58 
1863.01 
1863.1 
1862.215 
1862.245 
1861.725 
1861.8 
1861.285 
1861.415 
1860.785 
1860.88 
1860.77 
1860.91 
1860.35 
1860.415 
1859.915 
1860.02 
1859.5 
1859.685 
1858.7 
1858.75 
1858.15 
1858.295 
1857.815 
1857.925 
1857.385 
1857.455 
1857.35 
1857.545 
1857.02 
1857.145 
1856.67 
1856.73 
1856.17 
1856.32 
1855.46 
1855.665 
1855.055 
1855.17 
1854.72 
1854.87 
1854.375 
1854.49 
1854.395 
1854.58 
1853.95 
1854.115 
1853.61 
1853.785 
1853.245 
1853.375 
1852.445 
1852.59 
1852.125 
1852.24 
1851.75 
1851.865 
1851.275 
1851.45 
1851.385 
1851.58 
1851.02 
1851.15 
1850.635 
1850.77 
1850.3 
1850.465 
1849.575 
1849.68 
1849.125 
1849.225 
1848.785 
1848.97 
1848.375 
1848.51 
1848.505 
1848.565 
1848.105 
1848.25 
1847.77 
1847.875 
1847.35 
1847.49 
1846.595 
1846.685 
1846.18 
1846.265 
1845.8 
1845.945 
1845.495 
1845.535 
1845.47 
1845.56 
1845.055 
1845.225 
1844.73 
1844.905 
1844.39 
1844.445 
1843.41 
1843.59 
1843.02 
1843.17 
1842.66 
1842.79 
1842.2 
1842.345 
1842.27 
1842.405 
1841.795 
1842.0 
1841.47 
1841.615 
1841.135 
1841.32 
1840.3 
1840.435 
1839.88 
1840.07 
1839.51 
1839.66 
1839.175 
1839.285 
1839.25 
1839.35 
1838.92 
1839.095 
1838.635 
1838.705 
1838.245 
1838.41 
1837.505 
1837.665 
1837.17 
1837.34 
1836.845 
1837.015 
1836.555 
1836.73 
1836.645 
1836.795 
1836.31 
1836.495 
1836.03 
1836.23 
1835.67 
1835.925 
1834.92 
1835.08 
1834.635 
1834.865 
1834.375 
1834.56 
1834.005 
1834.26 
1834.195 
1834.315 
1833.88 
1834.065 
1833.62 
1833.8 
1833.25 
1833.53 
1832.625 
1832.78 
1832.22 
1832.47 
1832.025 
1832.19 
1831.76 
1831.875 
1831.855 
1832.055 
1831.565 
1831.785 
1831.35 
1831.525 
1831.015 
1831.21 
1830.36 
1830.535 
1830.08 
1830.3 
1829.785 
1829.925 
1829.54 
1829.715 
1829.665 
1829.815 
1829.395 
1829.575 
1829.185 
1829.335 
1828.89 
1829.045 
1828.21 
1828.345 
1827.925 
1828.105 
1827.64 
1827.76 
1827.35 
1827.49 
1827.535 
1827.725 
1827.185 
1827.43 
1826.91 
1827.175 
1826.72 
1826.97 
1826.05 
1826.225 
1825.75 
1825.965 
1825.575 
1825.745 
1825.21 
1825.49 
1825.505 
1825.615 
1825.245 
1825.495 
1825.005 
1825.225 
1824.74 
1825.005 
1824.09 
1824.3 
1823.885 
1824.12 
1823.71 
1823.785 
1823.44 
1823.65 
1823.67 
1823.84 
1823.44 
1823.69 
1823.265 
1823.44 
1823.07 
1823.28 
1822.34 
1822.545 
1822.145 
1822.375 
1821.95 
1822.15 
1821.705 
1821.96 
1821.975 
1822.2 
1821.675 
1821.945 
1821.525 
1821.74 
1821.29 
1821.54 
1820.69 
1820.91 
1820.475 
1820.65 
1820.27 
1820.52 
1820.06 
1820.255 
1820.275 
1820.41 
1820.02 
1820.26 
1819.82 
1820.055 
1819.61 
1819.82 
1818.955 
1819.195 
1818.73 
1819.015 
1818.545 
1818.685 
1818.285 
1818.56 
1818.49 
1818.745 
1818.175 
1818.455 
1818.025 
1818.32 
1817.78 
1818.015 
1817.175 
1817.43 
1816.95 
1817.085 
1816.715 
1816.875 
1816.42 
1816.635 
1816.61 
1816.865 
1816.345 
1816.625 
1816.235 
1816.39 
1815.98 
1816.19 
1815.355 
1815.555 
1815.065 
1815.27 
1814.92 
1815.07 
1814.7 
1814.845 
1814.94 
1815.055 
1814.765 
1815.035 
1814.635 
1814.785 
1814.385 
1814.59 
1813.745 
1814.04 
1813.515 
1813.76 
1813.38 
1813.61 
1813.195 
1813.485 
1813.495 
1813.64 
1813.265 
1813.495 
1813.115 
1813.445 
1812.9 
1813.17 
1812.235 
1812.565 
1812.11 
1812.4 
1811.97 
1812.205 
1811.755 
1812.02 
1812.055 
1812.33 
1811.865 
1812.08 
1811.685 
1811.925 
1811.5 
1811.77 
1810.86 
1811.08 
1810.645 
1810.95 
1810.48 
1810.795 
1810.355 
1810.555 
1810.69 
1810.875 
1810.48 
1810.725 
1810.295 
1810.565 
1810.14 
1810.425 
1809.52 
1809.74 
1809.375 
1809.57 
1809.165 
1809.355 
1808.97 
1809.225 
1809.245 
1809.495 
1809.05 
1809.25 
1808.88 
1809.13 
1808.695 
1808.975 
1808.06 
1808.285 
1807.865 
1808.185 
1807.725 
1807.925 
1807.425 
1807.77 
1807.725 
1807.985 
1807.485 
1807.785 
1807.335 
1807.6 
1807.185 
1807.49 
1806.605 
1806.875 
1806.41 
1806.645 
1806.275 
1806.595 
1806.02 
1806.345 
1806.33 
1806.635 
1806.18 
1806.5 
1806.06 
1806.39 
1805.85 
1806.2 
1805.55 
1805.8 
1805.35 
1805.645 
1805.24 
1805.46 
1805.09 
1805.35 
1805.425 
1805.62 
1805.2 
1805.52 
1805.135 
1805.445 
1804.995 
1805.325 
1804.45 
1804.745 
1804.345 
1804.625 
1804.23 
1804.495 
1804.03 
1804.345 
1804.385 
1804.685 
1804.285 
1804.54 
1804.1 
1804.46 
1803.98 
1804.295 
1803.435 
1803.72 
1803.25 
1803.51 
1803.18 
1803.465 
1803.025 
1803.295 
1803.315 
1803.59 
1803.165 
1803.495 
1803.075 
1803.35 
1802.845 
1803.19 
1802.395 
1802.66 
1802.245 
1802.425 
1802.045 
1802.31 
1801.86 
1802.175 
1802.155 
1802.38 
1801.935 
1802.245 
1801.89 
1802.17 
1801.735 
1801.89 
1801.135 
1801.365 
1800.92 
1801.22 
1800.74 
1801.02 
1800.56 
1800.865 
1800.805 
1801.1 
1800.7 
1800.92 
1800.455 
1800.76 
1800.26 
1800.555 
1799.665 
1799.97 
1799.47 
1799.78 
1799.345 
1799.645 
1799.17 
1799.445 
1799.44 
1799.745 
1799.3 
1799.6 
1799.2 
1799.33 
1798.9 
1799.2 
1798.375 
1798.655 
1798.255 
1798.48 
1798.08 
1798.27 
1797.88 
1798.235 
1798.155 
1798.435 
1797.99 
1798.31 
1797.87 
1798.205 
1797.72 
1798.005 
1797.095 
1797.425 
1797.045 
1797.305 
1796.925 
1797.115 
1796.695 
1797.03 
1797.035 
1797.265 
1796.885 
1797.13 
1796.715 
1796.955 
1796.585 
1796.915 
1796.125 
1796.34 
1795.93 
1796.21 
1795.82 
1796.12 
1795.69 
1795.97 
1795.975 
1796.23 
1795.85 
1796.195 
1795.75 
1796.085 
1795.655 
1795.92 
1795.1 
1795.38 
1794.945 
1795.275 
1794.84 
1795.075 
1794.7 
1795.015 
1795.025 
1795.25 
1794.885 
1795.14 
1794.8 
1795.07 
1794.59 
1794.87 
1794.06 
1794.34 
1793.98 
1794.215 
1793.88 
1794.13 
1793.705 
1793.99 
1793.995 
1794.35 
1793.965 
1794.205 
1793.8 
1794.12 
1793.695 
1794.05 
1793.225 
1793.415 
1793.075 
1793.38 
1792.995 
1793.285 
1792.895 
1793.195 
1793.29 
1793.625 
1793.19 
1793.485 
1793.105 
1793.355 
1792.995 
1793.325 
1792.53 
1792.905 
1792.435 
1792.715 
1792.44 
1792.735 
1792.345 
1792.645 
1792.755 
1793.03 
1792.6 
1792.965 
1792.58 
1792.93 
1792.535 
1792.835 
1792.04 
1792.35 
1792.03 
1792.33 
1791.955 
1792.225 
1791.84 
1792.2 
1792.26 
1792.59 
1792.22 
1792.455 
1792.12 
1792.375 
1791.995 
1792.385 
1791.565 
1791.85 
1791.47 
1791.8 
1791.47 
1791.795 
1791.375 
1791.665 
1791.795 
1792.065 
1791.68 
1792.02 
1791.67 
1791.96 
1791.495 
1791.89 
1791.14 
1791.42 
1790.99 
1791.325 
1790.935 
1791.205 
1790.84 
1791.19 
1791.255 
1791.52 
1791.105 
1791.425 
1791.135 
1791.41 
1790.945 
1791.295 
1790.475 
1790.75 
1790.435 
1790.77 
1790.42 
1790.64 
1790.155 
1790.48 
1790.51 
1790.895 
1790.435 
1790.74 
1790.345 
1790.65 
1790.23 
1790.595 
1789.815 
1790.085 
1789.61 
1789.98 
1789.615 
1789.86 
1789.475 
1789.745 
1789.775 
1790.045 
1789.72 
1790.06 
1789.66 
1789.94 
1789.55 
1789.835 
1789.125 
1789.45 
1789.03 
1789.31 
1788.95 
1789.255 
1788.79 
1789.235 
1789.26 
1789.53 
1789.075 
1789.455 
1789.035 
1789.415 
1788.91 
1789.295 
1788.475 
1788.765 
1788.32 
1788.725 
1788.345 
1788.545 
1788.14 
1788.425 
1788.545 
1788.85 
1788.39 
1788.72 
1788.31 
1788.585 
1788.17 
1788.57 
1787.895 
1788.08 
1787.695 
1787.955 
1787.7 
1787.985 
1787.525 
1787.86 
1787.895 
1788.175 
1787.8 
1788.05 
1787.7 
1788.0 
1787.445 
1787.88 
1787.16 
1787.45 
1786.99 
1787.305 
1786.885 
1787.2 
1786.84 
1787.095 
1787.125 
1787.385 
1786.975 
1787.255 
1786.925 
1787.2 
1786.785 
1787.055 
1786.31 
1786.58 
1786.19 
1786.55 
1786.1 
1786.415 
1785.88 
1786.225 
1786.3 
1786.59 
1786.18 
1786.47 
1786.035 
1786.36 
1785.93 
1786.295 
1785.51 
1785.81 
1785.35 
1785.69 
1785.315 
1785.65 
1785.165 
1785.475 
1785.545 
1785.815 
1785.435 
1785.84 
1785.465 
1785.755 
1785.34 
1785.665 
1785.06 
1785.385 
1784.92 
1785.245 
1784.875 
1785.235 
1784.81 
1785.175 
1785.21 
1785.54 
1785.085 
1785.475 
1785.09 
1785.445 
1785.04 
1785.35 
1784.58 
1784.875 
1784.485 
1784.825 
1784.45 
1784.77 
1784.305 
1784.63 
1784.71 
1785.145 
1784.655 
1785.025 
1784.665 
1784.97 
1784.55 
1784.92 
1784.21 
1784.545 
1784.065 
1784.395 
1784.13 
1784.435 
1783.985 
1784.33 
1784.405 
1784.725 
1784.325 
1784.725 
1784.315 
1784.675 
1784.265 
1784.585 
1783.835 
1784.18 
1783.745 
1784.02 
1783.72 
1783.995 
1783.64 
1783.985 
1783.98 
1784.295 
1783.855 
1784.21 
1783.94 
1784.26 
1783.79 
1784.085 
1783.445 
1783.66 
1783.33 
1783.6 
1783.25 
1783.51 
1783.12 
1783.385 
1783.495 
1783.87 
1783.37 
1783.69 
1783.3 
1783.635 
1783.225 
1783.55 
1782.805 
1783.095 
1782.635 
1783.01 
1782.69 
1782.93 
1782.525 
1782.785 
1782.9 
1783.31 
1782.91 
1783.19 
1782.85 
1783.12 
1782.705 
1783.055 
1782.345 
1782.715 
1782.295 
1782.625 
1782.27 
1782.56 
1782.19 
1782.51 
1782.595 
1782.93 
1782.45 
1782.815 
1782.47 
1782.82 
1782.365 
1782.755 
1781.995 
1782.335 
1781.89 
1782.305 
1781.93 
1782.175 
1781.77 
1782.135 
1782.23 
1782.56 
1782.175 
1782.42 
1782.1 
1782.395 
1782.09 
1782.395 
1781.735 
1782.055 
1781.725 
1781.915 
1781.655 
1781.935 
1781.62 
1781.93 
1781.98 
1782.255 
1781.91 
1782.325 
1781.88 
1782.19 
1781.81 
1782.09 
1781.355 
1781.635 
1781.3 
1781.61 
1781.24 
1781.5 
1781.13 
1781.46 
1781.61 
1781.88 
1781.39 
1781.805 
1781.46 
1781.685 
1781.27 
1781.6 
1780.81 
1781.175 
1780.75 
1781.02 
1780.665 
1780.995 
1780.56 
1780.815 
1780.945 
1781.27 
1780.84 
1781.115 
1780.75 
1781.11 
1780.715 
1781.08 
1780.32 
1780.585 
1780.155 
1780.455 
1780.15 
1780.53 
1779.995 
1780.38 
1780.43 
1780.76 
1780.325 
1780.79 
1780.365 
1780.71 
1780.285 
1780.635 
1780.015 
1780.305 
1779.97 
1780.27 
1779.97 
1780.265 
1779.89 
1780.22 
1780.36 
1780.645 
1780.235 
1780.615 
1780.28 
1780.62 
1780.175 
1780.545 
1779.845 
1780.195 
1779.84 
1780.155 
1779.8 
1780.07 
1779.725 
1780.06 
1780.18 
1780.5 
1780.155 
1780.53 
1780.14 
1780.485 
1780.055 
1780.47 
1779.785 
1780.055 
1779.695 
1780.015 
1779.74 
1780.055 
1779.64 
1780.055 
1780.115 
1780.45 
1780.095 
1780.48 
1780.15 
1780.435 
1780.035 
1780.435 
1779.705 
1780.005 
1779.62 
1779.945 
1779.635 
1779.905 
1779.53 
1779.915 
1779.905 
1780.345 
1779.88 
1780.3 
1779.935 
1780.24 
1779.86 
1780.175 
1779.58 
1779.81 
1779.525 
1779.845 
1779.49 
1779.775 
1779.34 
1779.69 
1779.82 
1780.085 
1779.735 
1780.045 
1779.665 
1780.045 
1779.585 
1779.925 
1779.205 
1779.485 
1779.115 
1779.44 
1779.12 
1779.505 
1778.945 
1779.34 
1779.44 
1779.775 
1779.41 
1779.695 
1779.32 
1779.675 
1779.25 
1779.64 
1778.985 
1779.26 
1778.9 
1779.16 
1778.805 
1779.125 
1778.76 
1779.14 
1779.245 
1779.55 
1779.11 
1779.435 
1779.13 
1779.45 
1779.03 
1779.37 
1778.59 
1778.925 
1778.605 
1778.915 
1778.565 
1778.88 
1778.4 
1778.76 
1778.87 
1779.18 
1778.725 
1779.145 
1778.77 
1779.005 
1778.655 
1779.025 
1778.345 
1778.63 
1778.23 
1778.52 
1778.235 
1778.52 
1778.125 
1778.415 
1778.51 
1778.815 
1778.4 
1778.795 
1778.345 
1778.71 
1778.215 
1778.65 
1777.87 
1778.225 
1777.775 
1778.085 
1777.69 
1778.0 
1777.525 
1777.875 
1777.925 
1778.22 
1777.765 
1778.15 
1777.735 
1778.06 
1777.64 
1777.945 
1777.245 
1777.525 
1777.165 
1777.47 
1777.09 
1777.395 
1776.89 
1777.225 
1777.295 
1777.675 
1777.21 
1777.55 
1777.135 
1777.445 
1777.03 
1777.39 
1776.635 
1776.95 
1776.49 
1776.825 
1776.51 
1776.805 
1776.36 
1776.72 
1776.785 
1777.145 
1776.695 
1777.05 
1776.72 
1777.035 
1776.625 
1777.015 
1776.4 
1776.675 
1776.335 
1776.63 
1776.3 
1776.6 
1776.235 
1776.645 
1776.635 
1777.015 
1776.58 
1776.89 
1776.59 
1777.005 
1776.55 
1776.975 
1776.175 
1776.53 
1776.13 
1776.465 
1776.13 
1776.415 
1776.025 
1776.385 
1776.505 
1776.845 
1776.43 
1776.805 
1776.365 
1776.77 
1776.34 
1776.77 
1776.08 
1776.355 
1775.975 
1776.29 
1776.025 
1776.38 
1775.95 
1776.26 
1776.405 
1776.745 
1776.35 
1776.71 
1776.375 
1776.715 
1776.25 
1776.685 
1775.945 
1776.25 
1775.865 
1776.205 
1775.88 
1776.225 
1775.82 
1776.26 
1776.23 
1776.62 
1776.13 
1776.545 
1776.165 
1776.56 
1776.17 
1776.51 
1775.79 
1776.095 
1775.765 
1776.125 
1775.745 
1776.015 
1775.62 
1775.985 
1776.12 
1776.455 
1776.08 
1776.375 
1775.95 
1776.385 
1775.98 
1776.32 
1775.605 
1775.905 
1775.58 
1775.855 
1775.55 
1775.905 
1775.46 
1775.825 
1775.965 
1776.305 
1775.86 
1776.33 
1775.925 
1776.215 
1775.82 
1776.28 
1775.655 
1775.95 
1775.535 
1775.915 
1775.61 
1775.95 
1775.56 
1775.955 
1776.02 
1776.395 
1775.975 
1776.335 
1776.0 
1776.405 
1776.06 
1776.39 
1775.63 
1776.02 
1775.64 
1776.005 
1775.66 
1776.015 
1775.54 
1775.965 
1776.05 
1776.435 
1776.06 
1776.405 
1776.07 
1776.43 
1776.06 
1776.425 
1775.86 
1776.15 
1775.76 
1776.08 
1775.795 
1776.085 
1775.75 
1776.05 
1776.225 
1776.535 
1776.17 
1776.495 
1776.115 
1776.475 
1776.025 
1776.43 
1775.735 
1776.09 
1775.655 
1776.0 
1775.595 
1775.96 
1775.55 
1775.95 
1775.99 
1776.38 
1775.855 
1776.23 
1775.94 
1776.29 
1775.825 
1776.215 
1775.45 
1775.79 
1775.445 
1775.76 
1775.39 
1775.685 
1775.27 
1775.58 
1775.665 
1776.015 
1775.575 
1775.955 
1775.545 
1775.895 
1775.57 
1775.945 
1775.19 
1775.505 
1775.05 
1775.44 
1775.17 
1775.44 
1775.075 
1775.275 
1775.45 
1775.785 
1775.415 
1775.775 
1775.445 
1775.73 
1775.39 
1775.68 
1775.085 
1775.425 
1774.97 
1775.305 
1774.975 
1775.285 
1774.895 
1775.3 
1775.33 
1775.695 
1775.29 
1775.605 
1775.305 
1775.715 
1775.275 
1775.58 
1774.865 
1775.225 
1774.8 
1775.195 
1774.875 
1775.175 
1774.755 
1775.1 
1775.22 
1775.605 
1775.245 
1775.505 
1775.175 
1775.495 
1775.11 
1775.535 
1774.85 
1775.145 
1774.815 
1775.08 
1774.765 
1775.145 
1774.715 
1775.07 
1775.145 
1775.515 
1775.145 
1775.505 
1775.225 
1775.53 
1775.145 
1775.45 
1774.68 
1775.08 
1774.685 
1774.945 
1774.625 
1774.985 
1774.655 
1774.97 
1775.055 
1775.335 
1774.975 
1775.315 
1775.025 
1775.355 
1774.97 
1775.245 
1774.525 
1774.84 
1774.52 
1774.86 
1774.595 
1774.84 
1774.46 
1774.845 
1774.875 
1775.245 
1774.89 
1775.265 
1774.865 
1775.175 
1774.865 
1775.145 
1774.355 
1774.66 
1774.275 
1774.705 
1774.39 
1774.695 
1774.26 
1774.625 
1774.74 
1775.05 
1774.675 
1775.04 
1774.72 
1775.02 
1774.64 
1775.04 
1774.365 
1774.635 
1774.235 
1774.56 
1774.275 
1774.59 
1774.26 
1774.58 
1774.745 
1775.015 
1774.635 
1775.015 
1774.705 
1775.015 
1774.635 
1774.985 
1774.25 
1774.57 
1774.225 
1774.58 
1774.26 
1774.535 
1774.11 
1774.505 
1774.63 
1774.97 
1774.58 
1774.835 
1774.53 
1774.885 
1774.55 
1774.885 
1774.19 
1774.445 
1774.135 
1774.44 
1774.17 
1774.46 
1774.115 
1774.44 
1774.55 
1774.83 
1774.5 
1774.835 
1774.5 
1774.82 
1774.38 
1774.765 
1774.085 
1774.325 
1773.98 
1774.305 
1773.915 
1774.26 
1773.88 
1774.145 
1774.31 
1774.62 
1774.14 
1774.49 
1774.14 
1774.5 
1774.035 
1774.395 
1773.67 
1773.955 
1773.565 
1773.92 
1773.535 
1773.825 
1773.425 
1773.745 
1773.885 
1774.18 
1773.805 
1774.08 
1773.765 
1774.065 
1773.62 
1774.045 
1773.29 
1773.52 
1773.225 
1773.53 
1773.18 
1773.555 
1773.135 
1773.46 
1773.585 
1773.845 
1773.475 
1773.89 
1773.49 
1773.845 
1773.45 
1773.815 
1773.12 
1773.5 
1773.22 
1773.515 
1773.17 
1773.505 
1773.165 
1773.475 
1773.605 
1773.875 
1773.515 
1773.88 
1773.625 
1773.925 
1773.6 
1773.92 
1773.16 
1773.565 
1773.16 
1773.545 
1773.165 
1773.495 
1773.095 
1773.455 
1773.615 
1773.955 
1773.555 
1773.905 
1773.525 
1773.93 
1773.52 
1773.975 
1773.255 
1773.515 
1773.195 
1773.475 
1773.2 
1773.58 
1773.165 
1773.55 
1773.69 
1774.025 
1773.65 
1774.05 
1773.73 
1774.065 
1773.585 
1773.97 
1773.31 
1773.635 
1773.26 
1773.585 
1773.25 
1773.58 
1773.27 
1773.66 
1773.7 
1774.03 
1773.64 
1773.985 
1773.68 
1774.035 
1773.63 
1773.93 
1773.265 
1773.595 
1773.26 
1773.595 
1773.26 
1773.585 
1773.16 
1773.53 
1773.73 
1774.03 
1773.605 
1773.935 
1773.58 
1773.955 
1773.55 
1773.95 
1773.25 
1773.575 
1773.155 
1773.505 
1773.23 
1773.585 
1773.135 
1773.515 
1773.625 
1773.97 
1773.555 
1774.01 
1773.625 
1773.975 
1773.615 
1773.945 
1773.315 
1773.69 
1773.31 
1773.625 
1773.305 
1773.645 
1773.29 
1773.7 
1773.775 
1774.1 
1773.735 
1774.11 
1773.785 
1774.24 
1773.785 
1774.12 
1773.385 
1773.765 
1773.37 
1773.8 
1773.46 
1773.79 
1773.35 
1773.755 
1773.85 
1774.24 
1773.845 
1774.155 
1773.84 
1774.15 
1773.825 
1774.18 
1773.585 
1773.88 
1773.535 
1773.91 
1773.58 
1773.925 
1773.54 
1773.815 
1773.985 
1774.345 
1773.955 
1774.285 
1773.965 
1774.255 
1773.805 
1774.18 
1773.545 
1773.83 
1773.405 
1773.78 
1773.36 
1773.72 
1773.295 
1773.64 
1773.72 
1774.065 
1773.62 
1773.94 
1773.66 
1773.935 
1773.535 
1773.855 
1773.105 
1773.46 
1773.085 
1773.45 
1773.025 
1773.3 
1772.82 
1773.255 
1773.355 
1773.625 
1773.215 
1773.53 
1773.145 
1773.485 
1773.125 
1773.45 
1772.685 
1773.025 
1772.54 
1772.875 
1772.57 
1772.88 
1772.475 
1772.785 
1772.885 
1773.15 
1772.83 
1773.215 
1772.845 
1773.155 
1772.765 
1773.065 
1772.48 
1772.72 
1772.36 
1772.605 
1772.255 
1772.66 
1772.23 
1772.595 
1772.685 
1773.015 
1772.565 
1772.955 
1772.6 
1773.01 
1772.435 
1772.855 
1772.09 
1772.42 
1772.085 
1772.455 
1771.995 
1772.36 
1771.865 
1772.29 
1772.425 
1772.795 
1772.32 
1772.69 
1772.37 
1772.7 
1772.32 
1772.7 
1771.94 
1772.29 
1771.955 
1772.23 
1771.875 
1772.315 
1771.895 
1772.225 
1772.335 
1772.67 
1772.285 
1772.675 
1772.275 
1772.625 
1772.235 
1772.58 
1771.89 
1772.21 
1771.805 
1772.14 
1771.815 
1772.095 
1771.755 
1772.115 
1772.205 
1772.56 
1772.115 
1772.455 
1772.165 
1772.43 
1772.085 
1772.4 
1771.75 
1772.095 
1771.75 
1772.085 
1771.735 
1772.02 
1771.61 
1771.95 
1772.11 
1772.43 
1771.965 
1772.375 
1771.925 
1772.345 
1771.95 
1772.355 
1771.6 
1771.885 
1771.5 
1771.875 
1771.555 
1771.905 
1771.495 
1771.81 
1771.985 
1772.335 
1771.895 
1772.34 
1771.975 
1772.295 
1771.915 
1772.335 
1771.68 
1772.025 
1771.61 
1771.995 
1771.685 
1772.02 
1771.655 
1772.06 
1772.115 
1772.48 
1772.085 
1772.455 
1772.14 
1772.535 
1772.135 
1772.475 
1771.75 
1772.085 
1771.765 
1772.17 
1771.765 
1772.14 
1771.755 
1772.105 
1772.22 
1772.64 
1772.26 
1772.56 
1772.245 
1772.565 
1772.295 
1772.65 
1771.9 
1772.275 
1771.905 
1772.28 
1771.95 
1772.375 
1771.93 
1772.265 
1772.335 
1772.755 
1772.39 
1772.78 
1772.395 
1772.75 
1772.34 
1772.75 
1772.05 
1772.43 
1771.99 
1772.31 
1772.0 
1772.29 
1771.99 
1772.295 
1772.395 
1772.745 
1772.36 
1772.73 
1772.435 
1772.715 
1772.345 
1772.705 
1772.045 
1772.295 
1771.965 
1772.34 
1771.96 
1772.305 
1771.875 
1772.255 
1772.37 
1772.71 
1772.345 
1772.655 
1772.265 
1772.65 
1772.26 
1772.675 
1771.86 
1772.225 
1771.85 
1772.1 
1771.865 
1772.215 
1771.775 
1772.145 
1772.23 
1772.565 
1772.23 
1772.635 
1772.26 
1772.565 
1772.205 
1772.575 
1771.965 
1772.275 
1771.975 
1772.305 
1771.945 
1772.27 
1771.945 
1772.275 
1772.41 
1772.67 
1772.31 
1772.65 
1772.345 
1772.685 
1772.255 
1772.625 
1771.97 
