Run 12 on 20200810 on sample T20-5d, LT thermometer,  dT/T0 = 0.02
Time per point = 3.125e-05 seconds
1943.515 
1943.025 
1943.435 
1943.105 
1943.445 
1943.095 
1943.485 
1942.765 
1943.11 
1942.775 
1943.09 
1942.785 
1943.14 
1942.76 
1943.14 
1943.21 
1943.5 
1943.14 
1943.55 
1943.215 
1943.555 
1943.225 
1943.58 
1942.815 
1943.205 
1942.775 
1943.125 
1942.775 
1943.125 
1942.775 
1943.105 
1943.19 
1943.595 
1943.15 
1943.505 
1943.18 
1943.525 
1943.21 
1943.545 
1942.93 
1943.27 
1942.875 
1943.25 
1942.825 
1943.23 
1942.825 
1943.155 
1943.275 
1943.65 
1943.245 
1943.62 
1943.23 
1943.58 
1943.175 
1943.595 
1942.87 
1943.2 
1942.795 
1943.1 
1942.77 
1943.1 
1942.715 
1943.04 
1943.11 
1943.525 
1943.135 
1943.5 
1943.165 
1943.465 
1943.115 
1943.4 
1942.65 
1943.065 
1942.625 
1943.0 
1942.62 
1942.87 
1942.57 
1942.935 
1943.015 
1943.415 
1942.995 
1943.305 
1943.015 
1943.39 
1943.035 
1943.38 
1942.58 
1942.995 
1942.58 
1942.885 
1942.655 
1942.975 
1942.615 
1942.97 
1943.055 
1943.45 
1943.07 
1943.415 
1943.1 
1943.425 
1943.18 
1943.54 
1942.845 
1943.2 
1942.815 
1943.14 
1942.8 
1943.215 
1942.795 
1943.235 
1943.225 
1943.62 
1943.185 
1943.57 
1943.25 
1943.605 
1943.23 
1943.615 
1942.855 
1943.2 
1942.81 
1943.195 
1942.795 
1943.185 
1942.77 
1943.14 
1943.2 
1943.595 
1943.18 
1943.515 
1943.19 
1943.5 
1943.21 
1943.5 
1942.755 
1943.105 
1942.66 
1943.095 
1942.77 
1943.075 
1942.705 
1943.05 
1943.105 
1943.465 
1943.135 
1943.44 
1943.21 
1943.475 
1943.145 
1943.475 
1942.62 
1943.015 
1942.625 
1942.91 
1942.625 
1942.91 
1942.62 
1942.895 
1943.03 
1943.34 
1942.975 
1943.35 
1943.01 
1943.315 
1942.99 
1943.235 
1942.755 
1942.99 
1942.545 
1942.88 
1942.57 
1942.845 
1942.455 
1942.78 
1942.905 
1943.295 
1942.825 
1943.215 
1942.84 
1943.23 
1942.775 
1943.195 
1942.465 
1942.775 
1942.335 
1942.73 
1942.425 
1942.715 
1942.32 
1942.675 
1942.785 
1943.195 
1942.8 
1943.15 
1942.81 
1943.16 
1942.825 
1943.19 
1942.45 
1942.82 
1942.435 
1942.775 
1942.41 
1942.795 
1942.43 
1942.79 
1942.86 
1943.245 
1942.795 
1943.245 
1942.95 
1943.245 
1942.895 
1943.24 
1942.44 
1942.805 
1942.48 
1942.81 
1942.465 
1942.775 
1942.41 
1942.73 
1942.84 
1943.19 
1942.835 
1943.175 
1942.865 
1943.14 
1942.83 
1943.215 
1942.465 
1942.8 
1942.395 
1942.835 
1942.435 
1942.81 
1942.385 
1942.68 
1942.79 
1943.16 
1942.745 
1943.135 
1942.79 
1943.13 
1942.715 
1943.095 
1942.32 
1942.695 
1942.285 
1942.61 
1942.265 
1942.635 
1942.215 
1942.545 
1942.65 
1942.99 
1942.6 
1942.975 
1942.67 
1942.925 
1942.585 
1942.855 
1942.21 
1942.475 
1942.11 
1942.39 
1942.07 
1942.34 
1942.0 
1942.335 
1942.405 
1942.73 
1942.375 
1942.725 
1942.395 
1942.71 
1942.39 
1942.725 
1941.95 
1942.29 
1941.955 
1942.25 
1941.945 
1942.22 
1942.0 
1942.29 
1942.425 
1942.695 
1942.4 
1942.745 
1942.49 
1942.755 
1942.46 
1942.745 
1942.17 
1942.525 
1942.06 
1942.465 
1942.06 
1942.445 
1942.025 
1942.435 
1942.525 
1942.85 
1942.43 
1942.875 
1942.475 
1942.82 
1942.445 
1942.805 
1942.12 
1942.385 
1942.045 
1942.39 
1942.05 
1942.405 
1941.995 
1942.37 
1942.455 
1942.785 
1942.41 
1942.765 
1942.425 
1942.745 
1942.38 
1942.755 
1942.0 
1942.295 
1941.93 
1942.29 
1941.925 
1942.285 
1941.91 
1942.23 
1942.335 
1942.71 
1942.365 
1942.725 
1942.375 
1942.675 
1942.315 
1942.74 
1941.89 
1942.22 
1941.89 
1942.265 
1941.865 
1942.195 
1941.86 
1942.16 
1942.305 
1942.51 
1942.225 
1942.555 
1942.305 
1942.59 
1942.21 
1942.545 
1941.79 
1942.12 
1941.745 
1942.105 
1941.765 
1942.005 
1941.625 
1941.98 
1942.1 
1942.445 
1942.01 
1942.365 
1942.055 
1942.335 
1941.98 
1942.375 
1941.65 
1941.95 
1941.585 
1941.955 
1941.66 
1941.925 
1941.58 
1941.92 
1942.025 
1942.39 
1942.025 
1942.385 
1942.085 
1942.365 
1942.075 
1942.41 
1941.615 
1942.03 
1941.655 
1941.945 
1941.72 
1942.05 
1941.715 
1941.975 
1942.065 
1942.355 
1942.075 
1942.395 
1942.08 
1942.415 
1942.075 
1942.405 
1941.55 
1941.91 
1941.55 
1941.94 
1941.625 
1941.865 
1941.6 
1941.815 
1941.96 
1942.24 
1941.93 
1942.23 
1941.955 
1942.175 
1941.92 
1942.23 
1941.545 
1941.835 
1941.415 
1941.815 
1941.48 
1941.8 
1941.375 
1941.655 
1941.725 
1942.09 
1941.65 
1941.99 
1941.59 
1942.0 
1941.55 
1941.89 
1941.15 
1941.545 
1941.045 
1941.285 
1940.91 
1941.265 
1940.775 
1941.22 
1941.215 
1941.525 
1941.055 
1941.395 
1941.035 
1941.375 
1940.94 
1941.21 
1940.52 
1940.79 
1940.31 
1940.64 
1940.22 
1940.525 
1940.08 
1940.41 
1940.49 
1940.78 
1940.32 
1940.68 
1940.285 
1940.6 
1940.08 
1940.505 
1939.7 
1940.0 
1939.545 
1939.885 
1939.495 
1939.76 
1939.29 
1939.615 
1939.69 
1940.03 
1939.52 
1939.895 
1939.505 
1939.765 
1939.37 
1939.655 
1939.005 
1939.34 
1938.83 
1939.13 
1938.745 
1939.0 
1938.55 
1938.875 
1938.875 
1939.165 
1938.705 
1939.03 
1938.63 
1938.93 
1938.415 
1938.695 
1937.905 
1938.195 
1937.66 
1938.04 
1937.585 
1937.78 
1937.375 
1937.63 
1937.66 
1937.97 
1937.48 
1937.705 
1937.31 
1937.53 
1937.12 
1937.39 
1936.555 
1936.82 
1936.325 
1936.645 
1936.16 
1936.455 
1935.98 
1936.195 
1936.195 
1936.5 
1936.03 
1936.305 
1935.925 
1936.09 
1935.65 
1935.94 
1935.065 
1935.365 
1934.86 
1935.095 
1934.68 
1934.93 
1934.465 
1934.755 
1934.75 
1934.955 
1934.47 
1934.735 
1934.325 
1934.565 
1934.155 
1934.285 
1933.655 
1933.94 
1933.435 
1933.62 
1933.165 
1933.4 
1932.96 
1933.205 
1933.23 
1933.5 
1932.955 
1933.185 
1932.815 
1933.09 
1932.535 
1932.805 
1932.085 
1932.295 
1931.845 
1932.095 
1931.72 
1931.915 
1931.44 
1931.7 
1931.785 
1932.01 
1931.55 
1931.845 
1931.42 
1931.655 
1931.22 
1931.53 
1930.68 
1930.935 
1930.57 
1930.77 
1930.39 
1930.66 
1930.175 
1930.425 
1930.485 
1930.655 
1930.21 
1930.535 
1930.12 
1930.39 
1929.955 
1930.195 
1929.355 
1929.665 
1929.18 
1929.415 
1929.035 
1929.265 
1928.815 
1929.06 
1929.045 
1929.36 
1928.92 
1929.07 
1928.74 
1929.035 
1928.595 
1928.815 
1928.07 
1928.29 
1927.84 
1928.1 
1927.67 
1927.975 
1927.425 
1927.625 
1927.74 
1927.955 
1927.49 
1927.79 
1927.335 
1927.585 
1927.215 
1927.45 
1926.645 
1926.935 
1926.465 
1926.69 
1926.28 
1926.535 
1926.01 
1926.295 
1926.355 
1926.56 
1926.06 
1926.395 
1926.0 
1926.26 
1925.8 
1926.015 
1925.23 
1925.485 
1925.01 
1925.31 
1924.855 
1925.085 
1924.64 
1924.97 
1924.965 
1925.21 
1924.825 
1925.02 
1924.705 
1924.935 
1924.53 
1924.77 
1924.01 
1924.205 
1923.76 
1924.04 
1923.72 
1923.94 
1923.52 
1923.86 
1923.9 
1924.175 
1923.725 
1924.085 
1923.69 
1923.965 
1923.535 
1923.89 
1923.16 
1923.425 
1922.94 
1923.185 
1922.84 
1923.185 
1922.71 
1922.995 
1923.03 
1923.375 
1922.845 
1923.235 
1922.785 
1923.11 
1922.6 
1922.95 
1922.18 
1922.48 
1921.985 
1922.3 
1921.86 
1922.075 
1921.705 
1921.97 
1922.005 
1922.34 
1921.885 
1922.145 
1921.75 
1922.025 
1921.655 
1921.945 
1921.175 
1921.395 
1921.0 
1921.275 
1920.89 
1921.185 
1920.795 
1920.965 
1921.02 
1921.32 
1920.9 
1921.185 
1920.8 
1921.095 
1920.635 
1920.96 
1920.115 
1920.41 
1919.94 
1920.225 
1919.87 
1920.135 
1919.645 
1920.005 
1919.98 
1920.24 
1919.84 
1920.1 
1919.735 
1919.985 
1919.54 
1919.76 
1919.1 
1919.34 
1918.915 
1919.195 
1918.765 
1919.025 
1918.57 
1918.905 
1918.905 
1919.21 
1918.745 
1919.08 
1918.655 
1918.98 
1918.545 
1918.87 
1918.055 
1918.345 
1917.94 
1918.245 
1917.885 
1918.18 
1917.81 
1918.06 
1918.115 
1918.415 
1918.035 
1918.345 
1917.995 
1918.245 
1917.87 
1918.17 
1917.485 
1917.72 
1917.315 
1917.64 
1917.26 
1917.55 
1917.16 
1917.455 
1917.515 
1917.77 
1917.365 
1917.73 
1917.32 
1917.67 
1917.205 
1917.465 
1916.705 
1917.02 
1916.625 
1916.92 
1916.515 
1916.855 
1916.4 
1916.705 
1916.75 
1917.04 
1916.7 
1916.945 
1916.545 
1916.835 
1916.45 
1916.82 
1916.13 
1916.34 
1915.93 
1916.24 
1915.835 
1916.18 
1915.69 
1915.965 
1916.09 
1916.405 
1915.945 
1916.28 
1915.83 
1916.145 
1915.79 
1916.055 
1915.255 
1915.585 
1915.17 
1915.445 
1915.065 
1915.365 
1914.925 
1915.215 
1915.31 
1915.595 
1915.135 
1915.495 
1915.095 
1915.34 
1914.93 
1915.255 
1914.51 
1914.805 
1914.345 
1914.705 
1914.26 
1914.625 
1914.165 
1914.475 
1914.465 
1914.805 
1914.35 
1914.665 
1914.325 
1914.67 
1914.205 
1914.57 
1913.795 
1914.105 
1913.7 
1914.01 
1913.63 
1913.965 
1913.575 
1913.91 
1913.975 
1914.24 
1913.87 
1914.22 
1913.855 
1914.145 
1913.765 
1914.08 
1913.33 
1913.665 
1913.275 
1913.535 
1913.215 
1913.59 
1913.125 
1913.435 
1913.545 
1913.85 
1913.46 
1913.79 
1913.43 
1913.79 
1913.38 
1913.69 
1912.88 
1913.22 
1912.785 
1913.12 
1912.775 
1913.035 
1912.66 
1912.965 
1913.095 
1913.38 
1912.985 
1913.305 
1912.915 
1913.255 
1912.81 
1913.14 
1912.385 
1912.685 
1912.26 
1912.62 
1912.23 
1912.555 
1912.175 
1912.5 
1912.53 
1912.84 
1912.42 
1912.805 
1912.44 
1912.72 
1912.38 
1912.68 
1911.83 
1912.18 
1911.725 
1912.08 
1911.7 
1912.025 
1911.53 
1911.98 
1911.965 
1912.255 
1911.9 
1912.215 
1911.82 
1912.135 
1911.72 
1912.05 
1911.4 
1911.73 
1911.29 
1911.585 
1911.205 
1911.515 
1911.065 
1911.44 
1911.475 
1911.815 
1911.335 
1911.605 
1911.37 
1911.66 
1911.2 
1911.555 
1910.81 
1911.105 
1910.78 
1911.07 
1910.73 
1911.055 
1910.655 
1910.98 
1911.08 
1911.42 
1910.965 
1911.35 
1910.925 
1911.26 
1910.94 
1911.335 
1910.505 
1910.885 
1910.47 
1910.77 
1910.395 
1910.795 
1910.365 
1910.685 
1910.74 
1910.975 
1910.59 
1911.01 
1910.63 
1910.985 
1910.55 
1910.885 
1910.13 
1910.465 
1910.005 
1910.32 
1910.015 
1910.23 
1909.91 
1910.175 
1910.29 
1910.59 
1910.165 
1910.495 
1910.21 
1910.51 
1910.1 
1910.425 
1909.745 
1910.035 
1909.575 
1909.935 
1909.585 
1909.9 
1909.46 
1909.685 
1909.85 
1910.215 
1909.77 
1910.135 
1909.73 
1910.065 
1909.645 
1909.98 
1909.2 
1909.545 
1909.115 
1909.435 
1909.075 
1909.405 
1908.89 
1909.255 
1909.32 
1909.615 
1909.195 
1909.56 
1909.155 
1909.45 
1909.07 
1909.39 
1908.675 
1908.94 
1908.52 
1908.85 
1908.49 
1908.795 
1908.385 
1908.74 
1908.805 
1909.115 
1908.725 
1909.045 
1908.66 
1909.015 
1908.625 
1908.97 
1908.2 
1908.55 
1908.185 
1908.51 
1908.19 
1908.465 
1908.115 
1908.45 
1908.535 
1908.82 
1908.525 
1908.81 
1908.51 
1908.85 
1908.53 
1908.805 
1908.195 
1908.48 
1908.06 
1908.405 
1908.09 
1908.425 
1908.0 
1908.435 
1908.425 
1908.77 
1908.285 
1908.715 
1908.32 
1908.66 
1908.245 
1908.555 
1907.875 
1908.2 
1907.78 
1908.075 
1907.74 
1908.07 
1907.645 
1907.995 
1908.045 
1908.41 
1908.01 
1908.305 
1907.995 
1908.25 
1907.91 
1908.23 
1907.49 
1907.835 
1907.445 
1907.73 
1907.375 
1907.665 
1907.335 
1907.605 
1907.775 
1908.06 
1907.66 
1907.96 
1907.595 
1907.885 
1907.535 
1907.875 
1907.08 
1907.42 
1907.025 
1907.27 
1906.95 
1907.29 
1906.915 
1907.21 
1907.345 
1907.555 
1907.19 
1907.575 
1907.195 
1907.53 
1907.16 
1907.455 
1906.65 
1907.03 
1906.56 
1906.935 
1906.57 
1906.835 
1906.445 
1906.835 
1906.88 
1907.2 
1906.825 
1907.13 
1906.755 
1907.095 
1906.685 
1907.1 
1906.345 
1906.675 
1906.27 
1906.64 
1906.295 
1906.61 
1906.24 
1906.495 
1906.675 
1907.0 
1906.665 
1907.0 
1906.66 
1906.96 
1906.595 
1907.015 
1906.245 
1906.57 
1906.195 
1906.505 
1906.185 
1906.515 
1906.22 
1906.5 
1906.57 
1906.88 
1906.565 
1906.885 
1906.605 
1906.89 
1906.595 
1906.91 
1906.135 
1906.465 
1906.085 
1906.37 
1906.07 
1906.335 
1905.985 
1906.315 
1906.425 
1906.745 
1906.38 
1906.685 
1906.37 
1906.745 
1906.365 
1906.705 
1905.945 
1906.275 
1905.86 
1906.22 
1905.85 
1906.235 
1905.785 
1906.135 
1906.185 
1906.605 
1906.095 
1906.54 
1906.145 
1906.485 
1906.065 
1906.4 
1905.72 
1905.995 
1905.58 
1905.885 
1905.51 
1905.89 
1905.45 
1905.83 
1905.91 
1906.21 
1905.82 
1906.16 
1905.775 
1906.115 
1905.745 
1905.995 
1905.255 
1905.65 
1905.145 
1905.5 
1905.225 
1905.465 
1905.12 
1905.46 
1905.525 
1905.83 
1905.495 
1905.835 
1905.51 
1905.84 
1905.44 
1905.79 
1904.98 
1905.34 
1904.995 
1905.325 
1904.975 
1905.305 
1904.985 
1905.255 
1905.47 
1905.79 
1905.4 
1905.78 
1905.46 
1905.735 
1905.48 
1905.85 
1905.095 
1905.42 
1904.995 
1905.375 
1905.05 
1905.385 
1905.025 
1905.405 
1905.465 
1905.735 
1905.39 
1905.78 
1905.4 
1905.79 
1905.355 
1905.685 
1904.985 
1905.335 
1904.925 
1905.24 
1904.92 
1905.215 
1904.855 
1905.19 
1905.275 
1905.615 
1905.22 
1905.555 
1905.26 
1905.55 
1905.19 
1905.525 
1904.75 
1905.065 
1904.725 
1905.07 
1904.735 
1905.04 
1904.71 
1904.955 
1905.06 
1905.395 
1905.05 
1905.36 
1905.08 
1905.355 
1904.955 
1905.35 
1904.52 
1904.81 
1904.47 
1904.82 
1904.49 
1904.795 
1904.38 
1904.76 
1904.845 
1905.09 
1904.795 
1905.045 
1904.73 
1905.07 
1904.685 
1905.01 
1904.305 
1904.67 
1904.26 
1904.585 
1904.16 
1904.485 
1904.145 
1904.42 
1904.515 
1904.915 
1904.47 
1904.81 
1904.495 
1904.835 
1904.455 
1904.82 
1904.05 
1904.4 
1903.98 
1904.395 
1904.05 
1904.425 
1904.005 
1904.375 
1904.43 
1904.825 
1904.4 
1904.785 
1904.49 
1904.745 
1904.43 
1904.845 
1904.025 
1904.37 
1904.0 
1904.315 
1904.065 
1904.37 
1904.085 
1904.315 
1904.43 
1904.715 
1904.4 
1904.775 
1904.455 
1904.765 
1904.455 
1904.725 
1904.035 
1904.3 
1903.955 
1904.235 
1903.955 
1904.2 
1903.915 
1904.25 
1904.35 
1904.695 
1904.3 
1904.61 
1904.335 
1904.655 
1904.325 
1904.645 
1903.875 
1904.235 
1903.825 
1904.12 
1903.79 
1904.175 
1903.8 
1904.125 
1904.18 
1904.53 
1904.13 
1904.485 
1904.135 
1904.47 
1904.13 
1904.505 
1903.69 
1903.98 
1903.69 
1903.955 
1903.58 
1903.945 
1903.57 
1903.88 
1904.025 
1904.29 
1903.93 
1904.29 
1903.955 
1904.205 
1903.89 
1904.23 
1903.415 
1903.765 
1903.38 
1903.72 
1903.36 
1903.58 
1903.38 
1903.685 
1903.75 
1904.055 
1903.71 
1904.0 
1903.72 
1904.085 
1903.695 
1904.05 
1903.27 
1903.575 
1903.235 
1903.595 
1903.21 
1903.615 
1903.315 
1903.58 
1903.67 
1904.01 
1903.7 
1904.1 
1903.755 
1904.085 
1903.75 
1904.11 
1903.435 
1903.72 
1903.325 
1903.71 
1903.37 
1903.745 
1903.37 
1903.735 
1903.805 
1904.12 
1903.735 
1904.15 
1903.745 
1904.1 
1903.795 
1904.09 
1903.3 
1903.665 
1903.28 
1903.635 
1903.27 
1903.625 
1903.275 
1903.595 
1903.665 
1904.025 
1903.65 
1904.04 
1903.725 
1904.075 
1903.66 
1904.085 
1903.18 
1903.475 
1903.145 
1903.565 
1903.2 
1903.57 
1903.215 
1903.55 
1903.605 
1903.95 
1903.63 
1903.92 
1903.635 
1903.9 
1903.47 
1903.955 
1903.085 
1903.435 
1903.12 
1903.4 
1903.085 
1903.415 
1903.0 
1903.375 
1903.495 
1903.765 
1903.4 
1903.785 
1903.42 
1903.71 
1903.345 
1903.68 
1902.91 
1903.305 
1902.855 
1903.165 
1902.895 
1903.145 
1902.83 
1903.175 
1903.235 
1903.6 
1903.225 
1903.615 
1903.315 
1903.585 
1903.25 
1903.63 
1902.81 
1903.17 
1902.8 
1903.11 
1902.815 
1903.205 
1902.885 
1903.195 
1903.275 
1903.715 
1903.29 
1903.69 
1903.335 
1903.715 
1903.3 
1903.735 
1902.96 
1903.25 
1902.965 
1903.285 
1902.915 
1903.305 
1902.935 
1903.33 
1903.38 
1903.72 
1903.4 
1903.8 
1903.43 
1903.755 
1903.355 
1903.72 
1902.99 
1903.32 
1902.915 
1903.27 
1902.93 
1903.26 
1902.855 
1903.23 
1903.325 
1903.67 
1903.235 
1903.61 
1903.285 
1903.62 
1903.23 
1903.635 
1902.905 
1903.215 
1902.775 
1903.175 
1902.835 
1903.145 
1902.78 
1903.175 
1903.13 
1903.555 
1903.22 
1903.56 
1903.235 
1903.58 
1903.25 
1903.575 
1902.735 
1903.095 
1902.735 
1903.04 
1902.735 
1903.055 
1902.715 
1902.995 
1903.09 
1903.37 
1903.105 
1903.5 
1903.11 
1903.43 
1903.02 
1903.335 
1902.56 
1902.895 
1902.55 
1902.87 
1902.56 
1902.85 
1902.47 
1902.865 
1902.965 
1903.26 
1902.87 
1903.27 
1902.935 
1903.285 
1902.865 
1903.25 
1902.485 
1902.86 
1902.525 
1902.815 
1902.52 
1902.875 
1902.44 
1902.79 
1902.96 
1903.345 
1902.88 
1903.4 
1902.925 
1903.325 
1902.91 
1903.335 
1902.51 
1902.905 
1902.575 
1902.9 
1902.57 
1902.98 
1902.63 
1902.995 
1903.075 
1903.375 
1903.07 
1903.425 
1903.095 
1903.48 
1903.05 
1903.35 
1902.62 
1902.975 
1902.64 
1902.915 
1902.635 
1902.96 
1902.56 
1902.91 
1903.085 
1903.37 
1902.995 
1903.255 
1902.95 
1903.345 
1902.95 
1903.28 
1902.595 
1902.885 
1902.53 
1902.855 
1902.51 
1902.895 
1902.44 
1902.73 
1902.895 
1903.225 
1902.79 
1903.265 
1902.86 
1903.215 
1902.8 
1903.17 
1902.465 
1902.81 
1902.4 
1902.705 
1902.325 
1902.71 
1902.24 
1902.665 
1902.73 
1903.07 
1902.62 
1903.025 
1902.595 
1902.97 
1902.565 
1902.91 
1902.285 
1902.605 
1902.215 
1902.62 
1902.23 
1902.55 
1902.15 
1902.555 
1902.65 
1902.98 
1902.595 
1902.925 
1902.56 
1902.99 
1902.53 
1902.87 
1902.215 
1902.53 
1902.105 
1902.51 
1902.18 
1902.585 
1902.125 
1902.485 
1902.595 
1902.955 
1902.58 
1902.99 
1902.595 
1902.98 
1902.55 
1903.005 
1902.275 
1902.665 
1902.23 
1902.635 
1902.215 
1902.625 
1902.23 
1902.605 
1902.69 
1903.075 
1902.555 
1903.035 
1902.7 
1903.08 
1902.675 
1902.99 
1902.27 
1902.615 
1902.225 
1902.56 
1902.23 
1902.51 
1902.215 
1902.555 
1902.695 
1903.03 
1902.615 
1902.95 
1902.64 
1902.985 
1902.61 
1902.98 
1902.345 
1902.67 
1902.225 
1902.605 
1902.26 
1902.62 
1902.2 
1902.56 
1902.635 
1903.025 
1902.6 
1902.965 
1902.585 
1902.945 
1902.495 
1902.945 
1902.175 
1902.53 
1902.165 
1902.425 
1902.06 
1902.47 
1902.035 
1902.415 
1902.43 
1902.825 
1902.405 
1902.785 
1902.395 
1902.775 
1902.315 
1902.705 
1901.905 
1902.34 
1901.855 
1902.265 
1901.945 
1902.255 
1901.85 
1902.225 
1902.29 
1902.66 
1902.29 
1902.6 
1902.26 
1902.65 
1902.3 
1902.67 
1901.865 
1902.19 
1901.93 
1902.17 
1901.945 
1902.215 
1901.885 
1902.25 
1902.375 
1902.795 
1902.345 
1902.8 
1902.43 
1902.775 
1902.435 
1902.795 
1902.19 
1902.585 
1902.18 
1902.52 
1902.21 
1902.575 
1902.125 
1902.56 
1902.605 
1902.955 
1902.565 
1902.925 
1902.625 
1902.975 
1902.545 
1902.96 
1902.205 
1902.555 
1902.125 
1902.55 
1902.18 
1902.49 
1902.15 
1902.475 
1902.62 
1902.945 
1902.53 
1902.875 
1902.6 
1902.865 
1902.525 
1902.91 
1902.195 
1902.45 
1902.105 
1902.48 
1902.145 
1902.45 
1902.115 
1902.425 
1902.505 
1902.895 
1902.46 
1902.825 
1902.505 
1902.855 
1902.495 
1902.8 
1902.1 
1902.465 
1902.03 
1902.315 
1902.08 
1902.36 
1902.02 
1902.33 
1902.425 
1902.67 
1902.395 
1902.755 
1902.415 
1902.685 
1902.325 
1902.66 
1901.98 
1902.385 
1901.825 
1902.27 
1901.91 
1902.215 
1901.805 
1902.16 
1902.3 
1902.68 
1902.195 
1902.61 
1902.215 
1902.61 
1902.165 
1902.555 
1901.835 
1902.155 
1901.835 
1902.14 
1901.855 
1902.205 
1901.78 
1902.145 
1902.28 
1902.655 
1902.28 
1902.67 
1902.32 
1902.69 
1902.295 
1902.705 
1901.905 
1902.27 
1901.985 
1902.265 
1901.97 
1902.295 
1901.915 
1902.295 
1902.325 
1902.665 
1902.31 
1902.675 
1902.435 
1902.67 
1902.335 
1902.69 
1901.955 
1902.315 
1901.93 
1902.27 
1901.95 
1902.195 
1901.96 
1902.25 
1902.395 
1902.705 
1902.385 
1902.685 
1902.39 
1902.715 
1902.355 
1902.725 
1902.075 
1902.38 
1902.035 
1902.405 
1902.025 
1902.36 
1902.0 
1902.4 
1902.415 
1902.78 
1902.415 
1902.85 
1902.435 
1902.775 
1902.32 
1902.755 
1902.0 
1902.27 
1901.97 
1902.26 
1901.955 
1902.27 
1901.89 
1902.2 
1902.385 
1902.645 
1902.225 
1902.605 
1902.24 
1902.595 
1902.16 
1902.585 
1901.88 
1902.145 
1901.795 
1902.095 
1901.805 
1902.145 
1901.7 
1902.1 
1902.22 
1902.575 
1902.125 
1902.475 
1902.195 
1902.555 
1902.165 
1902.56 
1901.83 
1902.155 
1901.735 
1902.16 
1901.83 
1902.17 
1901.795 
1902.145 
1902.25 
1902.67 
1902.225 
1902.65 
1902.295 
1902.64 
1902.245 
1902.7 
1901.985 
1902.35 
1901.965 
1902.35 
1902.005 
1902.39 
1901.98 
1902.31 
1902.455 
1902.71 
1902.385 
1902.75 
1902.46 
1902.78 
1902.39 
1902.76 
1902.07 
1902.39 
1901.965 
1902.31 
1901.97 
1902.235 
1901.86 
1902.285 
1902.42 
1902.74 
1902.335 
1902.735 
1902.355 
1902.7 
1902.295 
1902.71 
1901.975 
1902.29 
1901.86 
1902.24 
1901.865 
1902.305 
1901.87 
1902.21 
1902.31 
1902.73 
1902.24 
1902.705 
1902.245 
1902.635 
1902.225 
1902.605 
1901.815 
1902.225 
1901.79 
1902.16 
1901.795 
1902.15 
1901.75 
1902.05 
1902.165 
1902.545 
1902.14 
1902.56 
1902.17 
1902.525 
1902.125 
1902.435 
1901.875 
1902.14 
1901.76 
1902.15 
1901.825 
1902.08 
1901.75 
1902.06 
1902.205 
1902.545 
1902.13 
1902.46 
1902.12 
1902.525 
1902.135 
1902.55 
1901.805 
1902.085 
1901.755 
1902.095 
1901.815 
1902.185 
1901.74 
1902.1 
1902.25 
1902.67 
1902.165 
1902.605 
1902.305 
1902.625 
1902.28 
1902.63 
1901.89 
1902.255 
1901.81 
1902.2 
1901.855 
1902.235 
1901.895 
1902.26 
1902.34 
1902.72 
1902.325 
1902.685 
1902.31 
1902.745 
1902.305 
1902.64 
1901.91 
1902.24 
1901.84 
1902.215 
1901.885 
1902.23 
1901.84 
1902.175 
1902.34 
1902.64 
1902.225 
1902.62 
1902.25 
1902.655 
1902.275 
1902.655 
1901.93 
1902.245 
1901.86 
1902.25 
1901.885 
1902.245 
1901.835 
1902.175 
1902.28 
1902.69 
1902.235 
1902.615 
1902.185 
1902.59 
1902.205 
1902.6 
1901.79 
1902.135 
1901.76 
1902.06 
1901.74 
1902.06 
1901.715 
1902.08 
1902.175 
1902.415 
1902.005 
1902.46 
1902.1 
1902.43 
1902.08 
1902.335 
1901.575 
1902.065 
1901.53 
1901.875 
1901.64 
1901.905 
1901.525 
1901.915 
1901.96 
1902.42 
1901.95 
1902.33 
1902.035 
1902.385 
1902.0 
1902.38 
1901.67 
1901.96 
1901.63 
1901.985 
1901.635 
1902.04 
1901.65 
1902.04 
1902.115 
1902.485 
1902.145 
1902.485 
1902.225 
1902.49 
1902.16 
1902.56 
1901.93 
1902.3 
1901.95 
1902.29 
1901.955 
1902.33 
1901.885 
1902.215 
1902.42 
1902.705 
1902.285 
1902.685 
1902.4 
1902.71 
1902.265 
1902.665 
1901.945 
1902.3 
1901.94 
1902.31 
1901.93 
1902.28 
1901.85 
1902.22 
1902.345 
1902.68 
1902.245 
1902.64 
1902.275 
1902.65 
1902.24 
1902.65 
1901.92 
1902.245 
1901.815 
1902.225 
1901.88 
1902.13 
1901.785 
1902.095 
1902.26 
1902.57 
1902.15 
1902.585 
1902.185 
1902.51 
1902.135 
1902.595 
1901.725 
1902.09 
1901.71 
1901.985 
1901.68 
1902.08 
1901.62 
1901.945 
1902.07 
1902.38 
1901.995 
1902.405 
1902.065 
1902.36 
1901.99 
1902.305 
1901.65 
1902.005 
1901.585 
1901.89 
1901.615 
1901.89 
1901.52 
1901.85 
1901.925 
1902.335 
1901.95 
1902.27 
1901.98 
1902.34 
1901.925 
1902.345 
1901.62 
1901.905 
1901.525 
1901.92 
1901.575 
1901.895 
1901.565 
1901.875 
1902.0 
1902.43 
1901.995 
1902.44 
1902.065 
1902.43 
1902.05 
1902.445 
1901.705 
1902.08 
1901.66 
1901.965 
1901.695 
1902.06 
1901.66 
1902.07 
1902.095 
1902.49 
1902.075 
1902.505 
1902.13 
1902.54 
1902.15 
1902.49 
1901.71 
1902.135 
1901.68 
1902.06 
1901.725 
1902.05 
1901.74 
1902.05 
1902.175 
1902.5 
1902.12 
1902.425 
1902.13 
1902.46 
1902.19 
1902.505 
1901.895 
1902.145 
1901.765 
1902.13 
1901.785 
1902.02 
1901.705 
1902.07 
1902.165 
1902.54 
1902.135 
1902.495 
1902.16 
1902.555 
1902.025 
1902.465 
1901.785 
1902.085 
1901.69 
1902.005 
1901.66 
1902.015 
1901.65 
1901.91 
1901.99 
1902.365 
1901.965 
1902.335 
1901.965 
1902.345 
1901.955 
1902.19 
1901.55 
1901.905 
1901.5 
1901.84 
1901.515 
1901.83 
1901.48 
1901.835 
1901.95 
1902.235 
1901.93 
1902.27 
1901.905 
1902.28 
1901.925 
1902.29 
1901.57 
1901.88 
1901.51 
1901.885 
1901.58 
1901.88 
1901.565 
1901.885 
1901.975 
1902.395 
1902.0 
1902.435 
1902.1 
1902.505 
1902.06 
1902.47 
1901.8 
1902.105 
1901.73 
1902.07 
1901.745 
1902.1 
1901.715 
1902.07 
1902.14 
1902.49 
1902.175 
1902.505 
1902.19 
1902.54 
1902.135 
1902.53 
1901.79 
1902.105 
1901.77 
1902.095 
1901.78 
1902.07 
1901.67 
1902.005 
1902.14 
1902.47 
1902.115 
1902.45 
1902.195 
1902.495 
1902.165 
1902.525 
1901.775 
1902.065 
1901.725 
1902.065 
1901.78 
1902.045 
1901.695 
1902.085 
1902.175 
1902.465 
1902.08 
1902.53 
1902.135 
1902.44 
1902.095 
1902.46 
1901.69 
1902.02 
1901.675 
1902.03 
1901.675 
1902.035 
1901.59 
1901.955 
1902.01 
1902.37 
1901.97 
1902.385 
1902.03 
1902.34 
1902.095 
1902.315 
1901.625 
1901.99 
1901.7 
1901.985 
1901.665 
1901.97 
1901.62 
1901.995 
1902.07 
1902.42 
1902.075 
1902.405 
1902.06 
1902.44 
1902.05 
1902.4 
1901.625 
1902.01 
1901.625 
1902.04 
1901.69 
1902.075 
1901.62 
1902.025 
1902.13 
1902.495 
1902.115 
1902.48 
1902.16 
1902.5 
1902.155 
1902.54 
1901.84 
1902.14 
1901.75 
1902.105 
1901.78 
1902.14 
1901.695 
1902.105 
1902.205 
1902.555 
1902.125 
1902.575 
1902.155 
1902.56 
1902.1 
1902.505 
1901.78 
1902.13 
1901.77 
1902.07 
1901.685 
1902.075 
1901.705 
1902.065 
1902.12 
1902.495 
1902.075 
1902.465 
1902.135 
1902.44 
1902.1 
1902.445 
1901.79 
1902.06 
1901.8 
1902.14 
1901.73 
1902.095 
1901.715 
1902.03 
1902.185 
1902.56 
1902.085 
1902.54 
1902.115 
1902.435 
1902.045 
1902.445 
1901.77 
1902.075 
1901.63 
1901.975 
1901.65 
1901.975 
1901.525 
1901.98 
1902.005 
1902.32 
1901.92 
1902.39 
1901.925 
1902.355 
1901.905 
1902.255 
1901.55 
1901.935 
1901.49 
1901.85 
1901.53 
1901.83 
1901.465 
1901.86 
1901.94 
1902.335 
1901.895 
1902.3 
1901.945 
1902.34 
1901.92 
1902.36 
1901.56 
1901.87 
1901.545 
1901.975 
1901.595 
1901.95 
1901.52 
1901.9 
1902.025 
1902.415 
1902.015 
1902.45 
1902.06 
1902.42 
1902.07 
1902.47 
1901.83 
1902.16 
1901.865 
1902.16 
1901.955 
1902.185 
1901.775 
1902.195 
1902.3 
1902.63 
1902.19 
1902.585 
1902.215 
1902.575 
1902.225 
1902.52 
1901.82 
1902.185 
1901.72 
1902.14 
1901.8 
1902.13 
1901.745 
1902.07 
1902.155 
1902.5 
1902.105 
1902.485 
1902.12 
1902.53 
1902.07 
1902.52 
1901.835 
1902.08 
1901.685 
1902.135 
1901.72 
1902.095 
1901.72 
1902.045 
1902.085 
1902.495 
1902.02 
1902.435 
1902.07 
1902.465 
1902.065 
1902.41 
1901.65 
1902.0 
1901.595 
1901.92 
1901.575 
1901.935 
1901.55 
1901.895 
1901.98 
1902.325 
1901.915 
1902.27 
1901.91 
1902.32 
1901.86 
1902.205 
1901.54 
1901.975 
1901.52 
1901.91 
1901.565 
1901.835 
1901.475 
1901.845 
1901.91 
1902.275 
1901.895 
1902.255 
1901.9 
1902.26 
1901.89 
1902.29 
1901.59 
1901.91 
1901.535 
1901.86 
1901.57 
1901.975 
1901.53 
1901.91 
1902.01 
1902.48 
1902.035 
1902.445 
1902.045 
1902.395 
1902.045 
1902.43 
1901.715 
1902.04 
1901.695 
1902.06 
1901.7 
1902.075 
1901.655 
1902.055 
1902.12 
1902.475 
1902.085 
1902.465 
1902.085 
1902.465 
1902.095 
1902.46 
1901.745 
1902.065 
1901.695 
1902.0 
1901.67 
1902.015 
1901.665 
1902.015 
1902.1 
1902.375 
1902.065 
1902.4 
1902.135 
1902.37 
1902.115 
1902.42 
1901.825 
1902.11 
1901.7 
1902.15 
1901.765 
1902.145 
1901.69 
1902.015 
1902.125 
1902.51 
1902.09 
1902.48 
1902.095 
1902.435 
1901.98 
1902.46 
1901.65 
1902.015 
1901.605 
1901.925 
1901.605 
1902.02 
1901.53 
1901.92 
1902.0 
1902.33 
1901.98 
1902.295 
1901.995 
1902.32 
1901.88 
1902.17 
1901.53 
1901.915 
1901.5 
1901.78 
1901.455 
1901.81 
1901.44 
1901.75 
1901.895 
1902.24 
1901.855 
1902.245 
1901.955 
1902.28 
1901.925 
1902.325 
1901.575 
1901.885 
1901.54 
1901.975 
1901.58 
1901.98 
1901.585 
1901.95 
1902.065 
1902.42 
1902.09 
1902.465 
1902.165 
1902.385 
1902.105 
1902.525 
1901.83 
1902.175 
1901.775 
1902.13 
1901.795 
1902.2 
1901.75 
1902.165 
1902.21 
1902.555 
1902.145 
1902.59 
1902.235 
1902.59 
1902.175 
1902.54 
1901.85 
1902.175 
1901.835 
1902.105 
1901.75 
1902.15 
1901.75 
1902.085 
1902.165 
1902.54 
1902.165 
1902.53 
1902.12 
1902.545 
1902.165 
1902.6 
1901.83 
1902.15 
1901.705 
1902.09 
1901.75 
1902.055 
1901.66 
1902.05 
1902.135 
1902.5 
1902.06 
1902.465 
1902.145 
1902.465 
1902.105 
1902.505 
1901.635 
1902.03 
1901.625 
1901.935 
1901.595 
1901.975 
1901.58 
1901.905 
1902.035 
1902.285 
1901.945 
1902.335 
1901.965 
1902.305 
1901.945 
1902.22 
1901.625 
1901.97 
1901.565 
1901.945 
1901.56 
1901.84 
1901.5 
1901.91 
1901.98 
1902.325 
1901.91 
1902.305 
1901.97 
1902.32 
1901.91 
1902.36 
1901.66 
1901.925 
1901.59 
1901.925 
1901.6 
1901.955 
1901.595 
1901.95 
1902.08 
1902.42 
1902.09 
1902.475 
1902.125 
1902.47 
1902.17 
1902.46 
1901.76 
1902.075 
1901.735 
1902.115 
1901.805 
1902.115 
1901.74 
1902.075 
1902.195 
1902.58 
1902.145 
1902.565 
1902.215 
1902.565 
1902.155 
1902.525 
1901.8 
1902.085 
1901.76 
1902.155 
1901.78 
1902.1 
1901.735 
1902.08 
1902.15 
1902.52 
1902.14 
1902.495 
1902.215 
1902.575 
1902.225 
1902.6 
1901.815 
1902.175 
1901.76 
1902.135 
1901.78 
1902.165 
1901.755 
1902.12 
1902.16 
1902.575 
1902.125 
1902.53 
1902.13 
1902.48 
1902.145 
1902.495 
1901.695 
1902.06 
1901.67 
1902.0 
1901.665 
1902.005 
1901.61 
1901.925 
1902.035 
1902.375 
1901.985 
1902.365 
1902.01 
1902.335 
1901.96 
1902.3 
1901.545 
1901.94 
1901.54 
1901.915 
1901.575 
1901.86 
1901.49 
1901.825 
1901.92 
1902.25 
1901.925 
1902.25 
1901.99 
1902.32 
1902.005 
1902.355 
1901.575 
1901.88 
1901.565 
1901.945 
1901.6 
1901.99 
1901.625 
1901.935 
1902.065 
1902.45 
1902.085 
1902.46 
1902.14 
1902.39 
1902.1 
1902.505 
1901.84 
1902.155 
1901.845 
1902.135 
1901.85 
1902.215 
1901.89 
1902.17 
1902.24 
1902.555 
1902.2 
1902.56 
1902.22 
1902.6 
1902.19 
1902.55 
1901.855 
