Run 0 on 20200811 on sample T20-5d, LT thermometer,  dT/T0 = 0.02
Time per point = 3.125e-05 seconds
-5421.435 
-5422.07 
-5421.95 
-5422.33 
-5422.115 
-5422.66 
-5422.485 
-5423.33 
-5423.175 
-5423.59 
-5423.415 
-5423.875 
-5423.705 
-5424.155 
-5423.995 
-5424.03 
-5423.82 
-5424.365 
-5424.13 
-5424.64 
-5424.48 
-5424.97 
-5424.835 
-5425.865 
-5425.79 
-5426.295 
-5426.265 
-5426.795 
-5426.76 
-5427.395 
-5427.38 
-5427.565 
-5427.55 
-5428.26 
-5428.15 
-5428.915 
-5428.94 
-5429.67 
-5429.645 
-5430.7 
-5430.69 
-5431.48 
-5431.43 
-5432.085 
-5432.16 
-5432.865 
-5432.805 
-5433.035 
-5432.98 
-5433.685 
-5433.565 
-5434.14 
-5433.97 
-5434.665 
-5434.45 
-5435.315 
-5435.185 
-5435.625 
-5435.42 
-5435.845 
-5435.605 
-5435.97 
-5435.61 
-5435.5 
-5435.165 
-5435.52 
-5435.12 
-5435.29 
-5434.995 
-5435.135 
-5434.615 
-5435.24 
-5434.78 
-5434.955 
-5434.495 
-5434.625 
-5434.075 
-5434.26 
-5433.78 
-5433.47 
-5432.87 
-5433.055 
-5432.445 
-5432.475 
-5432.015 
-5432.075 
-5431.445 
-5431.945 
-5431.36 
-5431.515 
-5430.835 
-5430.87 
-5430.37 
-5430.34 
-5429.625 
-5429.245 
-5428.615 
-5428.64 
-5427.925 
-5427.855 
-5427.175 
-5427.22 
-5426.52 
-5426.95 
-5426.2 
-5426.215 
-5425.41 
-5425.485 
-5424.74 
-5424.7 
-5424.04 
-5423.525 
-5422.815 
-5422.9 
-5422.175 
-5422.215 
-5421.565 
-5421.595 
-5420.925 
-5421.445 
-5420.845 
-5420.96 
-5420.38 
-5420.49 
-5419.92 
-5420.105 
-5419.635 
-5419.31 
-5418.835 
-5419.06 
-5418.57 
-5418.75 
-5418.36 
-5418.57 
-5418.055 
-5418.7 
-5418.25 
-5418.525 
-5418.05 
-5418.305 
-5417.885 
-5417.985 
-5417.54 
-5417.265 
-5416.775 
-5416.9 
-5416.3 
-5416.385 
-5415.77 
-5415.805 
-5415.135 
-5415.575 
-5414.84 
-5414.81 
-5413.97 
-5413.85 
-5413.03 
-5412.88 
-5412.025 
-5411.305 
-5410.385 
-5410.155 
-5409.23 
-5408.865 
-5407.885 
-5407.5 
-5406.445 
-5406.4 
-5405.4 
-5404.985 
-5403.89 
-5403.425 
-5402.265 
-5401.9 
-5400.745 
-5399.79 
-5398.7 
-5398.185 
-5397.05 
-5396.535 
-5395.385 
-5394.945 
-5393.715 
-5393.62 
-5392.4 
-5391.955 
-5390.755 
-5390.23 
-5389.03 
-5388.555 
-5387.255 
-5386.44 
-5385.2 
-5384.73 
-5383.525 
-5382.94 
-5381.755 
-5381.32 
-5380.09 
-5379.94 
-5378.735 
-5378.28 
-5377.015 
-5376.605 
-5375.53 
-5375.025 
-5373.95 
-5373.04 
-5371.885 
-5371.555 
-5370.48 
-5370.095 
-5369.14 
-5368.785 
-5367.76 
-5367.89 
-5367.02 
-5366.805 
-5365.965 
-5365.74 
-5364.895 
-5364.715 
-5364.02 
-5363.36 
-5362.67 
-5362.585 
-5361.865 
-5361.805 
-5361.145 
-5361.17 
-5360.485 
-5360.84 
-5360.2 
-5360.285 
-5359.54 
-5359.57 
-5358.895 
-5358.88 
-5358.19 
-5357.7 
-5357.03 
-5357.015 
-5356.24 
-5356.065 
-5355.275 
-5355.18 
-5354.285 
-5354.47 
-5353.625 
-5353.38 
-5352.41 
-5352.18 
-5351.165 
-5350.81 
-5349.77 
-5348.855 
-5347.79 
-5347.415 
-5346.275 
-5345.75 
-5344.595 
-5344.075 
-5342.775 
-5342.69 
-5341.455 
-5340.875 
-5339.61 
-5338.95 
-5337.68 
-5337.05 
-5335.79 
-5334.645 
-5333.4 
-5332.69 
-5331.33 
-5330.695 
-5329.4 
-5328.74 
-5327.415 
-5327.085 
-5325.815 
-5325.2 
-5323.895 
-5323.17 
-5321.855 
-5321.145 
-5319.83 
-5318.725 
-5317.385 
-5316.8 
-5315.44 
-5314.79 
-5313.475 
-5312.925 
-5311.595 
-5311.335 
-5310.07 
-5309.45 
-5308.255 
-5307.715 
-5306.5 
-5305.94 
-5304.785 
-5303.835 
-5302.695 
-5302.29 
-5301.23 
-5300.825 
-5299.825 
-5299.41 
-5298.42 
-5298.63 
-5297.695 
-5297.495 
-5296.66 
-5296.405 
-5295.68 
-5295.525 
-5294.93 
-5294.275 
-5293.675 
-5293.625 
-5292.92 
-5293.005 
-5292.4 
-5292.47 
-5291.91 
-5292.35 
-5291.76 
-5291.985 
-5291.46 
-5291.48 
-5290.99 
-5291.08 
-5290.485 
-5290.205 
-5289.565 
-5289.59 
-5289.015 
-5289.04 
-5288.37 
-5288.485 
-5287.78 
-5288.06 
-5287.415 
-5287.255 
-5286.505 
-5286.35 
-5285.585 
-5285.31 
-5284.47 
-5283.74 
-5282.805 
-5282.495 
-5281.585 
-5281.19 
-5280.16 
-5279.715 
-5278.57 
-5278.615 
-5277.495 
-5277.04 
-5275.895 
-5275.295 
-5274.06 
-5273.535 
-5272.285 
-5271.195 
-5269.91 
-5269.265 
-5267.825 
-5267.235 
-5265.82 
-5265.09 
-5263.62 
-5263.21 
-5261.72 
-5260.885 
-5259.275 
-5258.345 
-5256.815 
-5255.74 
-5254.06 
-5252.55 
-5250.865 
-5249.625 
-5247.79 
-5246.575 
-5244.61 
-5243.415 
-5241.33 
-5240.4 
-5238.3 
-5236.785 
-5234.6 
-5233.04 
-5230.72 
-5229.06 
-5226.72 
-5224.475 
-5221.985 
-5220.18 
-5217.62 
-5215.62 
-5213.03 
-5210.85 
-5208.03 
-5206.39 
-5203.515 
-5201.205 
-5198.19 
-5195.66 
-5192.57 
-5190.09 
-5186.825 
-5183.655 
-5180.28 
-5177.46 
-5173.785 
-5170.755 
-5167.015 
-5163.82 
-5159.845 
-5156.765 
-5152.51 
-5148.98 
-5144.605 
-5140.72 
-5136.195 
-5132.085 
-5127.095 
-5122.305 
-5117.18 
-5112.545 
-5107.12 
-5102.21 
-5096.375 
-5091.225 
-5085.215 
-5079.99 
-5073.615 
-5067.825 
-5061.075 
-5055.01 
-5047.965 
-5041.515 
-5034.21 
-5026.885 
-5019.21 
-5012.15 
-5004.145 
-4996.62 
-4988.38 
-4980.59 
-4971.895 
-4964.225 
-4955.295 
-4946.855 
-4937.625 
-4928.855 
-4919.315 
-4910.33 
-4900.475 
-4890.645 
-4880.515 
-4870.87 
-4860.325 
-4850.42 
-4839.655 
-4829.415 
-4818.345 
-4808.195 
-4796.8 
-4786.015 
-4774.345 
-4763.18 
-4751.3 
-4739.835 
-4727.595 
-4715.415 
-4702.91 
-4690.955 
-4678.12 
-4665.735 
-4652.65 
-4640.13 
-4626.775 
-4614.325 
-4600.765 
-4587.645 
-4573.72 
-4560.43 
-4546.385 
-4532.88 
-4518.505 
-4504.265 
-4489.685 
-4475.85 
-4461.03 
-4446.825 
-4431.945 
-4417.61 
-4402.475 
-4388.42 
-4373.105 
-4358.51 
-4343.15 
-4328.305 
-4312.76 
-4297.955 
-4282.3 
-4266.755 
-4250.995 
-4235.85 
-4219.885 
-4204.69 
-4188.705 
-4173.395 
-4157.32 
-4142.23 
-4126.02 
-4110.525 
-4094.305 
-4078.635 
-4062.325 
-4046.58 
-4030.08 
-4013.86 
-3997.37 
-3981.51 
-3964.9 
-3948.88 
-3932.17 
-3916.215 
-3899.42 
-3883.84 
-3866.965 
-3850.875 
-3833.93 
-3817.695 
-3800.895 
-3784.67 
-3767.72 
-3750.925 
-3733.945 
-3717.725 
-3700.76 
-3684.35 
-3667.395 
-3651.05 
-3634.115 
-3618.195 
-3601.165 
-3585.01 
-3568.08 
-3551.81 
-3534.885 
-3518.77 
-3501.93 
-3485.34 
-3468.57 
-3452.49 
-3435.685 
-3419.695 
-3403.115 
-3387.07 
-3370.51 
-3354.94 
-3338.45 
-3322.67 
-3306.205 
-3290.395 
-3274.04 
-3258.28 
-3241.935 
-3225.84 
-3209.485 
-3194.02 
-3177.775 
-3162.295 
-3146.095 
-3130.69 
-3114.595 
-3099.625 
-3083.595 
-3068.26 
-3052.335 
-3037.025 
-3021.17 
-3005.96 
-2990.155 
-2974.65 
-2958.87 
-2943.93 
-2928.285 
-2913.35 
-2897.845 
-2882.955 
-2867.43 
-2853.17 
-2837.79 
-2823.175 
-2807.91 
-2793.35 
-2778.11 
-2763.76 
-2748.715 
-2733.91 
-2719.02 
-2704.755 
-2689.825 
-2675.69 
-2660.955 
-2646.955 
-2632.315 
-2618.74 
-2604.155 
-2590.36 
-2575.875 
-2562.03 
-2547.655 
-2534.0 
-2519.65 
-2505.565 
-2491.365 
-2477.795 
-2463.645 
-2450.05 
-2435.95 
-2422.485 
-2408.44 
-2395.535 
-2381.58 
-2368.205 
-2354.295 
-2341.045 
-2327.135 
-2314.005 
-2300.15 
-2286.6 
-2272.81 
-2259.845 
-2246.11 
-2233.1 
-2219.585 
-2206.605 
-2193.08 
-2180.685 
-2167.235 
-2154.545 
-2141.245 
-2128.465 
-2115.23 
-2102.75 
-2089.525 
-2076.68 
-2063.565 
-2051.15 
-2038.02 
-2025.835 
-2012.935 
-2000.735 
-1987.85 
-1976.09 
-1963.335 
-1951.335 
-1938.625 
-1926.685 
-1914.055 
-1902.15 
-1889.545 
-1877.195 
-1864.77 
-1852.945 
-1840.5 
-1828.655 
-1816.305 
-1804.625 
-1792.36 
-1780.985 
-1768.67 
-1757.0 
-1744.755 
-1733.125 
-1720.95 
-1709.43 
-1697.255 
-1685.3 
-1673.085 
-1661.74 
-1649.695 
-1638.27 
-1626.24 
-1614.95 
-1602.92 
-1592.1 
-1580.265 
-1569.1 
-1557.24 
-1545.975 
-1534.31 
-1523.26 
-1511.605 
-1500.125 
-1488.575 
-1477.68 
-1466.075 
-1455.265 
-1443.87 
-1433.045 
-1421.68 
-1411.385 
-1400.02 
-1389.455 
-1378.21 
-1367.64 
-1356.475 
-1346.03 
-1334.875 
-1323.995 
-1312.89 
-1302.595 
-1291.59 
-1281.24 
-1270.195 
-1260.04 
-1249.15 
-1239.375 
-1228.545 
-1218.43 
-1207.61 
-1197.515 
-1186.89 
-1176.85 
-1166.19 
-1155.78 
-1145.19 
-1135.335 
-1124.835 
-1114.99 
-1104.64 
-1094.84 
-1084.515 
-1075.32 
-1065.035 
-1055.6 
-1045.435 
-1035.915 
-1025.83 
-1016.57 
-1006.625 
-996.875 
-987.08 
-977.88 
-968.065 
-959.085 
-949.36 
-940.44 
-930.83 
-922.33 
-912.77 
-904.085 
-894.675 
-885.925 
-876.585 
-867.865 
-858.595 
-849.595 
-840.33 
-831.8 
-822.62 
-814.125 
-804.925 
-796.56 
-787.475 
-779.515 
-770.57 
-762.155 
-753.12 
-744.8 
-735.98 
-727.725 
-718.815 
-710.13 
-701.235 
-693.19 
-684.35 
-676.195 
-667.49 
-659.39 
-650.75 
-643.19 
-634.545 
-626.625 
-618.085 
-610.16 
-601.66 
-593.945 
-585.535 
-577.32 
-568.955 
-561.36 
-553.06 
-545.455 
-537.305 
-529.8 
-521.61 
-514.52 
-506.34 
-499.15 
-491.13 
-483.735 
-475.835 
-468.58 
-460.61 
-453.055 
-445.235 
-438.075 
-430.295 
-423.16 
-415.365 
-408.385 
-400.715 
-394.12 
-386.455 
-379.465 
-371.9 
-365.05 
-357.475 
-350.64 
-343.165 
-335.875 
-328.465 
-321.755 
-314.415 
-307.595 
-300.39 
-293.765 
-286.44 
-280.37 
-273.245 
-266.765 
-259.66 
-253.245 
-246.19 
-239.965 
-233.0 
-226.31 
-219.38 
-213.195 
-206.32 
-200.18 
-193.475 
-187.425 
-180.63 
-175.045 
-168.4 
-162.46 
-155.87 
-149.86 
-143.375 
-137.475 
-130.845 
-124.54 
-118.03 
-112.225 
-105.72 
-99.8 
-93.29 
-87.45 
-80.985 
-75.52 
-69.115 
-63.225 
-56.74 
-50.945 
-44.5 
-38.62 
-32.12 
-25.82 
-19.34 
-13.525 
-7.05 
-1.21 
5.21 
11.105 
17.525 
22.8 
29.19 
34.925 
41.275 
47.05 
53.475 
59.085 
65.375 
71.535 
77.745 
83.385 
89.65 
95.23 
101.405 
106.895 
113.085 
118.145 
124.28 
129.635 
135.685 
141.135 
147.115 
152.445 
158.51 
164.19 
170.1 
175.4 
181.335 
186.69 
192.54 
197.705 
203.575 
208.325 
214.11 
219.225 
225.055 
230.215 
235.905 
241.0 
246.715 
252.15 
257.91 
262.83 
268.475 
273.515 
279.02 
283.91 
289.53 
293.96 
299.46 
304.2 
309.64 
314.48 
319.94 
324.575 
329.87 
335.025 
340.325 
344.915 
350.19 
354.75 
359.96 
364.51 
369.715 
373.86 
379.055 
383.475 
388.63 
393.205 
398.35 
402.83 
408.07 
412.975 
418.11 
422.595 
427.81 
432.34 
437.52 
442.055 
447.35 
451.515 
456.825 
461.4 
466.75 
471.325 
476.62 
481.32 
486.655 
491.805 
497.185 
501.845 
507.27 
511.98 
517.38 
522.1 
527.56 
531.85 
537.325 
541.995 
547.415 
552.165 
557.62 
562.2 
567.63 
572.73 
578.105 
582.72 
588.15 
592.765 
598.04 
602.7 
607.91 
612.145 
617.475 
621.92 
627.125 
631.7 
636.885 
641.36 
646.555 
651.41 
656.49 
660.88 
666.045 
670.48 
675.56 
679.895 
684.925 
688.895 
693.86 
698.16 
703.195 
707.475 
712.335 
716.57 
721.49 
726.155 
731.01 
735.115 
739.945 
744.05 
748.78 
752.89 
757.58 
761.205 
765.775 
769.735 
774.31 
778.27 
782.775 
786.64 
791.045 
795.3 
799.655 
803.36 
807.805 
811.44 
815.765 
819.38 
823.665 
826.855 
831.145 
834.59 
838.835 
842.35 
846.575 
850.09 
854.3 
858.255 
862.335 
865.86 
870.095 
873.59 
877.735 
881.235 
885.485 
888.6 
892.79 
896.31 
900.51 
904.12 
908.26 
911.775 
915.97 
920.05 
924.235 
927.67 
931.945 
935.515 
939.69 
943.25 
947.41 
950.5 
954.7 
958.215 
962.29 
965.765 
969.88 
973.325 
977.42 
981.24 
985.205 
988.595 
992.595 
995.92 
999.83 
1003.08 
1006.995 
1009.83 
1013.71 
1016.805 
1020.54 
1023.79 
1027.54 
1030.57 
1034.34 
1037.76 
1041.425 
1044.375 
1048.03 
1051.065 
1054.62 
1057.49 
1061.045 
1063.535 
1067.05 
1069.86 
1073.325 
1076.19 
1079.525 
1082.255 
1085.645 
1088.785 
1092.16 
1094.775 
1098.025 
1100.68 
1103.775 
1106.435 
1109.65 
1111.71 
1114.78 
1117.145 
1120.165 
1122.64 
1125.625 
1127.865 
1130.845 
1133.565 
1136.42 
1138.575 
1141.485 
1143.61 
1146.355 
1148.475 
1151.18 
1152.97 
1155.695 
1157.605 
1160.305 
1162.335 
1165.03 
1167.035 
1169.79 
1172.07 
1174.76 
1176.79 
1179.41 
1181.54 
1184.215 
1186.095 
1188.76 
1190.42 
1193.095 
1195.115 
1197.84 
1199.85 
1202.505 
1204.515 
1207.25 
1209.815 
1212.52 
1214.505 
1217.205 
1219.29 
1222.04 
1224.075 
1226.81 
1228.37 
1231.06 
1233.09 
1235.75 
1237.73 
1240.495 
1242.335 
1245.065 
1247.38 
1250.005 
1251.935 
1254.53 
1256.46 
1258.99 
1260.79 
1263.37 
1264.945 
1267.44 
1269.22 
1271.715 
1273.545 
1275.995 
1277.805 
1280.34 
1282.53 
1284.95 
1286.74 
1289.22 
1291.045 
1293.51 
1295.275 
1297.745 
1299.175 
1301.6 
1303.46 
1305.95 
1307.805 
1310.22 
1312.03 
1314.525 
1316.815 
1319.29 
1321.11 
1323.59 
1325.46 
1327.93 
1329.785 
1332.3 
1333.645 
1336.13 
1337.9 
1340.41 
1342.18 
1344.725 
1346.39 
1348.905 
1351.045 
1353.475 
1355.265 
1357.725 
1359.505 
1361.865 
1363.595 
1366.035 
1367.41 
1369.855 
1371.51 
1373.965 
1375.72 
1378.145 
1379.96 
1382.395 
1384.575 
1387.07 
1388.82 
1391.34 
1393.18 
1395.75 
1397.47 
1399.99 
1401.5 
1404.05 
1405.905 
1408.48 
1410.345 
1412.955 
1414.875 
1417.42 
1419.875 
1422.42 
1424.36 
1426.935 
1428.9 
1431.515 
1433.475 
1436.1 
1437.605 
1440.125 
1442.01 
1444.57 
1446.48 
1449.105 
1450.86 
1453.43 
1455.745 
1458.1 
1460.0 
1462.505 
1464.295 
1466.69 
1468.4 
1470.895 
1472.205 
1474.665 
1476.3 
1478.67 
1480.38 
1482.795 
1484.53 
1486.89 
1488.965 
1491.345 
1493.05 
1495.335 
1497.115 
1499.46 
1501.14 
1503.485 
1504.76 
1507.14 
1508.785 
1511.27 
1512.99 
1515.29 
1517.015 
1519.365 
1521.59 
1524.02 
1525.685 
1528.055 
1529.82 
1532.185 
1533.9 
1536.295 
1537.61 
1539.895 
1541.595 
1543.885 
1545.53 
1547.885 
1549.53 
1551.755 
1553.765 
1555.93 
1557.485 
1559.805 
1561.345 
1563.45 
1564.96 
1567.175 
1568.235 
1570.34 
1571.79 
1573.865 
1575.32 
1577.31 
1578.695 
1580.865 
1582.58 
1584.565 
1585.99 
1587.925 
1589.365 
1591.34 
1592.595 
1594.555 
1595.485 
1597.4 
1598.615 
1600.585 
1601.785 
1603.675 
1604.935 
1606.76 
1608.365 
1610.195 
1611.315 
1613.08 
1614.205 
1615.89 
1617.045 
1618.74 
1619.325 
1620.955 
1621.88 
1623.5 
1624.375 
1626.005 
1626.8 
1628.26 
1629.48 
1630.98 
1631.65 
1633.145 
1633.81 
1635.12 
1635.705 
1637.115 
1637.415 
1638.7 
1639.255 
1640.495 
1641.12 
1642.33 
1642.91 
1644.18 
1645.17 
1646.355 
1646.95 
1648.145 
1648.815 
1650.055 
1650.64 
1651.865 
1652.085 
1653.295 
1653.97 
1655.38 
1655.97 
1657.295 
1657.9 
1659.28 
1660.475 
1661.855 
1662.51 
1663.915 
1664.72 
1666.07 
1666.845 
1668.38 
1668.64 
1670.03 
1670.82 
1672.22 
1673.015 
1674.495 
1675.205 
1676.58 
1677.795 
1679.24 
1679.94 
1681.455 
1682.115 
1683.535 
1684.295 
1685.775 
1686.07 
1687.48 
1688.19 
1689.545 
1690.31 
1691.61 
1692.335 
1693.77 
1694.86 
1696.235 
1696.93 
1698.375 
1699.035 
1700.505 
1701.09 
1702.535 
1702.905 
1704.26 
1704.93 
1706.295 
1706.93 
1708.275 
1708.955 
1710.235 
1711.32 
1712.59 
1713.12 
1714.39 
1715.005 
1716.25 
1716.745 
1718.03 
1718.09 
1719.195 
1719.635 
1720.71 
1721.215 
1722.28 
1722.585 
1723.57 
1724.425 
1725.43 
1725.715 
1726.695 
1727.025 
1727.835 
1728.11 
1729.06 
1728.95 
1729.885 
1730.02 
1730.91 
1731.085 
1731.99 
1732.215 
1733.17 
1733.79 
1734.74 
1734.965 
1735.965 
1736.31 
1737.27 
1737.535 
1738.565 
1738.5 
1739.5 
1739.985 
1741.09 
1741.47 
1742.66 
1743.08 
1744.26 
1745.235 
1746.535 
1746.955 
1748.255 
1748.86 
1750.12 
1750.73 
1752.075 
1752.32 
1753.59 
1754.245 
1755.575 
1756.32 
1757.69 
1758.275 
1759.66 
1760.825 
1762.15 
1762.825 
1764.255 
1764.865 
1766.215 
1766.935 
1768.295 
1768.55 
1769.92 
1770.54 
1771.865 
1772.575 
1773.91 
1774.55 
1776.025 
1777.025 
1778.385 
1779.02 
1780.38 
1781.045 
1782.365 
1782.965 
1784.26 
1784.48 
1785.74 
1786.41 
1787.745 
1788.29 
1789.475 
1790.1 
1791.285 
1792.32 
1793.51 
1793.965 
1795.125 
1795.625 
1796.655 
1797.09 
1798.155 
1798.075 
1799.11 
1799.415 
1800.385 
1800.685 
1801.58 
1801.71 
1802.6 
1803.245 
1804.015 
1804.11 
1805.005 
1805.035 
1805.725 
1805.83 
1806.485 
1806.17 
1806.93 
1806.92 
1807.49 
1807.555 
1808.265 
1808.265 
1808.95 
1809.395 
1810.03 
1810.025 
1810.805 
1810.885 
1811.705 
1811.72 
1812.49 
1812.205 
1812.99 
1813.215 
1814.07 
1814.24 
1815.15 
1815.375 
1816.28 
1817.045 
1818.085 
1818.315 
1819.365 
1819.78 
1820.73 
1821.16 
1822.28 
1822.16 
1823.27 
1823.71 
1824.77 
1825.25 
1826.41 
1826.84 
1827.93 
1828.845 
1829.94 
1830.36 
1831.6 
1832.035 
1833.11 
1833.52 
1834.68 
1834.705 
1835.86 
1836.2 
1837.335 
1837.835 
1838.9 
1839.31 
1840.455 
1841.23 
1842.335 
1842.7 
1843.8 
1844.255 
1845.29 
1845.64 
1846.695 
1846.69 
1847.63 
1848.005 
1849.005 
1849.305 
1850.31 
1850.525 
1851.5 
1852.24 
1853.06 
1853.27 
1854.165 
1854.38 
1855.16 
1855.26 
1856.105 
1855.725 
1856.4 
1856.375 
1857.075 
1857.065 
1857.735 
1857.55 
1858.115 
1858.445 
1859.02 
1858.8 
1859.275 
1859.13 
1859.495 
1859.225 
1859.655 
1859.055 
1859.475 
1859.15 
1859.575 
1859.295 
1859.71 
1859.46 
1859.85 
1860.03 
1860.41 
1860.195 
1860.615 
1860.465 
1861.035 
1860.825 
1861.33 
1860.8 
1861.3 
1861.27 
1861.9 
1861.88 
1862.58 
1862.525 
1863.255 
1863.775 
1864.57 
1864.62 
1865.365 
1865.495 
1866.32 
1866.54 
1867.42 
1867.195 
1868.08 
1868.24 
1869.22 
1869.435 
1870.35 
1870.52 
1871.5 
1872.165 
1873.07 
1873.36 
1874.33 
1874.54 
1875.485 
1875.65 
1876.62 
1876.525 
1877.48 
1877.63 
1878.475 
1878.795 
1879.68 
1879.855 
1880.86 
1881.465 
1882.385 
1882.565 
1883.475 
1883.785 
1884.6 
1884.765 
1885.62 
1885.475 
1886.31 
1886.435 
1887.34 
1887.44 
1888.275 
1888.35 
1889.055 
1889.65 
1890.38 
1890.375 
1891.1 
1891.065 
1891.78 
1891.69 
1892.38 
1891.845 
1892.395 
1892.265 
1892.765 
1892.595 
1893.11 
1892.785 
1893.175 
1893.33 
1893.79 
1893.495 
1893.845 
1893.53 
1893.775 
1893.39 
1893.73 
1892.935 
1893.265 
1892.85 
1893.085 
1892.74 
1892.985 
1892.6 
1892.995 
1892.995 
1893.365 
1893.03 
1893.37 
1893.085 
1893.425 
1893.1 
1893.625 
1893.025 
1893.42 
1893.27 
1893.895 
1893.735 
1894.29 
1894.225 
1894.78 
1895.21 
1895.915 
1895.835 
1896.505 
1896.55 
1897.335 
1897.4 
1898.22 
1897.905 
1898.665 
1898.8 
1899.655 
1899.77 
1900.555 
1900.615 
1901.495 
1902.09 
1902.96 
1903.155 
1903.99 
1904.13 
1904.945 
1905.145 
1906.015 
1905.8 
1906.655 
1906.85 
1907.62 
1907.85 
1908.695 
1908.755 
1909.745 
1910.225 
1911.08 
1911.32 
1912.115 
1912.415 
1913.175 
1913.385 
1914.185 
1914.11 
1914.785 
1915.045 
1915.85 
1915.93 
1916.7 
1916.825 
1917.6 
1918.12 
1918.915 
1918.91 
1919.565 
1919.66 
1920.315 
1920.31 
1920.985 
1920.5 
1921.07 
1920.945 
1921.46 
1921.335 
1921.83 
1921.635 
1922.045 
1922.24 
1922.63 
1922.36 
1922.795 
1922.48 
1922.755 
1922.515 
1922.74 
1922.11 
1922.41 
1921.975 
1922.27 
1921.93 
1922.215 
1921.835 
1922.165 
1922.235 
1922.51 
1922.16 
1922.47 
1922.15 
1922.585 
1922.185 
1922.6 
1921.895 
1922.28 
1922.04 
1922.545 
1922.275 
1922.75 
1922.54 
1923.065 
1923.345 
1923.915 
1923.71 
1924.255 
1924.19 
1924.715 
1924.595 
1925.225 
1924.64 
1925.245 
1925.11 
1925.72 
1925.635 
1926.205 
1926.08 
1926.605 
1926.925 
1927.45 
1927.36 
1927.94 
1927.82 
1928.355 
1928.16 
1928.71 
1928.23 
1928.74 
1928.48 
1929.04 
1928.885 
1929.315 
1929.18 
1929.685 
1929.94 
1930.44 
1930.145 
1930.615 
1930.54 
1931.01 
1930.77 
1931.22 
1930.595 
1931.095 
1930.835 
1931.31 
1931.1 
1931.57 
1931.265 
1931.615 
1931.835 
1932.23 
1931.885 
1932.215 
1931.89 
1932.195 
1931.815 
1932.25 
1931.335 
1931.615 
1931.16 
1931.375 
1930.93 
1931.075 
1930.575 
1930.72 
1930.545 
1930.695 
1930.105 
1930.225 
1929.645 
1929.665 
1929.07 
1929.085 
1928.185 
1928.195 
1927.48 
1927.485 
1926.895 
1926.925 
1926.23 
1926.31 
1926.085 
1926.17 
1925.465 
1925.555 
1925.01 
1925.18 
1924.49 
1924.655 
1923.785 
1923.86 
1923.38 
1923.615 
1923.155 
1923.325 
1922.915 
1923.185 
1923.2 
1923.595 
1923.13 
1923.46 
1923.135 
1923.44 
1923.165 
1923.505 
1922.87 
1923.195 
1922.85 
1923.27 
1923.02 
1923.445 
1923.11 
1923.535 
1923.81 
1924.21 
1923.94 
1924.4 
1924.145 
1924.67 
1924.35 
1924.875 
1924.26 
1924.725 
1924.54 
1925.065 
1924.915 
1925.46 
1925.24 
1925.865 
1926.21 
1926.705 
1926.585 
1927.25 
1927.2 
1927.885 
1927.82 
1928.4 
1928.015 
1928.705 
1928.715 
1929.4 
1929.365 
1930.02 
1930.135 
1930.765 
1931.31 
1932.045 
1932.06 
1932.78 
1932.83 
1933.49 
1933.53 
1934.245 
1933.82 
1934.48 
1934.39 
1935.075 
1935.04 
1935.745 
1935.59 
1936.225 
1936.635 
1937.195 
1937.085 
1937.69 
1937.555 
1938.065 
1937.95 
1938.435 
1937.935 
1938.45 
1938.255 
1938.76 
1938.63 
1939.07 
1938.885 
1939.45 
1939.675 
1940.175 
1939.98 
1940.535 
1940.42 
1940.935 
1940.75 
1941.275 
1940.78 
1941.23 
1941.13 
1941.71 
1941.615 
1942.18 
1942.055 
1942.64 
1943.045 
1943.595 
1943.4 
1944.005 
1943.95 
1944.54 
1944.38 
1945.065 
1944.56 
1945.07 
1944.895 
1945.45 
1945.445 
1945.995 
1945.73 
1946.3 
1946.63 
1947.095 
1946.965 
1947.455 
1947.295 
1947.795 
1947.61 
1948.11 
1947.565 
1948.11 
1947.915 
1948.35 
1948.265 
1948.82 
1948.61 
1949.185 
1949.45 
1950.075 
1949.875 
1950.435 
1950.395 
1950.99 
1950.845 
1951.385 
1951.09 
1951.65 
1951.625 
1952.29 
1952.225 
1952.795 
1952.82 
1953.41 
1953.865 
1954.525 
1954.405 
1955.025 
1955.055 
1955.645 
1955.525 
1956.195 
1955.69 
1956.185 
1956.1 
1956.665 
1956.545 
1957.055 
1956.755 
1957.29 
1957.53 
1957.93 
1957.685 
1958.135 
1957.825 
1958.18 
1957.845 
1958.155 
1957.555 
1957.84 
1957.385 
1957.65 
1957.285 
1957.515 
1957.11 
1957.355 
1957.345 
1957.555 
1957.07 
1957.3 
1956.885 
1957.1 
1956.565 
1956.82 
1955.9 
1956.1 
1955.625 
1955.775 
1955.315 
1955.415 
1954.88 
1955.06 
1954.98 
1955.145 
1954.495 
1954.65 
1954.085 
1954.15 
1953.605 
1953.645 
1952.725 
1952.73 
1952.12 
1952.125 
1951.445 
1951.535 
1950.835 
1950.82 
1950.525 
1950.525 
1949.87 
1949.815 
1949.085 
1949.09 
1948.34 
1948.36 
1947.325 
1947.315 
1946.63 
1946.585 
1946.005 
1945.96 
1945.34 
1945.475 
1945.265 
1945.34 
1944.825 
1944.9 
1944.49 
1944.68 
1944.205 
1944.32 
1943.635 
1943.9 
1943.535 
1943.86 
1943.49 
1943.85 
1943.54 
1943.91 
1944.13 
1944.575 
1944.245 
1944.62 
1944.475 
1944.895 
1944.72 
1945.22 
1944.535 
1945.05 
1944.805 
1945.265 
1945.045 
1945.61 
1945.28 
1945.79 
1945.995 
1946.46 
1946.2 
1946.71 
1946.405 
1946.82 
1946.535 
1946.925 
1946.34 
1946.715 
1946.425 
1946.79 
1946.5 
1946.86 
1946.605 
1946.91 
1947.065 
1947.385 
1947.01 
1947.405 
1947.12 
1947.51 
1947.05 
1947.455 
1946.66 
1946.925 
1946.605 
1946.945 
1946.555 
1946.9 
1946.47 
1946.755 
1946.81 
1947.095 
1946.62 
1946.825 
1946.42 
1946.6 
1946.12 
1946.42 
1945.515 
1945.62 
1945.11 
1945.21 
1944.745 
1944.875 
1944.205 
1944.28 
1944.135 
1944.19 
1943.59 
1943.7 
1943.1 
1943.135 
1942.48 
1942.565 
1941.565 
1941.64 
1940.945 
1941.065 
1940.53 
1940.58 
1940.025 
1940.18 
1940.06 
1940.31 
1939.7 
1939.895 
1939.565 
1939.775 
1939.345 
1939.575 
1938.88 
1939.145 
1938.79 
1939.21 
1938.845 
1939.225 
1938.935 
1939.375 
1939.59 
1940.08 
1939.725 
1940.185 
1940.025 
1940.46 
1940.215 
1940.79 
1940.115 
1940.59 
1940.375 
1940.82 
1940.58 
1941.06 
1940.73 
1941.17 
1941.41 
1941.775 
1941.48 
1941.945 
1941.57 
1941.96 
1941.66 
1941.93 
1941.355 
1941.75 
1941.255 
1941.58 
1941.2 
1941.49 
1941.07 
1941.385 
1941.33 
1941.665 
1941.23 
1941.47 
1941.125 
1941.285 
1940.77 
1941.025 
1940.22 
1940.425 
1939.91 
1940.17 
1939.705 
1939.825 
1939.31 
1939.39 
1939.375 
1939.65 
1938.935 
1939.125 
1938.57 
1938.68 
1938.135 
1938.175 
1937.225 
1937.28 
1936.6 
1936.63 
1936.07 
1936.09 
1935.29 
1935.285 
1935.11 
1935.11 
1934.425 
1934.475 
1933.705 
1933.835 
1933.105 
1933.115 
1932.065 
1932.09 
1931.42 
1931.465 
1930.89 
1930.915 
1930.36 
1930.52 
1930.38 
1930.565 
1930.075 
1930.205 
1929.865 
1930.095 
1929.645 
1929.965 
1929.23 
1929.53 
1929.145 
1929.575 
1929.31 
1929.66 
1929.36 
1929.8 
1930.065 
1930.53 
1930.285 
1930.79 
1930.515 
1931.065 
1930.86 
1931.385 
1930.775 
1931.26 
1931.0 
1931.405 
1931.285 
1931.77 
1931.425 
1931.885 
1932.1 
1932.47 
1932.18 
1932.65 
1932.405 
1932.64 
1932.395 
1932.715 
1931.995 
1932.345 
1931.865 
1932.185 
1931.84 
1932.145 
1931.72 
1932.005 
1931.99 
1932.23 
1931.83 
1932.055 
1931.675 
1931.925 
1931.395 
1931.7 
1930.825 
1930.975 
1930.455 
1930.735 
1930.215 
1930.405 
1929.88 
1930.06 
1930.035 
1930.22 
1929.605 
1929.685 
1929.23 
1929.28 
1928.695 
1928.875 
1927.905 
1927.99 
1927.32 
1927.465 
1926.845 
1926.895 
1926.225 
1926.25 
1925.965 
1926.02 
1925.34 
1925.5 
1924.675 
1924.75 
1923.99 
1924.085 
1923.06 
1923.125 
1922.435 
1922.49 
1921.895 
1921.995 
1921.38 
1921.565 
1921.48 
1921.545 
1920.97 
1921.165 
1920.76 
1920.995 
1920.555 
1920.74 
1919.99 
1920.235 
1919.92 
1920.22 
1919.86 
1920.19 
1919.86 
1920.23 
1920.39 
1920.79 
1920.415 
1920.76 
1920.545 
1920.845 
1920.57 
1921.0 
1920.29 
1920.55 
1920.235 
1920.555 
1920.23 
1920.535 
1920.125 
1920.39 
1920.485 
1920.715 
1920.305 
1920.615 
1920.14 
1920.36 
1919.84 
1920.08 
1919.28 
1919.495 
1918.875 
1919.0 
1918.575 
1918.68 
1918.185 
1918.42 
1918.215 
1918.46 
1917.785 
1917.995 
1917.555 
1917.65 
1917.06 
1917.285 
1916.27 
1916.435 
1915.94 
1916.095 
1915.595 
1915.795 
1915.16 
1915.35 
1915.235 
1915.435 
1914.855 
1915.055 
1914.49 
1914.615 
1914.06 
1914.21 
1913.32 
1913.41 
1912.845 
1912.94 
1912.44 
1912.525 
1911.88 
1912.045 
1911.945 
1912.035 
1911.49 
1911.665 
1911.015 
1911.15 
1910.575 
1910.735 
1909.81 
1910.0 
1909.39 
1909.575 
1909.085 
1909.27 
1908.785 
1909.07 
1909.045 
1909.345 
1908.915 
1909.185 
1908.835 
1909.23 
1908.82 
1909.14 
1908.605 
1908.94 
1908.64 
1909.085 
1908.8 
1909.24 
1908.925 
1909.425 
1909.63 
1910.15 
1909.84 
1910.275 
1910.09 
1910.48 
1910.29 
1910.74 
1910.015 
1910.48 
1910.195 
1910.55 
1910.295 
1910.685 
1910.335 
1910.65 
1910.76 
1911.11 
1910.735 
1911.125 
1910.725 
1910.945 
1910.54 
1910.82 
1910.13 
1910.415 
1909.92 
1910.22 
1909.82 
1910.095 
1909.705 
1910.06 
1910.03 
1910.305 
1909.945 
1910.28 
1909.995 
1910.29 
1909.875 
1910.215 
1909.525 
1909.87 
1909.515 
1910.085 
1909.64 
1910.075 
1909.81 
1910.295 
1910.49 
1911.01 
1910.65 
1911.125 
1910.92 
1911.315 
1911.135 
1911.66 
1911.02 
1911.565 
1911.265 
1911.785 
1911.63 
1912.14 
1911.91 
1912.38 
1912.68 
1913.21 
1913.01 
1913.555 
1913.355 
1913.91 
1913.685 
1914.225 
1913.76 
1914.235 
1914.05 
1914.585 
1914.55 
1915.08 
1914.985 
1915.65 
1916.005 
1916.485 
1916.465 
1917.075 
1917.025 
1917.78 
1917.67 
1918.33 
1917.99 
1918.545 
1918.58 
1919.24 
1919.145 
1919.795 
1919.765 
1920.38 
1920.775 
1921.455 
1921.335 
1921.94 
1921.845 
1922.435 
1922.26 
1922.86 
1922.29 
1922.775 
1922.49 
1922.93 
1922.735 
1923.23 
1922.85 
1923.23 
1923.375 
1923.69 
1923.36 
1923.695 
1923.285 
1923.59 
1923.105 
1923.41 
1922.78 
1922.995 
1922.495 
1922.76 
1922.33 
1922.52 
1922.12 
1922.4 
1922.37 
1922.615 
1922.15 
1922.45 
1922.075 
1922.42 
1921.965 
1922.28 
1921.59 
1921.875 
1921.545 
1921.93 
1921.635 
1921.995 
1921.71 
1922.065 
1922.24 
1922.72 
1922.405 
1922.88 
1922.655 
1923.115 
1922.855 
1923.35 
1922.735 
1923.185 
1923.0 
1923.36 
1923.245 
1923.76 
1923.41 
1923.87 
1924.09 
1924.575 
1924.365 
1924.855 
1924.575 
1925.11 
1924.765 
1925.33 
1924.66 
1925.165 
1924.92 
1925.445 
1925.18 
1925.615 
1925.385 
1925.93 
1926.09 
1926.565 
1926.36 
1926.795 
1926.66 
1927.105 
1926.79 
1927.285 
1926.705 
1927.155 
1926.875 
1927.34 
1927.085 
1927.435 
1927.15 
1927.525 
1927.69 
1928.08 
1927.645 
1928.01 
1927.65 
1927.825 
1927.345 
1927.685 
1926.77 
1927.065 
1926.445 
1926.58 
1926.1 
1926.23 
1925.54 
1925.63 
1925.45 
1925.555 
1924.855 
1924.92 
1924.255 
1924.205 
1923.57 
1923.545 
1922.465 
1922.505 
1921.72 
1921.665 
1921.05 
1921.01 
1920.39 
1920.535 
1920.28 
1920.345 
1919.745 
1919.865 
1919.395 
1919.55 
1919.03 
1919.24 
1918.395 
1918.675 
1918.275 
1918.62 
1918.26 
1918.58 
1918.24 
1918.69 
1918.905 
1919.33 
1919.065 
1919.565 
1919.4 
1919.915 
1919.76 
1920.435 
1919.885 
1920.44 
1920.335 
1920.93 
1920.88 
1921.53 
1921.41 
1922.01 
1922.455 
1923.01 
1923.03 
1923.69 
1923.64 
1924.285 
1924.21 
1924.925 
1924.6 
1925.26 
1925.19 
1925.885 
1925.92 
1926.525 
1926.585 
1927.27 
1927.655 
1928.285 
1928.285 
1928.92 
1928.97 
1929.615 
1929.555 
1930.15 
1929.765 
1930.345 
1930.215 
1930.8 
1930.645 
1931.165 
1931.01 
1931.51 
1931.75 
1932.245 
1931.93 
1932.305 
1931.97 
1932.28 
1931.985 
1932.265 
1931.405 
1931.56 
1931.16 
1931.22 
1930.73 
1930.885 
1930.235 
1930.33 
1930.065 
1930.135 
1929.43 
1929.47 
1928.745 
1928.625 
1927.9 
1927.855 
1926.78 
1926.745 
1925.965 
1925.885 
1925.19 
1925.15 
1924.45 
1924.425 
1924.24 
1924.26 
1923.525 
1923.59 
1923.06 
1923.2 
1922.64 
1922.765 
1921.95 
1922.105 
1921.705 
1921.915 
1921.51 
1921.845 
1921.52 
1921.895 
1922.13 
1922.595 
1922.25 
1922.765 
1922.57 
1923.06 
1922.895 
1923.565 
1922.985 
1923.54 
1923.395 
1923.985 
1923.96 
1924.55 
1924.48 
1925.065 
1925.505 
1926.13 
1926.095 
1926.83 
1926.735 
1927.385 
1927.4 
1928.05 
1927.62 
1928.32 
1928.215 
1928.87 
1928.885 
1929.445 
1929.51 
1930.15 
1930.57 
1931.145 
1931.085 
1931.715 
1931.71 
1932.25 
1932.12 
1932.655 
1932.34 
1932.765 
1932.625 
1933.155 
1932.945 
1933.36 
1933.16 
1933.485 
1933.72 
1934.07 
1933.645 
1933.985 
1933.575 
1933.835 
1933.345 
1933.54 
1932.595 
