Run 0 on 20200811 on sample T20-5d, LT thermometer,  dT/T0 = 0.02
Time per point = 3.125e-05 seconds
7935.79 
7934.945 
7934.85 
7934.06 
7933.94 
7933.11 
7933.035 
7931.81 
7931.635 
7930.835 
7930.775 
7930.0 
7929.925 
7929.18 
7929.08 
7928.83 
7928.87 
7928.165 
7928.285 
7927.655 
7927.71 
7927.12 
7927.27 
7926.45 
7926.635 
7926.2 
7926.49 
7926.09 
7926.395 
7926.045 
7926.52 
7926.675 
7927.005 
7926.795 
7927.38 
7927.215 
7927.7 
7927.58 
7928.19 
7927.785 
7928.42 
7928.375 
7929.03 
7929.03 
7929.71 
7929.675 
7930.36 
7930.85 
7931.595 
7931.545 
7932.255 
7932.255 
7932.965 
7932.99 
7933.705 
7933.375 
7933.99 
7933.885 
7934.52 
7934.57 
7935.205 
7935.045 
7935.615 
7935.945 
7936.515 
7936.375 
7936.85 
7936.685 
7937.145 
7936.865 
7937.25 
7936.54 
7936.88 
7936.5 
7936.77 
7936.355 
7936.545 
7936.01 
7936.23 
7936.09 
7936.155 
7935.485 
7935.565 
7934.915 
7934.945 
7934.11 
7934.035 
7932.84 
7932.67 
7931.87 
7931.68 
7930.8 
7930.55 
7929.51 
7929.235 
7928.775 
7928.47 
7927.43 
7927.09 
7926.09 
7925.73 
7924.735 
7924.35 
7922.95 
7922.575 
7921.44 
7921.17 
7920.205 
7919.815 
7918.775 
7918.525 
7917.91 
7917.665 
7916.695 
7916.46 
7915.605 
7915.425 
7914.555 
7914.39 
7913.2 
7913.075 
7912.31 
7912.19 
7911.55 
7911.535 
7910.92 
7910.96 
7910.815 
7910.87 
7910.36 
7910.435 
7910.025 
7910.225 
7909.81 
7909.94 
7909.165 
7909.39 
7909.045 
7909.345 
7909.0 
7909.295 
7908.945 
7909.365 
7909.48 
7909.86 
7909.575 
7909.935 
7909.7 
7910.05 
7909.75 
7910.18 
7909.48 
7909.92 
7909.54 
7909.92 
7909.64 
7909.98 
7909.67 
7909.95 
7910.025 
7910.32 
7909.95 
7910.285 
7909.88 
7910.055 
7909.605 
7909.865 
7909.03 
7909.195 
7908.675 
7908.785 
7908.22 
7908.39 
7907.785 
7907.795 
7907.585 
7907.575 
7906.86 
7906.865 
7906.195 
7906.125 
7905.35 
7905.26 
7904.085 
7903.95 
7903.125 
7903.0 
7902.16 
7901.945 
7901.085 
7900.915 
7900.53 
7900.37 
7899.44 
7899.275 
7898.42 
7898.265 
7897.42 
7897.29 
7896.115 
7895.95 
7895.055 
7894.975 
7894.22 
7894.13 
7893.455 
7893.425 
7893.08 
7893.18 
7892.495 
7892.58 
7892.06 
7892.205 
7891.695 
7891.93 
7891.09 
7891.285 
7890.94 
7891.21 
7890.895 
7891.295 
7891.03 
7891.495 
7891.745 
7892.155 
7892.03 
7892.61 
7892.525 
7893.125 
7893.13 
7893.75 
7893.35 
7894.03 
7894.04 
7894.85 
7894.87 
7895.63 
7895.635 
7896.46 
7896.975 
7897.665 
7897.83 
7898.61 
7898.77 
7899.505 
7899.64 
7900.51 
7900.125 
7900.92 
7900.935 
7901.705 
7901.775 
7902.445 
7902.465 
7903.17 
7903.615 
7904.225 
7904.205 
7904.82 
7904.69 
7905.295 
7905.11 
7905.645 
7905.06 
7905.465 
7905.21 
7905.6 
7905.295 
7905.575 
7905.235 
7905.47 
7905.42 
7905.59 
7905.07 
7905.205 
7904.725 
7904.76 
7904.05 
7904.16 
7902.985 
7902.92 
7902.185 
7902.04 
7901.235 
7901.05 
7900.14 
7899.995 
7899.57 
7899.295 
7898.36 
7898.06 
7897.105 
7896.795 
7895.835 
7895.575 
7894.25 
7893.99 
7892.895 
7892.66 
7891.705 
7891.405 
7890.5 
7890.185 
7889.645 
7889.45 
7888.525 
7888.33 
7887.51 
7887.415 
7886.57 
7886.54 
7885.365 
7885.305 
7884.57 
7884.625 
7883.91 
7884.01 
7883.44 
7883.56 
7883.425 
7883.57 
7883.08 
7883.355 
7882.98 
7883.305 
7882.85 
7883.195 
7882.46 
7882.8 
7882.555 
7882.98 
7882.78 
7883.12 
7882.855 
7883.305 
7883.62 
7884.05 
7883.86 
7884.325 
7884.16 
7884.65 
7884.405 
7884.955 
7884.32 
7884.765 
7884.54 
7885.0 
7884.86 
7885.265 
7884.99 
7885.39 
7885.555 
7885.865 
7885.61 
7885.975 
7885.6 
7885.885 
7885.4 
7885.705 
7884.94 
7885.005 
7884.47 
7884.605 
7884.09 
7884.135 
7883.56 
7883.53 
7883.27 
7883.24 
7882.405 
7882.295 
7881.59 
7881.41 
7880.54 
7880.29 
7878.955 
7878.72 
7877.745 
7877.43 
7876.425 
7875.98 
7874.955 
7874.52 
7873.885 
7873.415 
7872.29 
7871.785 
7870.66 
7870.12 
7869.0 
7868.515 
7866.955 
7866.37 
7865.13 
7864.7 
7863.505 
7863.055 
7861.845 
7861.39 
7860.595 
7860.19 
7859.035 
7858.635 
7857.52 
7857.105 
7856.06 
7855.67 
7854.235 
7853.855 
7852.875 
7852.545 
7851.615 
7851.285 
7850.33 
7850.105 
7849.555 
7849.33 
7848.345 
7848.135 
7847.26 
7847.03 
7846.11 
7845.86 
7844.725 
7844.505 
7843.525 
7843.325 
7842.43 
7842.095 
7841.11 
7840.735 
7840.295 
7839.87 
7838.735 
7838.365 
7837.165 
7836.67 
7835.47 
7834.93 
7833.19 
7832.505 
7830.995 
7830.22 
7828.71 
7827.8 
7826.095 
7825.01 
7823.64 
7822.45 
7820.43 
7819.055 
7817.0 
7815.36 
7813.07 
7811.32 
7808.525 
7806.585 
7803.83 
7801.695 
7798.7 
7796.39 
7793.23 
7790.67 
7787.78 
7784.95 
7781.325 
7778.305 
7774.515 
7771.255 
7767.095 
7763.61 
7758.93 
7755.135 
7750.53 
7746.58 
7741.765 
7737.425 
7732.3 
7727.865 
7723.03 
7718.185 
7712.675 
7707.57 
7701.815 
7696.58 
7690.57 
7685.13 
7678.535 
7672.815 
7666.235 
7660.36 
7653.69 
7647.535 
7640.625 
7634.24 
7627.6 
7621.16 
7613.805 
7607.12 
7599.67 
7592.73 
7585.035 
7578.015 
7569.785 
7562.625 
7554.59 
7547.15 
7538.975 
7531.46 
7523.105 
7515.425 
7507.45 
7499.625 
7490.94 
7482.965 
7474.22 
7466.055 
7457.2 
7448.87 
7439.495 
7431.04 
7421.815 
7413.31 
7404.065 
7395.27 
7385.855 
7377.06 
7367.86 
7358.9 
7349.235 
7340.085 
7330.28 
7321.03 
7311.02 
7301.76 
7291.125 
7281.66 
7271.38 
7261.74 
7251.415 
7241.65 
7231.1 
7221.19 
7210.975 
7200.935 
7190.14 
7179.92 
7169.145 
7158.78 
7147.775 
7137.315 
7125.84 
7115.265 
7103.995 
7093.22 
7081.825 
7071.025 
7059.5 
7048.515 
7037.285 
7026.225 
7014.345 
7003.28 
6991.355 
6980.09 
6968.045 
6956.65 
6944.105 
6932.545 
6920.385 
6908.82 
6896.475 
6884.75 
6872.335 
6860.595 
6848.55 
6836.735 
6824.17 
6812.23 
6799.645 
6787.725 
6775.065 
6763.125 
6750.06 
6738.0 
6725.24 
6713.255 
6700.545 
6688.5 
6675.75 
6663.61 
6651.345 
6639.31 
6626.64 
6614.63 
6601.935 
6590.02 
6577.275 
6565.355 
6552.35 
6540.45 
6527.89 
6516.05 
6503.52 
6491.775 
6479.33 
6467.56 
6455.625 
6443.935 
6431.55 
6420.02 
6407.78 
6396.235 
6384.035 
6372.66 
6360.13 
6348.73 
6336.69 
6325.385 
6313.46 
6302.2 
6290.23 
6279.065 
6267.7 
6256.61 
6244.86 
6233.805 
6222.135 
6211.17 
6199.57 
6188.67 
6176.645 
6165.805 
6154.185 
6143.45 
6132.015 
6121.215 
6109.835 
6099.155 
6088.135 
6077.525 
6066.2 
6055.54 
6044.235 
6033.595 
6022.305 
6011.715 
6000.115 
5989.57 
5978.305 
5967.74 
5956.46 
5945.91 
5934.765 
5924.215 
5913.435 
5902.835 
5891.59 
5881.125 
5869.945 
5859.43 
5848.17 
5837.605 
5826.035 
5815.495 
5804.265 
5793.725 
5782.535 
5771.955 
5760.7 
5750.145 
5739.36 
5728.845 
5717.61 
5707.05 
5695.88 
5685.365 
5674.175 
5663.635 
5652.165 
5641.655 
5630.44 
5619.925 
5608.935 
5598.4 
5587.305 
5576.925 
5566.33 
5555.98 
5544.98 
5534.665 
5523.66 
5513.495 
5502.51 
5492.375 
5481.155 
5471.08 
5460.2 
5450.175 
5439.43 
5429.485 
5418.81 
5408.91 
5398.735 
5388.98 
5378.345 
5368.59 
5358.24 
5348.555 
5338.195 
5328.505 
5317.845 
5308.315 
5298.06 
5288.545 
5278.41 
5268.99 
5258.87 
5249.515 
5240.01 
5230.66 
5220.63 
5211.35 
5201.435 
5192.205 
5182.335 
5173.175 
5162.955 
5153.805 
5143.97 
5134.875 
5125.17 
5116.11 
5106.335 
5097.35 
5088.075 
5079.07 
5069.315 
5060.415 
5050.77 
5041.755 
5032.095 
5023.145 
5013.205 
5004.21 
4994.56 
4985.555 
4975.89 
4967.0 
4957.38 
4948.45 
4939.235 
4930.32 
4920.635 
4911.68 
4902.1 
4893.15 
4883.5 
4874.605 
4864.505 
4855.53 
4845.92 
4836.955 
4827.35 
4818.365 
4808.67 
4799.81 
4790.62 
4781.69 
4772.055 
4763.15 
4753.565 
4744.735 
4735.11 
4726.3 
4716.31 
4707.445 
4697.915 
4689.105 
4679.785 
4671.02 
4661.56 
4652.895 
4644.01 
4635.335 
4626.125 
4617.545 
4608.36 
4599.865 
4590.69 
4582.38 
4572.91 
4564.535 
4555.535 
4547.34 
4538.475 
4530.36 
4521.52 
4513.51 
4505.255 
4497.35 
4488.6 
4480.835 
4472.365 
4464.68 
4456.27 
4448.535 
4439.98 
4432.365 
4424.16 
4416.685 
4408.605 
4401.21 
4393.07 
4385.885 
4378.425 
4371.23 
4363.26 
4356.145 
4348.36 
4341.38 
4333.625 
4326.685 
4318.635 
4311.69 
4304.045 
4297.155 
4289.69 
4282.845 
4275.34 
4268.525 
4261.48 
4254.805 
4247.355 
4240.625 
4233.295 
4226.56 
4219.115 
4212.52 
4204.725 
4198.08 
4190.745 
4183.995 
4176.615 
4169.975 
4162.6 
4155.96 
4148.99 
4142.28 
4134.795 
4128.14 
4120.795 
4114.095 
4106.625 
4099.92 
4092.06 
4085.25 
4077.81 
4071.045 
4063.59 
4056.735 
4049.25 
4042.415 
4035.405 
4028.61 
4021.085 
4014.25 
4006.745 
3999.995 
3992.465 
3985.685 
3977.75 
3970.95 
3963.425 
3956.64 
3949.265 
3942.53 
3935.085 
3928.315 
3921.42 
3914.755 
3907.46 
3900.8 
3893.55 
3886.95 
3879.67 
3873.15 
3865.675 
3859.125 
3852.045 
3845.615 
3838.625 
3832.265 
3825.3 
3819.105 
3812.64 
3806.43 
3799.54 
3793.5 
3786.85 
3780.725 
3774.055 
3768.06 
3761.045 
3755.145 
3748.6 
3742.825 
3736.31 
3730.63 
3724.18 
3718.5 
3712.57 
3706.96 
3700.58 
3695.035 
3688.75 
3683.29 
3677.04 
3671.55 
3664.955 
3659.44 
3653.2 
3647.925 
3641.765 
3636.36 
3630.235 
3624.795 
3619.16 
3613.78 
3607.69 
3602.315 
3596.26 
3590.89 
3584.735 
3579.37 
3573.005 
3567.665 
3561.49 
3556.12 
3549.94 
3544.53 
3538.405 
3532.96 
3527.24 
3521.81 
3515.54 
3510.06 
3503.875 
3498.415 
3492.195 
3486.585 
3479.885 
3474.32 
3468.105 
3462.52 
3456.155 
3450.555 
3444.27 
3438.6 
3432.825 
3427.205 
3420.845 
3415.18 
3408.865 
3403.28 
3396.985 
3391.37 
3384.69 
3379.1 
3372.73 
3367.18 
3360.955 
3355.41 
3349.195 
3343.675 
3337.94 
3332.42 
3326.295 
3320.95 
3314.85 
3309.575 
3303.47 
3298.27 
3291.915 
3286.68 
3280.78 
3275.62 
3269.8 
3264.725 
3258.94 
3253.96 
3248.74 
3243.85 
3238.045 
3233.28 
3227.845 
3223.01 
3217.57 
3212.835 
3207.015 
3202.355 
3197.025 
3192.415 
3187.095 
3182.535 
3177.265 
3172.725 
3167.98 
3163.555 
3158.335 
3153.875 
3148.74 
3144.36 
3139.235 
3134.825 
3129.365 
3124.915 
3119.775 
3115.435 
3110.375 
3106.0 
3100.875 
3096.46 
3091.765 
3087.38 
3082.175 
3077.755 
3072.695 
3068.11 
3062.96 
3058.45 
3052.85 
3048.32 
3043.035 
3038.42 
3033.12 
3028.48 
3023.1 
3018.47 
3013.54 
3008.83 
3003.28 
2998.545 
2993.165 
2988.355 
2982.77 
2977.94 
2971.9 
2967.02 
2961.435 
2956.505 
2950.885 
2945.89 
2940.165 
2935.155 
2930.025 
2925.02 
2919.245 
2914.28 
2908.55 
2903.495 
2897.835 
2892.835 
2886.785 
2881.74 
2875.975 
2871.04 
2865.41 
2860.44 
2854.765 
2849.885 
2844.66 
2839.785 
2834.235 
2829.5 
2824.015 
2819.185 
2813.72 
2809.115 
2803.31 
2798.595 
2793.38 
2788.735 
2783.485 
2778.96 
2773.85 
2769.405 
2764.805 
2760.405 
2755.38 
2751.11 
2746.225 
2742.025 
2737.085 
2733.0 
2727.74 
2723.72 
2718.96 
2714.96 
2710.335 
2706.445 
2701.755 
2697.955 
2693.815 
2689.97 
2685.49 
2681.705 
2677.215 
2673.525 
2669.12 
2665.445 
2660.68 
2656.93 
2652.6 
2648.96 
2644.725 
2641.09 
2636.785 
2633.15 
2629.305 
2625.8 
2621.51 
2618.035 
2613.78 
2610.185 
2605.885 
2602.385 
2597.68 
2594.17 
2589.88 
2586.355 
2582.09 
2578.48 
2574.285 
2570.745 
2566.91 
2563.26 
2558.925 
2555.5 
2551.24 
2547.615 
2543.295 
2539.705 
2534.945 
2531.36 
2527.11 
2523.455 
2519.22 
2515.625 
2511.275 
2507.7 
2503.875 
2500.28 
2496.025 
2492.45 
2488.165 
2484.635 
2480.41 
2476.92 
2472.325 
2468.875 
2464.56 
2461.175 
2457.12 
2453.68 
2449.565 
2446.18 
2442.55 
2439.305 
2435.25 
2432.005 
2428.175 
2424.905 
2421.03 
2417.995 
2413.74 
2410.7 
2406.965 
2403.915 
2400.33 
2397.39 
2393.77 
2390.95 
2387.89 
2385.09 
2381.57 
2378.955 
2375.625 
2372.98 
2369.58 
2367.03 
2363.45 
2360.925 
2357.83 
2355.35 
2352.185 
2349.75 
2346.725 
2344.33 
2341.835 
2339.58 
2336.55 
2334.285 
2331.43 
2329.265 
2326.34 
2324.195 
2320.95 
2318.76 
2315.885 
2313.72 
2311.005 
2308.87 
2306.13 
2303.955 
2301.61 
2299.57 
2296.795 
2294.69 
2291.935 
2289.85 
2287.04 
2284.955 
2281.825 
2279.705 
2276.915 
2274.765 
2271.95 
2269.765 
2266.95 
2264.825 
2262.365 
2260.235 
2257.265 
2255.135 
2252.25 
2250.055 
2247.04 
2244.85 
2241.47 
2239.175 
2236.225 
2234.015 
2231.02 
2228.67 
2225.635 
2223.395 
2220.86 
2218.57 
2215.515 
2213.155 
2210.055 
2207.855 
2204.805 
2202.555 
2199.02 
2196.73 
2193.64 
2191.345 
2188.38 
2186.105 
2183.165 
2180.83 
2178.29 
2176.115 
2173.14 
2170.895 
2168.005 
2165.905 
2162.885 
2160.805 
2157.525 
2155.395 
2152.55 
2150.47 
2147.72 
2145.64 
2142.89 
2140.845 
2138.575 
2136.515 
2133.85 
2131.905 
2129.29 
2127.35 
2124.715 
2122.78 
2119.795 
2117.84 
2115.345 
2113.45 
2110.875 
2108.995 
2106.44 
2104.56 
2102.475 
2100.705 
2098.13 
2096.275 
2093.735 
2091.985 
2089.405 
2087.58 
2084.68 
2082.765 
2080.2 
2078.375 
2075.86 
2073.94 
2071.365 
2069.515 
2067.38 
2065.5 
2062.875 
2060.985 
2058.355 
2056.41 
2053.71 
2051.785 
2048.75 
2046.81 
2043.975 
2041.965 
2039.25 
2037.19 
2034.395 
2032.34 
2029.935 
2027.87 
2024.92 
2022.81 
2020.005 
2017.755 
2014.865 
2012.7 
2009.295 
2007.145 
2004.185 
2001.895 
1998.96 
1996.64 
1993.59 
1991.38 
1988.82 
1986.515 
1983.5 
1981.13 
1978.165 
1975.855 
1972.83 
1970.58 
1967.135 
1964.83 
1961.74 
1959.525 
1956.5 
1954.295 
1951.255 
1949.03 
1946.475 
1944.37 
1941.43 
1939.26 
1936.4 
1934.22 
1931.36 
1929.275 
1926.17 
1924.035 
1921.3 
1919.23 
1916.525 
1914.575 
1911.905 
1909.99 
1907.865 
1905.93 
1903.4 
1901.565 
1899.075 
1897.265 
1894.73 
1893.0 
1890.195 
1888.445 
1886.095 
1884.39 
1882.07 
1880.38 
1878.06 
1876.48 
1874.575 
1873.065 
1870.835 
1869.22 
1867.03 
1865.49 
1863.265 
1861.795 
1859.17 
1857.625 
1855.47 
1853.925 
1851.745 
1850.275 
1848.06 
1846.58 
1844.78 
1843.385 
1841.14 
1839.74 
1837.53 
1836.01 
1833.805 
1832.285 
1829.705 
1828.2 
1825.9 
1824.395 
1822.105 
1820.565 
1818.315 
1816.785 
1814.895 
1813.285 
1810.965 
1809.435 
1807.13 
1805.605 
1803.125 
1801.495 
1798.785 
1797.14 
1794.795 
1793.105 
1790.795 
1789.105 
1786.7 
1785.035 
1783.145 
1781.52 
1779.12 
1777.46 
1775.125 
1773.475 
1771.12 
1769.595 
1766.9 
1765.25 
1762.96 
1761.415 
1759.135 
1757.65 
1755.32 
1753.785 
1751.965 
1750.525 
1748.375 
1746.95 
1744.78 
1743.365 
1741.215 
1739.95 
1737.505 
1736.195 
1734.125 
1732.84 
1730.865 
1729.64 
1727.72 
1726.62 
1725.12 
1724.095 
1722.145 
1721.155 
1719.355 
1718.355 
1716.56 
1715.62 
1713.4 
1712.44 
1710.815 
1709.89 
1708.27 
1707.275 
1705.67 
1704.825 
1703.68 
1702.845 
1701.27 
1700.405 
1698.875 
1698.05 
1696.505 
1695.84 
1693.785 
1692.92 
1691.355 
1690.595 
1689.09 
1688.275 
1686.775 
1685.92 
1684.755 
1684.02 
1682.445 
1681.68 
1680.06 
1679.21 
1677.625 
1676.74 
1674.795 
1673.89 
1672.26 
1671.225 
1669.635 
1668.72 
1667.07 
1666.1 
1664.855 
1663.84 
1662.065 
1661.09 
1659.365 
1658.41 
1656.535 
1655.515 
1653.31 
1652.255 
1650.425 
1649.41 
1647.6 
1646.385 
1644.56 
1643.55 
1642.17 
1641.03 
1639.135 
1638.045 
1636.205 
1635.125 
1633.27 
1632.23 
1630.02 
1628.815 
1627.05 
1625.96 
1624.27 
1623.18 
1621.455 
1620.345 
1619.09 
1618.025 
1616.39 
1615.47 
1613.785 
1612.86 
1611.2 
1610.31 
1608.35 
1607.465 
1605.865 
1604.955 
1603.47 
1602.745 
1601.26 
1600.46 
1599.43 
1598.705 
1597.305 
1596.605 
1595.23 
1594.64 
1593.195 
1592.545 
1590.915 
1590.27 
1589.0 
1588.365 
1587.145 
1586.53 
1585.205 
1584.64 
1583.875 
1583.29 
1582.01 
1581.435 
1580.185 
1579.715 
1578.4 
1577.92 
1576.305 
1575.705 
1574.465 
1573.91 
1572.695 
1572.17 
1570.855 
1570.285 
1569.395 
1568.84 
1567.515 
1566.98 
1565.65 
1565.07 
1563.65 
1563.095 
1561.355 
1560.65 
1559.385 
1558.685 
1557.31 
1556.605 
1555.225 
1554.51 
1553.57 
1552.825 
1551.315 
1550.65 
1549.18 
1548.51 
1546.96 
1546.22 
1544.31 
1543.625 
1542.11 
1541.38 
1539.93 
1539.055 
1537.6 
1536.825 
1535.835 
1535.05 
1533.555 
1532.765 
1531.26 
1530.5 
1529.105 
1528.415 
1526.62 
1525.86 
1524.365 
1523.71 
1522.3 
1521.665 
1520.26 
1519.625 
1518.7 
1518.115 
1516.7 
1516.22 
1514.915 
1514.33 
1513.0 
1512.515 
1510.925 
1510.375 
1509.17 
1508.665 
1507.48 
1507.06 
1505.91 
1505.475 
1504.83 
1504.415 
1503.235 
1502.925 
1501.82 
1501.425 
1500.375 
1499.93 
1498.535 
1498.215 
1497.16 
1496.87 
1495.85 
1495.525 
1494.455 
1494.155 
1493.58 
1493.225 
1492.13 
1491.785 
1490.725 
1490.4 
1489.375 
1488.98 
1487.53 
1487.055 
1485.885 
1485.565 
1484.53 
1484.09 
1482.885 
1482.48 
1481.725 
1481.39 
1480.09 
1479.66 
1478.455 
1477.895 
1476.625 
1476.11 
1474.57 
1474.035 
1472.69 
1472.065 
1470.77 
1470.155 
1468.815 
1468.19 
1467.19 
1466.52 
1465.065 
1464.43 
1463.065 
1462.38 
1460.885 
1460.095 
1458.26 
1457.57 
1456.015 
1455.26 
1453.82 
1453.02 
1451.455 
1450.68 
1449.6 
1448.885 
1447.325 
1446.495 
1444.975 
1444.225 
1442.72 
1441.905 
1440.075 
1439.245 
1437.695 
1436.935 
1435.56 
1434.755 
1433.3 
1432.495 
1431.565 
1430.785 
1429.345 
1428.76 
1427.36 
1426.67 
1425.22 
1424.645 
1422.94 
1422.33 
1420.97 
1420.37 
1419.045 
1418.485 
1417.29 
1416.7 
1415.865 
1415.385 
1414.08 
1413.68 
1412.515 
1411.965 
1410.74 
1410.33 
1408.765 
1408.33 
1407.1 
1406.74 
1405.61 
1405.14 
1403.88 
1403.49 
1402.815 
1402.42 
1401.155 
1400.785 
1399.68 
1399.255 
1398.01 
1397.615 
1396.035 
1395.585 
1394.385 
1393.865 
1392.71 
1392.265 
1391.035 
1390.515 
1389.72 
1389.165 
1387.975 
1387.42 
1386.165 
1385.58 
1384.265 
1383.685 
1382.05 
1381.415 
1380.05 
1379.435 
1378.075 
1377.445 
1376.08 
1375.435 
1374.495 
1373.77 
1372.305 
1371.6 
1370.265 
1369.565 
1368.09 
1367.34 
1365.405 
1364.745 
1363.205 
1362.47 
1361.055 
1360.3 
1358.73 
1358.07 
1357.055 
1356.27 
1354.8 
1354.07 
1352.615 
1351.83 
1350.435 
1349.715 
1348.005 
1347.28 
1345.875 
1345.19 
1343.81 
1343.24 
1341.785 
1341.19 
1340.335 
1339.74 
1338.52 
1338.015 
1336.765 
1336.245 
1335.035 
1334.625 
1333.165 
1332.775 
1331.58 
1331.275 
1330.27 
1329.89 
1328.975 
1328.715 
1328.235 
1328.03 
1327.11 
1326.995 
1326.165 
1326.035 
1325.26 
1325.225 
1324.04 
1324.13 
1323.34 
1323.415 
1322.705 
1322.8 
1322.115 
1322.27 
1322.145 
1322.28 
1321.675 
1321.885 
1321.26 
1321.53 
1321.01 
1321.265 
1320.315 
1320.515 
1320.015 
1320.275 
1319.83 
1320.12 
1319.585 
1319.895 
1319.84 
1320.13 
1319.675 
1319.93 
1319.505 
1319.665 
1319.2 
1319.52 
1318.565 
1318.82 
1318.295 
1318.48 
1317.955 
1318.16 
1317.615 
1317.735 
1317.63 
1317.775 
1317.145 
1317.265 
1316.705 
1316.75 
1316.07 
1316.13 
1315.02 
1315.04 
1314.38 
1314.34 
1313.65 
1313.6 
1312.87 
1312.765 
1312.465 
1312.44 
1311.53 
1311.52 
1310.69 
1310.61 
1309.8 
1309.645 
1308.42 
1308.28 
1307.405 
1307.32 
1306.515 
1306.365 
1305.535 
1305.405 
1304.965 
1304.835 
1303.985 
1303.91 
1303.165 
1303.07 
1302.215 
1302.18 
1301.005 
1300.965 
1300.195 
1300.115 
1299.39 
1299.365 
1298.67 
1298.635 
1298.44 
1298.48 
1297.74 
1297.82 
1297.15 
1297.27 
1296.625 
1296.73 
1295.835 
1295.995 
1295.365 
1295.51 
1294.975 
1295.065 
1294.365 
1294.65 
1294.6 
1294.685 
1294.14 
1294.365 
1293.74 
1293.98 
1293.355 
1293.59 
1292.635 
1292.76 
1292.195 
1292.39 
1291.825 
1291.88 
1291.3 
1291.43 
1291.265 
1291.37 
1290.7 
1290.795 
1290.12 
1290.145 
1289.4 
1289.49 
1288.44 
1288.375 
1287.5 
1287.47 
1286.615 
1286.52 
1285.655 
1285.53 
1285.115 
1284.855 
1283.84 
1283.665 
1282.745 
1282.425 
1281.43 
1281.035 
1279.48 
1279.115 
1278.03 
1277.605 
1276.425 
1275.98 
1274.685 
1274.24 
1273.49 
1272.97 
1271.72 
1271.115 
1269.885 
1269.215 
1267.905 
1267.375 
1265.715 
1265.1 
1263.64 
1263.13 
1261.84 
1261.225 
1259.82 
1259.28 
1258.395 
1257.805 
1256.515 
1255.965 
1254.72 
1254.145 
1252.765 
1252.34 
1250.77 
1250.245 
1249.055 
1248.58 
1247.415 
1247.02 
1245.925 
1245.655 
1245.04 
1244.665 
1243.69 
1243.42 
1242.48 
1242.255 
1241.415 
1241.19 
1239.975 
1239.825 
1239.065 
1239.025 
1238.235 
1238.2 
1237.5 
1237.5 
1237.315 
1237.325 
1236.675 
1236.755 
1236.175 
1236.315 
1235.72 
1235.93 
1235.02 
1235.155 
1234.635 
1234.84 
1234.34 
1234.585 
1234.095 
1234.295 
1234.23 
1234.46 
1234.01 
1234.215 
1233.74 
1233.945 
1233.425 
1233.69 
1232.855 
1233.05 
1232.48 
1232.62 
1232.11 
1232.205 
1231.635 
1231.82 
1231.63 
1231.75 
1231.05 
1231.1 
1230.405 
1230.495 
1229.7 
1229.74 
1228.595 
1228.62 
1227.765 
1227.74 
1226.935 
1226.87 
1225.88 
1225.84 
1225.385 
1225.205 
1224.305 
1224.18 
1223.25 
1223.03 
1222.14 
1221.955 
1220.68 
1220.41 
1219.435 
1219.205 
1218.34 
1218.095 
1217.1 
1216.88 
1216.38 
1216.235 
1215.28 
1215.095 
1214.22 
1214.12 
1213.11 
1213.005 
1211.85 
1211.7 
1210.875 
1210.785 
1209.97 
1209.975 
1209.225 
1209.19 
1208.975 
1208.945 
1208.22 
1208.35 
1207.73 
1207.845 
1207.2 
1207.31 
1206.34 
1206.47 
1205.965 
1206.185 
1205.655 
1205.875 
1205.315 
1205.57 
1205.635 
1205.855 
1205.32 
1205.645 
1205.235 
1205.475 
1205.085 
1205.46 
1204.565 
1204.86 
1204.435 
1204.665 
1204.305 
1204.57 
1204.15 
1204.36 
1204.37 
1204.595 
1204.125 
1204.39 
1203.97 
1204.16 
1203.585 
1203.785 
1202.92 
1202.99 
1202.39 
1202.505 
1201.9 
1201.94 
1201.265 
1201.265 
1200.995 
1201.01 
1200.265 
1200.22 
1199.465 
1199.395 
1198.425 
1198.35 
1197.065 
1196.895 
1196.005 
1195.815 
1194.86 
1194.575 
1193.6 
1193.365 
1192.82 
1192.56 
1191.485 
1191.2 
1190.105 
1189.76 
1188.755 
1188.435 
1187.1 
1186.705 
1185.69 
1185.37 
1184.415 
1184.025 
1183.01 
1182.785 
1182.19 
1182.01 
1180.99 
1180.785 
1179.87 
1179.64 
1178.75 
1178.545 
1177.385 
1177.28 
1176.385 
1176.345 
1175.6 
1175.64 
1174.875 
1174.985 
1174.81 
1174.805 
1174.215 
1174.445 
1173.955 
1174.195 
1173.665 
1173.94 
1173.1 
1173.375 
1173.06 
1173.485 
1173.215 
1173.585 
1173.22 
1173.72 
1174.005 
1174.51 
1174.33 
1174.86 
1174.735 
1175.33 
1175.205 
1175.855 
1175.37 
1175.93 
1175.87 
1176.525 
1176.565 
1177.145 
1177.16 
1177.88 
1178.295 
1178.98 
1178.955 
1179.595 
1179.58 
1180.25 
1180.175 
1180.835 
1180.48 
1181.12 
1181.0 
1181.665 
1181.52 
1182.235 
1182.09 
1182.63 
1182.995 
1183.495 
1183.235 
1183.78 
1183.635 
1184.105 
1183.825 
1184.34 
1183.61 
1184.045 
1183.765 
1184.15 
1183.75 
1184.13 
1183.755 
1184.125 
1184.185 
1184.535 
1184.095 
1184.41 
1183.985 
1184.28 
1183.8 
1184.12 
1183.325 
1183.52 
1182.96 
1183.34 
1182.945 
1183.095 
1182.655 
1182.825 
1182.86 
1183.165 
1182.635 
1182.99 
1182.605 
1182.9 
1182.43 
1182.795 
1181.995 
1182.255 
1181.895 
1182.25 
1181.88 
1182.235 
1181.87 
1182.3 
1182.445 
1182.795 
1182.42 
1182.93 
1182.675 
1183.085 
1182.8 
1183.255 
1182.645 
1183.135 
1182.885 
1183.44 
1183.095 
1183.57 
1183.355 
1183.855 
1184.045 
1184.57 
1184.26 
1184.75 
1184.515 
1185.025 
1184.78 
1185.25 
1184.58 
1184.96 
1184.635 
1185.1 
1184.8 
1185.195 
1184.885 
1185.23 
1185.33 
1185.675 
1185.3 
1185.64 
1185.275 
1185.485 
1185.065 
1185.29 
1184.39 
1184.595 
1184.055 
1184.24 
1183.55 
1183.705 
1183.15 
1183.15 
1182.89 
1182.915 
1182.155 
1182.1 
1181.405 
1181.285 
1180.49 
1180.31 
1179.13 
1178.94 
1178.08 
1177.83 
1176.935 
1176.71 
1175.615 
1175.39 
1174.84 
1174.55 
1173.525 
1173.2 
1172.15 
1171.845 
1170.865 
1170.46 
1168.96 
1168.635 
1167.505 
1167.18 
1166.15 
1165.8 
1164.715 
1164.4 
1163.755 
1163.465 
1162.44 
1162.145 
1161.225 
1160.91 
1159.91 
1159.74 
1158.355 
1158.195 
1157.24 
1157.06 
1156.23 
1156.13 
1155.28 
1155.225 
1154.93 
1154.83 
1154.04 
1154.1 
1153.43 
1153.51 
1152.835 
1152.855 
1151.905 
1152.0 
1151.495 
1151.555 
1151.145 
1151.295 
1150.75 
1151.05 
1151.045 
1151.335 
1150.795 
1151.12 
1150.725 
1151.055 
1150.61 
1150.985 
1150.14 
1150.48 
1150.055 
1150.405 
1150.135 
1150.4 
1150.055 
1150.405 
1150.505 
1150.82 
1150.5 
1150.79 
1150.445 
1150.76 
1150.34 
1150.625 
1150.0 
1150.265 
1149.765 
1150.07 
1149.605 
1149.82 
1149.45 
1149.615 
1149.52 
1149.785 
1149.185 
1149.35 
1148.835 
1148.97 
1148.385 
1148.575 
1147.495 
1147.63 
1146.965 
1147.125 
1146.43 
1146.505 
1145.81 
1145.935 
1145.735 
1145.84 
1145.15 
1145.2 
1144.405 
1144.5 
1143.875 
1143.975 
1142.925 
1142.97 
1142.28 
1142.38 
1141.835 
1141.88 
1141.295 
1141.285 
1141.19 
1141.365 
1140.81 
1140.995 
1140.52 
1140.745 
1140.12 
1140.455 
1139.56 
1139.845 
1139.44 
1139.705 
1139.325 
1139.675 
1139.29 
1139.72 
1139.805 
1140.32 
1139.975 
1140.43 
1140.245 
1140.75 
1140.5 
1140.995 
1140.52 
1141.055 
1140.835 
1141.48 
1141.28 
1141.905 
1141.725 
1142.36 
1142.775 
1143.375 
1143.21 
1143.885 
1143.74 
1144.38 
1144.28 
1144.95 
1144.465 
1145.055 
1144.845 
1145.52 
1145.41 
1146.045 
1145.86 
1146.42 
1146.705 
1147.295 
1147.1 
1147.625 
1147.455 
1147.91 
1147.53 
1148.115 
1147.46 
1147.885 
1147.605 
1147.92 
1147.58 
1147.94 
1147.46 
1147.84 
1147.845 
1148.125 
1147.59 
1147.755 
1147.36 
1147.51 
1146.945 
1147.11 
1146.08 
1146.18 
1145.58 
1145.585 
1145.0 
1145.045 
1144.26 
1144.28 
1144.1 
1144.16 
1143.4 
1143.325 
1142.605 
1142.57 
1141.85 
1141.87 
1140.785 
1140.84 
1139.97 
1140.015 
1139.305 
1139.32 
1138.535 
1138.58 
1138.415 
1138.395 
1137.81 
1137.915 
1137.27 
1137.335 
1136.645 
1136.915 
1135.955 
1136.16 
1135.645 
1135.8 
1135.245 
1135.575 
1135.11 
1135.37 
1135.41 
1135.77 
1135.325 
1135.73 
1135.47 
1135.83 
1135.525 
1135.9 
1135.265 
1135.645 
1135.47 
1135.905 
1135.75 
1136.16 
1135.925 
1136.41 
1136.695 
1137.2 
1136.97 
1137.475 
1137.31 
1137.845 
1137.645 
1138.215 
1137.545 
1138.07 
1137.755 
1138.28 
1138.115 
1138.55 
1138.245 
1138.72 
1138.84 
1139.325 
1139.03 
1139.43 
1139.06 
1139.435 
1139.035 
1139.355 
1138.585 
1138.97 
1138.435 
1138.685 
1138.22 
1138.405 
1137.91 
1138.085 
1138.045 
1138.08 
1137.49 
1137.62 
1137.05 
1137.04 
1136.43 
1136.41 
1135.275 
1135.34 
1134.6 
1134.62 
1133.81 
1133.805 
1133.05 
1132.9 
1132.615 
1132.57 
1131.745 
1131.7 
1130.95 
1130.835 
1130.05 
1129.99 
1128.84 
1128.77 
1127.875 
1127.875 
1127.17 
1127.12 
1126.325 
1126.365 
1126.045 
1126.05 
1125.415 
1125.465 
1124.785 
1124.815 
1124.165 
1124.3 
1123.32 
1123.42 
1122.825 
1122.995 
1122.46 
1122.625 
1122.115 
1122.425 
1122.32 
1122.625 
1122.17 
1122.475 
1122.085 
1122.415 
1121.96 
1122.26 
1121.6 
1121.955 
1121.55 
1122.0 
1121.64 
1121.96 
1121.555 
1121.985 
1122.095 
1122.485 
1122.135 
1122.55 
1122.165 
1122.53 
1122.175 
1122.515 
1121.775 
1122.095 
1121.63 
1121.97 
1121.57 
1121.915 
1121.4 
1121.61 
1121.63 
1121.885 
1121.375 
1121.535 
1121.13 
1121.23 
1120.61 
1120.76 
1119.76 
1119.835 
1119.16 
1119.185 
1118.415 
1118.485 
1117.69 
1117.705 
1117.39 
1117.305 
1116.43 
1116.325 
1115.48 
1115.45 
1114.545 
1114.415 
1113.035 
1112.9 
1111.94 
1111.77 
1110.825 
1110.605 
1109.58 
1109.365 
1108.86 
1108.62 
1107.625 
1107.475 
1106.425 
1106.235 
1105.33 
1105.155 
1103.805 
1103.6 
1102.625 
1102.5 
1101.65 
1101.485 
1100.715 
1100.57 
1100.18 
1100.14 
1099.295 
1099.3 
1098.605 
1098.61 
1097.875 
1098.005 
1096.97 
1097.07 
1096.415 
1096.535 
1095.98 
1096.215 
1095.71 
1095.965 
1096.005 
1096.215 
1095.79 
1096.15 
1095.79 
1096.11 
1095.76 
1096.165 
1095.44 
1095.895 
1095.61 
1096.045 
1095.79 
1096.28 
1095.985 
1096.51 
1096.755 
1097.185 
1097.0 
1097.54 
1097.39 
1097.865 
1097.68 
1098.285 
1097.615 
1098.105 
1097.89 
1098.425 
1098.295 
1098.775 
1098.525 
1099.07 
1099.26 
1099.8 
1099.535 
1100.03 
1099.79 
1100.25 
1099.945 
1100.405 
1099.84 
1100.29 
1099.925 
1100.35 
1100.045 
1100.525 
1100.145 
1100.505 
1100.645 
1101.04 
1100.565 
1101.015 
1100.71 
1101.05 
1100.665 
1101.015 
1100.22 
1100.555 
1100.245 
1100.575 
1100.2 
1100.535 
1100.135 
1100.51 
1100.65 
1100.97 
1100.615 
1101.01 
1100.68 
1101.05 
1100.795 
1101.15 
1100.535 
1100.945 
1100.655 
1101.07 
1100.855 
1101.325 
1101.095 
1101.56 
1101.825 
1102.365 
1102.195 
1102.84 
1102.665 
1103.195 
1103.035 
1103.74 
1103.295 
1103.905 
1103.775 
1104.42 
1104.425 
1105.055 
1105.075 
1105.785 
1106.155 
1106.915 
1106.85 
1107.65 
1107.67 
1108.42 
1108.405 
1109.215 
1108.78 
1109.57 
1109.62 
1110.305 
1110.42 
1111.08 
1111.085 
1111.825 
1112.305 
1113.065 
1113.055 
1113.77 
1113.77 
1114.435 
1114.445 
1115.125 
1114.685 
1115.265 
1115.18 
1115.825 
1115.735 
1116.29 
1116.215 
1116.75 
1117.02 
1117.56 
1117.375 
1117.885 
1117.665 
1118.17 
1117.845 
1118.305 
1117.64 
1118.02 
1117.67 
1118.01 
1117.6 
1117.9 
1117.55 
1117.875 
1117.92 
1118.145 
1117.605 
1117.905 
1117.465 
1117.665 
1117.13 
1117.315 
1116.355 
1116.505 
1115.91 
1116.07 
1115.515 
1115.61 
1114.93 
1115.095 
1114.98 
1115.05 
1114.415 
1114.585 
1113.92 
1114.01 
1113.45 
1113.58 
1112.675 
1112.755 
1112.09 
1112.265 
1111.655 
1111.88 
1111.235 
1111.41 
1111.285 
1111.545 
1110.94 
1111.175 
1110.7 
1110.93 
1110.33 
1110.69 
1109.85 
