Run 0 on 20200811 on sample T20-5d, LT thermometer,  dT/T0 = 0.02
Time per point = 3.125e-05 seconds
2092.225 
2091.685 
2091.995 
2091.73 
2091.99 
2091.68 
2092.015 
2091.275 
2091.645 
2091.325 
2091.605 
2091.18 
2091.555 
2091.245 
2091.485 
2091.64 
2091.855 
2091.525 
2091.91 
2091.535 
2091.92 
2091.515 
2091.85 
2091.17 
2091.515 
2091.02 
2091.395 
2091.07 
2091.45 
2091.055 
2091.44 
2091.53 
2091.895 
2091.45 
2091.815 
2091.54 
2091.87 
2091.5 
2091.825 
2091.25 
2091.585 
2091.175 
2091.565 
2091.2 
2091.525 
2091.13 
2091.465 
2091.58 
2092.015 
2091.575 
2091.905 
2091.62 
2091.96 
2091.58 
2091.955 
2091.215 
2091.575 
2091.205 
2091.53 
2091.265 
2091.66 
2091.26 
2091.585 
2091.695 
2092.065 
2091.7 
2092.155 
2091.815 
2092.165 
2091.765 
2092.12 
2091.51 
2091.775 
2091.445 
2091.785 
2091.505 
2091.84 
2091.485 
2091.895 
2091.98 
2092.31 
2091.93 
2092.26 
2091.955 
2092.315 
2091.92 
2092.25 
2091.49 
2091.86 
2091.46 
2091.85 
2091.475 
2091.77 
2091.43 
2091.715 
2091.805 
2092.17 
2091.715 
2092.11 
2091.815 
2092.035 
2091.69 
2092.06 
2091.315 
2091.67 
2091.275 
2091.52 
2091.28 
2091.62 
2091.14 
2091.54 
2091.605 
2091.915 
2091.54 
2091.91 
2091.565 
2091.88 
2091.5 
2091.79 
2091.075 
2091.5 
2091.075 
2091.375 
2091.055 
2091.405 
2091.095 
2091.36 
2091.485 
2091.805 
2091.405 
2091.745 
2091.515 
2091.815 
2091.46 
2091.805 
2091.13 
2091.395 
2091.095 
2091.41 
2091.04 
2091.395 
2091.01 
2091.355 
2091.435 
2091.855 
2091.44 
2091.755 
2091.56 
2091.855 
2091.49 
2091.88 
2091.095 
2091.43 
2091.135 
2091.44 
2091.195 
2091.545 
2091.195 
2091.52 
2091.6 
2091.965 
2091.61 
2091.995 
2091.715 
2092.01 
2091.73 
2092.035 
2091.43 
2091.85 
2091.435 
2091.805 
2091.43 
2091.825 
2091.42 
2091.77 
2091.925 
2092.28 
2091.82 
2092.17 
2091.925 
2092.28 
2091.86 
2092.215 
2091.49 
2091.835 
2091.435 
2091.795 
2091.405 
2091.715 
2091.375 
2091.69 
2091.7 
2092.065 
2091.74 
2092.075 
2091.72 
2091.99 
2091.69 
2092.05 
2091.29 
2091.635 
2091.18 
2091.515 
2091.215 
2091.59 
2091.13 
2091.515 
2091.56 
2091.87 
2091.52 
2091.895 
2091.49 
2091.915 
2091.43 
2091.845 
2091.1 
2091.43 
2091.075 
2091.41 
2091.07 
2091.37 
2091.05 
2091.375 
2091.48 
2091.835 
2091.395 
2091.785 
2091.48 
2091.83 
2091.46 
2091.805 
2091.055 
2091.39 
2091.05 
2091.415 
2091.045 
2091.345 
2091.005 
2091.315 
2091.455 
2091.83 
2091.41 
2091.81 
2091.53 
2091.775 
2091.49 
2091.86 
2091.12 
2091.46 
2091.11 
2091.395 
2091.15 
2091.52 
2091.175 
2091.525 
2091.585 
2091.95 
2091.65 
2092.02 
2091.7 
2092.04 
2091.765 
2092.045 
2091.345 
2091.755 
2091.315 
2091.755 
2091.36 
2091.72 
2091.34 
2091.795 
2091.825 
2092.165 
2091.8 
2092.135 
2091.855 
2092.25 
2091.735 
2092.14 
2091.385 
2091.705 
2091.305 
2091.69 
2091.35 
2091.645 
2091.27 
2091.595 
2091.71 
2092.045 
2091.62 
2091.965 
2091.715 
2091.945 
2091.655 
2091.97 
2091.3 
2091.62 
2091.22 
2091.495 
2091.2 
2091.555 
2091.105 
2091.445 
2091.51 
2091.85 
2091.52 
2091.85 
2091.475 
2091.855 
2091.525 
2091.785 
2091.13 
2091.455 
2091.065 
2091.43 
2091.03 
2091.37 
2091.09 
2091.395 
2091.51 
2091.795 
2091.485 
2091.815 
2091.55 
2091.855 
2091.555 
2091.83 
2091.05 
2091.425 
2091.03 
2091.41 
2091.07 
2091.435 
2091.025 
2091.38 
2091.485 
2091.905 
2091.425 
2091.85 
2091.525 
2091.815 
2091.525 
2091.86 
2091.115 
2091.48 
2091.13 
2091.47 
2091.13 
2091.59 
2091.185 
2091.585 
2091.67 
2091.99 
2091.64 
2092.065 
2091.7 
2092.07 
2091.71 
2092.09 
2091.295 
2091.75 
2091.365 
2091.725 
2091.465 
2091.745 
2091.405 
2091.765 
2091.88 
2092.14 
2091.79 
2092.13 
2091.875 
2092.205 
2091.885 
2092.185 
2091.385 
2091.685 
2091.395 
2091.75 
2091.355 
2091.65 
2091.35 
2091.625 
2091.71 
2092.0 
2091.66 
2092.04 
2091.705 
2091.945 
2091.735 
2091.985 
2091.14 
2091.505 
2091.155 
2091.405 
2091.125 
2091.49 
2091.07 
2091.345 
2091.445 
2091.755 
2091.46 
2091.78 
2091.51 
2091.725 
2091.415 
2091.77 
2091.005 
2091.335 
2090.975 
2091.285 
2091.0 
2091.295 
2090.97 
2091.32 
2091.37 
2091.69 
2091.335 
2091.645 
2091.4 
2091.685 
2091.395 
2091.665 
2091.105 
2091.41 
2090.97 
2091.385 
2091.0 
2091.315 
2090.92 
2091.32 
2091.38 
2091.82 
2091.315 
2091.76 
2091.4 
2091.67 
2091.4 
2091.775 
2091.05 
2091.345 
2091.025 
2091.34 
2091.05 
2091.44 
2091.04 
2091.425 
2091.495 
2091.82 
2091.455 
2091.885 
2091.49 
2091.855 
2091.5 
2091.85 
2091.225 
2091.635 
2091.205 
2091.53 
2091.225 
2091.56 
2091.22 
2091.55 
2091.69 
2091.95 
2091.57 
2091.95 
2091.535 
2091.96 
2091.475 
2091.885 
2091.1 
2091.405 
2091.035 
2091.365 
2091.0 
2091.32 
2090.96 
2091.21 
2091.3 
2091.715 
2091.24 
2091.615 
2091.22 
2091.495 
2091.18 
2091.475 
2090.775 
2091.1 
2090.685 
2090.985 
2090.665 
2090.97 
2090.6 
2090.86 
2090.96 
2091.25 
2090.915 
2091.245 
2090.915 
2091.18 
2090.775 
2091.115 
2090.425 
2090.75 
2090.395 
2090.615 
2090.36 
2090.59 
2090.225 
2090.64 
2090.725 
2091.035 
2090.61 
2090.965 
2090.62 
2090.98 
2090.58 
2090.865 
2090.18 
2090.44 
2090.11 
2090.47 
2090.065 
2090.465 
2090.015 
2090.345 
2090.45 
2090.8 
2090.365 
2090.775 
2090.43 
2090.7 
2090.37 
2090.77 
2089.965 
2090.34 
2089.86 
2090.24 
2089.885 
2090.28 
2089.875 
2090.28 
2090.35 
2090.695 
2090.29 
2090.68 
2090.325 
2090.645 
2090.32 
2090.685 
2090.06 
2090.44 
2089.955 
2090.315 
2089.975 
2090.275 
2089.885 
2090.35 
2090.325 
2090.7 
2090.235 
2090.65 
2090.29 
2090.575 
2090.135 
2090.505 
2089.77 
2090.075 
2089.685 
2090.01 
2089.595 
2089.955 
2089.555 
2089.865 
2089.88 
2090.225 
2089.825 
2090.12 
2089.765 
2090.03 
2089.71 
2090.025 
2089.24 
2089.56 
2089.185 
2089.465 
2089.11 
2089.465 
2089.01 
2089.39 
2089.445 
2089.755 
2089.35 
2089.7 
2089.29 
2089.635 
2089.25 
2089.555 
2088.77 
2089.185 
2088.71 
2089.055 
2088.645 
2089.005 
2088.62 
2088.975 
2089.035 
2089.395 
2088.975 
2089.305 
2088.975 
2089.35 
2088.925 
2089.275 
2088.45 
2088.82 
2088.36 
2088.81 
2088.36 
2088.725 
2088.38 
2088.675 
2088.8 
2089.15 
2088.72 
2089.08 
2088.73 
2089.08 
2088.715 
2089.055 
2088.3 
2088.6 
2088.24 
2088.555 
2088.23 
2088.585 
2088.225 
2088.56 
2088.625 
2089.02 
2088.665 
2089.045 
2088.7 
2089.02 
2088.685 
2088.975 
2088.28 
2088.625 
2088.225 
2088.535 
2088.22 
2088.58 
2088.135 
2088.55 
2088.59 
2088.945 
2088.58 
2088.91 
2088.565 
2088.91 
2088.445 
2088.77 
2087.975 
2088.29 
2087.9 
2088.275 
2087.925 
2088.235 
2087.8 
2088.08 
2088.19 
2088.555 
2088.15 
2088.47 
2088.115 
2088.395 
2088.07 
2088.34 
2087.61 
2087.95 
2087.5 
2087.805 
2087.505 
2087.815 
2087.34 
2087.7 
2087.83 
2088.13 
2087.725 
2088.14 
2087.675 
2088.01 
2087.64 
2087.975 
2087.17 
2087.595 
2087.185 
2087.495 
2087.16 
2087.45 
2087.09 
2087.375 
2087.46 
2087.87 
2087.4 
2087.735 
2087.445 
2087.765 
2087.42 
2087.695 
2086.97 
2087.29 
2086.915 
2087.29 
2086.835 
2087.145 
2086.8 
2087.095 
2087.245 
2087.63 
2087.165 
2087.515 
2087.235 
2087.55 
2087.18 
2087.58 
2086.83 
2087.18 
2086.76 
2087.1 
2086.765 
2087.12 
2086.73 
2087.11 
2087.18 
2087.52 
2087.195 
2087.545 
2087.255 
2087.61 
2087.215 
2087.47 
2086.9 
2087.175 
2086.82 
2087.2 
2086.855 
2087.12 
2086.775 
2087.125 
2087.17 
2087.495 
2087.11 
2087.43 
2087.11 
2087.48 
2087.07 
2087.39 
2086.64 
2086.93 
2086.575 
2086.9 
2086.545 
2086.85 
2086.505 
2086.745 
2086.86 
2087.125 
2086.78 
2087.07 
2086.69 
2087.025 
2086.695 
2087.015 
2086.22 
2086.565 
2086.135 
2086.42 
2086.07 
2086.43 
2086.03 
2086.32 
2086.425 
2086.735 
2086.345 
2086.705 
2086.355 
2086.66 
2086.305 
2086.57 
2085.885 
2086.225 
2085.765 
2086.15 
2085.855 
2086.08 
2085.715 
2086.09 
2086.125 
2086.51 
2086.14 
2086.43 
2086.085 
2086.465 
2086.07 
2086.4 
2085.72 
2086.03 
2085.65 
2086.065 
2085.67 
2085.955 
2085.615 
2085.93 
2086.025 
2086.435 
2085.975 
2086.365 
2085.98 
2086.3 
2085.99 
2086.37 
2085.53 
2085.93 
2085.58 
2085.94 
2085.62 
2085.95 
2085.57 
2085.965 
2086.055 
2086.34 
2086.035 
2086.385 
2086.115 
2086.415 
2086.08 
2086.44 
2085.68 
2086.09 
2085.655 
2085.985 
2085.685 
2085.98 
2085.66 
2086.005 
2086.05 
2086.365 
2086.07 
2086.32 
2086.075 
2086.42 
2085.97 
2086.295 
2085.565 
2085.83 
2085.47 
2085.825 
2085.485 
2085.725 
2085.36 
2085.685 
2085.755 
2086.09 
2085.715 
2085.985 
2085.665 
2085.945 
2085.65 
2085.925 
2085.18 
2085.425 
2085.085 
2085.36 
2085.1 
2085.45 
2084.98 
2085.295 
2085.425 
2085.65 
2085.31 
2085.625 
2085.345 
2085.605 
2085.235 
2085.565 
2084.89 
2085.19 
2084.86 
2085.145 
2084.78 
2085.125 
2084.81 
2085.225 
2085.21 
2085.515 
2085.205 
2085.5 
2085.225 
2085.535 
2085.165 
2085.48 
2084.735 
2085.0 
2084.69 
2085.03 
2084.685 
2084.965 
2084.63 
2084.885 
2085.085 
2085.39 
2085.065 
2085.35 
2085.07 
2085.41 
2085.07 
2085.395 
2084.675 
2085.01 
2084.65 
2084.975 
2084.66 
2085.035 
2084.705 
2084.995 
2085.155 
2085.41 
2085.09 
2085.5 
2085.19 
2085.5 
2085.22 
2085.485 
2084.92 
2085.29 
2084.835 
2085.2 
2084.835 
2085.185 
2084.765 
2085.21 
2085.23 
2085.575 
2085.235 
2085.57 
2085.18 
2085.515 
2085.145 
2085.545 
2084.765 
2085.04 
2084.685 
2085.03 
2084.62 
2084.91 
2084.49 
2084.825 
2084.91 
2085.285 
2084.845 
2085.16 
2084.87 
2085.115 
2084.825 
2085.085 
2084.38 
2084.69 
2084.315 
2084.67 
2084.295 
2084.615 
2084.185 
2084.49 
2084.62 
2084.92 
2084.57 
2084.895 
2084.535 
2084.83 
2084.495 
2084.765 
2084.075 
2084.48 
2084.015 
2084.36 
2083.975 
2084.345 
2083.98 
2084.29 
2084.395 
2084.735 
2084.34 
2084.66 
2084.395 
2084.695 
2084.285 
2084.665 
2083.96 
2084.235 
2083.9 
2084.32 
2083.88 
2084.22 
2083.85 
2084.205 
2084.32 
2084.71 
2084.265 
2084.59 
2084.28 
2084.69 
2084.26 
2084.72 
2083.885 
2084.255 
2083.86 
2084.185 
2083.935 
2084.255 
2083.875 
2084.245 
2084.355 
2084.725 
2084.365 
2084.79 
2084.4 
2084.77 
2084.45 
2084.75 
2084.105 
2084.43 
2084.005 
2084.325 
2083.99 
2084.39 
2083.985 
2084.325 
2084.42 
2084.78 
2084.4 
2084.72 
2084.415 
2084.785 
2084.315 
2084.7 
2083.97 
2084.19 
2083.84 
2084.2 
2083.82 
2084.125 
2083.705 
2084.025 
2084.2 
2084.54 
2084.095 
2084.385 
2084.075 
2084.36 
2083.98 
2084.335 
2083.64 
2083.94 
2083.56 
2083.89 
2083.54 
2083.89 
2083.435 
2083.855 
2083.895 
2084.245 
2083.84 
2084.245 
2083.815 
2084.19 
2083.805 
2084.09 
2083.435 
2083.695 
2083.355 
2083.715 
2083.32 
2083.6 
2083.245 
2083.645 
2083.705 
2084.065 
2083.66 
2083.98 
2083.745 
2084.055 
2083.685 
2084.005 
2083.26 
2083.555 
2083.22 
2083.605 
2083.2 
2083.6 
2083.16 
2083.53 
2083.625 
2084.015 
2083.595 
2083.95 
2083.625 
2084.025 
2083.63 
2084.085 
2083.23 
2083.645 
2083.185 
2083.595 
2083.245 
2083.715 
2083.23 
2083.565 
2083.73 
2084.05 
2083.69 
2084.155 
2083.735 
2084.18 
2083.715 
2084.13 
2083.455 
2083.8 
2083.39 
2083.68 
2083.42 
2083.715 
2083.35 
2083.75 
2083.85 
2084.175 
2083.775 
2084.11 
2083.81 
2084.135 
2083.745 
2084.095 
2083.315 
2083.61 
2083.255 
2083.605 
2083.225 
2083.53 
2083.125 
2083.445 
2083.595 
2083.905 
2083.55 
2083.84 
2083.515 
2083.77 
2083.465 
2083.795 
2082.955 
2083.385 
2082.84 
2083.245 
2082.9 
2083.25 
2082.82 
2083.18 
2083.26 
2083.63 
2083.215 
2083.59 
2083.21 
2083.53 
2083.2 
2083.52 
2082.775 
2083.14 
2082.735 
2083.075 
2082.73 
2083.055 
2082.655 
2083.015 
2083.095 
2083.485 
2083.09 
2083.42 
2083.14 
2083.46 
2083.14 
2083.42 
2082.705 
2083.08 
2082.605 
2083.01 
2082.61 
2083.0 
2082.635 
2082.975 
2083.095 
2083.515 
2083.035 
2083.455 
2083.11 
2083.45 
2083.19 
2083.515 
2082.725 
2083.08 
2082.71 
2083.015 
2082.73 
2083.12 
2082.79 
2083.065 
2083.195 
2083.58 
2083.245 
2083.66 
2083.34 
2083.64 
2083.395 
2083.69 
2082.95 
2083.34 
2082.92 
2083.285 
2082.945 
2083.26 
2082.915 
2083.31 
2083.38 
2083.665 
2083.32 
2083.68 
2083.32 
2083.7 
2083.255 
2083.655 
2082.84 
2083.215 
2082.82 
2083.17 
2082.77 
2083.135 
2082.76 
2083.025 
2083.12 
2083.49 
2083.02 
2083.37 
2083.045 
2083.325 
2083.02 
2083.365 
2082.505 
2082.87 
2082.495 
2082.795 
2082.49 
2082.885 
2082.455 
2082.805 
2082.845 
2083.18 
2082.84 
2083.205 
2082.815 
2083.175 
2082.86 
2083.16 
2082.33 
2082.74 
2082.285 
2082.6 
2082.345 
2082.62 
2082.33 
2082.685 
2082.755 
2083.025 
2082.715 
2083.065 
2082.815 
2083.13 
2082.8 
2083.05 
2082.24 
2082.645 
2082.27 
2082.67 
2082.23 
2082.605 
2082.22 
2082.6 
2082.71 
2083.11 
2082.66 
2083.055 
2082.68 
2082.995 
2082.675 
2083.13 
2082.35 
2082.69 
2082.3 
2082.68 
2082.37 
2082.74 
2082.37 
2082.725 
2082.825 
2083.185 
2082.855 
2083.215 
2082.885 
2083.19 
2082.895 
2083.24 
2082.56 
2082.88 
2082.53 
2082.885 
2082.575 
2082.88 
2082.585 
2082.915 
2083.0 
2083.315 
2082.925 
2083.205 
2082.965 
2083.31 
2082.97 
2083.23 
2082.475 
2082.73 
2082.42 
2082.755 
2082.41 
2082.7 
2082.425 
2082.655 
2082.82 
2083.08 
2082.705 
2083.025 
2082.715 
2082.995 
2082.725 
2083.08 
2082.23 
2082.53 
2082.21 
2082.45 
2082.07 
2082.475 
2082.07 
2082.435 
2082.525 
2082.835 
2082.435 
2082.795 
2082.485 
2082.795 
2082.445 
2082.73 
2082.06 
2082.405 
2081.975 
2082.3 
2081.995 
2082.285 
2081.995 
2082.315 
2082.36 
2082.755 
2082.295 
2082.715 
2082.45 
2082.715 
2082.42 
2082.685 
2081.95 
2082.225 
2081.95 
2082.345 
2081.985 
2082.25 
2081.945 
2082.265 
2082.38 
2082.765 
2082.395 
2082.73 
2082.47 
2082.765 
2082.455 
2082.86 
2082.04 
2082.32 
2082.035 
2082.295 
2082.12 
2082.365 
2082.09 
2082.445 
2082.61 
2082.855 
2082.595 
2082.95 
2082.665 
2083.01 
2082.67 
2082.965 
2082.19 
2082.57 
2082.205 
2082.55 
2082.225 
2082.515 
2082.26 
2082.58 
2082.68 
2082.955 
2082.61 
2082.945 
2082.645 
2082.98 
2082.59 
2082.89 
2082.155 
2082.445 
2082.115 
2082.465 
2082.085 
2082.4 
2082.05 
2082.345 
2082.46 
2082.79 
2082.425 
2082.67 
2082.32 
2082.675 
2082.3 
2082.66 
2081.97 
2082.28 
2081.93 
2082.205 
2081.87 
2082.235 
2081.86 
2082.22 
2082.24 
2082.545 
2082.285 
2082.59 
2082.295 
2082.645 
2082.275 
2082.615 
2081.795 
2082.135 
2081.79 
2082.125 
2081.82 
2082.145 
2081.795 
2082.185 
2082.24 
2082.56 
2082.19 
2082.54 
2082.29 
2082.62 
2082.225 
2082.55 
2081.705 
2082.09 
2081.715 
2082.11 
2081.79 
2082.07 
2081.72 
2082.045 
2082.215 
2082.56 
2082.175 
2082.58 
2082.235 
2082.565 
2082.23 
2082.62 
2081.81 
2082.12 
2081.815 
2082.195 
2081.84 
2082.265 
2081.9 
2082.3 
2082.43 
2082.705 
2082.365 
2082.8 
2082.44 
2082.785 
2082.425 
2082.775 
2081.96 
2082.365 
2082.025 
2082.375 
2082.085 
2082.395 
2082.075 
2082.46 
2082.445 
2082.75 
2082.505 
2082.79 
2082.46 
2082.86 
2082.45 
2082.815 
2082.025 
2082.25 
2081.985 
2082.34 
2082.005 
2082.24 
2081.865 
2082.2 
2082.325 
2082.67 
2082.225 
2082.575 
2082.265 
2082.535 
2082.17 
2082.52 
2081.72 
2082.015 
2081.71 
2081.985 
2081.65 
2082.005 
2081.615 
2081.96 
2081.95 
2082.36 
2082.01 
2082.38 
2082.01 
2082.36 
2081.995 
2082.325 
2081.56 
2081.95 
2081.57 
2081.89 
2081.515 
2081.86 
2081.535 
2081.88 
2081.985 
2082.305 
2081.975 
2082.27 
2081.925 
2082.385 
2081.935 
2082.255 
2081.57 
2081.85 
2081.51 
2081.895 
2081.51 
2081.885 
2081.61 
2081.92 
2081.99 
2082.34 
2082.035 
2082.395 
2082.1 
2082.42 
2082.035 
2082.455 
2081.69 
2081.985 
2081.695 
2082.01 
2081.73 
2082.11 
2081.725 
2082.1 
2082.275 
2082.53 
2082.21 
2082.58 
2082.24 
2082.615 
2082.235 
2082.555 
2081.855 
2082.255 
2081.825 
2082.235 
2081.92 
2082.205 
2081.89 
2082.29 
2082.3 
2082.625 
2082.285 
2082.64 
2082.28 
2082.655 
2082.27 
2082.59 
2081.89 
2082.14 
2081.73 
2082.12 
2081.73 
2082.075 
2081.645 
2082.005 
2082.165 
2082.475 
2082.03 
2082.375 
2082.07 
2082.31 
2082.015 
2082.365 
2081.585 
2081.865 
2081.57 
2081.795 
2081.595 
2081.94 
2081.485 
2081.8 
2081.915 
2082.175 
2081.9 
2082.27 
2081.9 
2082.24 
2081.83 
2082.165 
2081.46 
2081.765 
2081.385 
2081.73 
2081.425 
2081.71 
2081.375 
2081.78 
2081.83 
2082.115 
2081.77 
2082.145 
2081.805 
2082.165 
2081.72 
2082.135 
2081.355 
2081.71 
2081.35 
2081.755 
2081.345 
2081.695 
2081.385 
2081.66 
2081.895 
2082.22 
2081.795 
2082.16 
2081.85 
2082.17 
2081.835 
2082.275 
2081.505 
2081.825 
2081.49 
2081.825 
2081.51 
2081.87 
2081.515 
2081.91 
2082.01 
2082.375 
2082.045 
2082.435 
2082.065 
2082.435 
2082.015 
2082.445 
2081.84 
2082.17 
2081.775 
2082.125 
2081.775 
2082.16 
2081.705 
2082.06 
2082.215 
2082.525 
2082.11 
2082.4 
2082.065 
2082.445 
2082.04 
2082.445 
2081.67 
2082.055 
2081.545 
2081.975 
2081.54 
2081.94 
2081.465 
2081.76 
2081.885 
2082.32 
2081.89 
2082.16 
2081.88 
2082.1 
2081.805 
2082.125 
2081.45 
2081.76 
2081.335 
2081.67 
2081.36 
2081.65 
2081.25 
2081.63 
2081.74 
2082.05 
2081.665 
2082.09 
2081.7 
2082.045 
2081.62 
2081.995 
2081.275 
2081.625 
2081.2 
2081.535 
2081.32 
2081.49 
2081.18 
2081.59 
2081.63 
2082.015 
2081.595 
2081.96 
2081.64 
2082.03 
2081.545 
2081.95 
2081.275 
2081.595 
2081.21 
2081.63 
2081.17 
2081.5 
2081.14 
2081.495 
2081.61 
2082.0 
2081.64 
2082.01 
2081.685 
2082.0 
2081.625 
2082.07 
2081.27 
2081.685 
2081.285 
2081.64 
2081.31 
2081.73 
2081.33 
2081.68 
2081.845 
2082.18 
2081.85 
2082.235 
2081.865 
2082.285 
2081.9 
2082.23 
2081.56 
2081.945 
2081.53 
2081.91 
2081.575 
2081.935 
2081.48 
2081.94 
2082.025 
2082.325 
2081.945 
2082.265 
2081.98 
2082.33 
2081.835 
2082.275 
2081.48 
2081.74 
2081.415 
2081.78 
2081.335 
2081.79 
2081.345 
2081.615 
2081.73 
2082.105 
2081.64 
2082.005 
2081.65 
2081.98 
2081.6 
2081.99 
2081.205 
2081.67 
2081.18 
2081.51 
2081.24 
2081.59 
2081.095 
2081.49 
2081.555 
2081.905 
2081.51 
2081.87 
2081.48 
2081.915 
2081.525 
2081.86 
2081.105 
2081.515 
2081.09 
2081.415 
2081.09 
2081.455 
2081.05 
2081.43 
2081.5 
2081.825 
2081.5 
2081.82 
2081.585 
2081.855 
2081.48 
2081.865 
2081.135 
2081.435 
2081.105 
2081.5 
2081.125 
2081.405 
2081.125 
2081.405 
2081.57 
2081.945 
2081.52 
2081.92 
2081.525 
2081.965 
2081.515 
2082.0 
2081.235 
2081.595 
2081.23 
2081.51 
2081.235 
2081.66 
2081.255 
2081.655 
2081.72 
2082.11 
2081.725 
2082.135 
2081.77 
2082.14 
2081.795 
2082.12 
2081.435 
2081.855 
2081.4 
2081.785 
2081.405 
2081.79 
2081.455 
2081.795 
2081.885 
2082.185 
2081.83 
2082.16 
2081.82 
2082.175 
2081.77 
2082.135 
2081.355 
2081.67 
2081.29 
2081.67 
2081.24 
2081.545 
2081.19 
2081.555 
2081.675 
2081.98 
2081.655 
2081.97 
2081.62 
2081.885 
2081.585 
2081.865 
2081.165 
2081.445 
2081.09 
2081.395 
2081.07 
2081.4 
2080.98 
2081.385 
2081.44 
2081.785 
2081.395 
2081.75 
2081.43 
2081.75 
2081.375 
2081.73 
2081.005 
2081.4 
2080.985 
2081.28 
2080.975 
2081.3 
2081.0 
2081.37 
2081.41 
2081.78 
2081.38 
2081.785 
2081.405 
2081.765 
2081.405 
2081.72 
2081.175 
2081.44 
2081.12 
2081.535 
2081.13 
2081.45 
2081.135 
2081.41 
2081.56 
2081.95 
2081.5 
2081.89 
2081.575 
2081.92 
2081.58 
2081.97 
2081.235 
2081.565 
2081.21 
2081.54 
2081.215 
2081.67 
2081.23 
2081.655 
2081.71 
2082.09 
2081.735 
2082.135 
2081.795 
2082.14 
2081.725 
2082.18 
2081.46 
2081.86 
2081.46 
2081.83 
2081.5 
2081.745 
2081.44 
2081.815 
2081.925 
2082.22 
2081.805 
2082.16 
2081.855 
2082.2 
2081.775 
2082.115 
2081.325 
2081.605 
2081.295 
2081.685 
2081.275 
2081.61 
2081.225 
2081.515 
2081.67 
2082.015 
2081.545 
2081.925 
2081.55 
2081.855 
2081.445 
2081.92 
2081.16 
2081.475 
2081.03 
2081.36 
2081.04 
2081.44 
2080.965 
2081.36 
2081.445 
2081.825 
2081.395 
2081.765 
2081.385 
2081.685 
2081.335 
2081.69 
2080.99 
2081.35 
2080.925 
2081.27 
2080.94 
2081.265 
2080.9 
2081.32 
2081.405 
2081.675 
2081.285 
2081.735 
2081.3 
2081.655 
2081.285 
2081.635 
2080.98 
2081.27 
2080.87 
2081.33 
2081.0 
2081.28 
2080.92 
2081.27 
2081.385 
2081.745 
2081.325 
2081.72 
2081.385 
2081.78 
2081.45 
2081.815 
2081.065 
2081.38 
2081.03 
2081.415 
2081.065 
2081.47 
2081.11 
2081.46 
2081.52 
2081.99 
2081.555 
2081.99 
2081.585 
2081.95 
2081.635 
2082.01 
2081.38 
2081.795 
2081.345 
2081.745 
2081.38 
2081.745 
2081.345 
2081.715 
2081.775 
2082.115 
2081.725 
2082.135 
2081.75 
2082.12 
2081.685 
2082.07 
2081.32 
2081.63 
2081.215 
2081.6 
2081.145 
2081.52 
2081.12 
2081.435 
2081.515 
2081.905 
2081.475 
2081.835 
2081.495 
2081.775 
2081.445 
2081.775 
2081.055 
2081.34 
2081.015 
2081.315 
2080.955 
2081.325 
2080.945 
2081.265 
2081.42 
2081.7 
2081.335 
2081.73 
2081.37 
2081.715 
2081.29 
2081.675 
2080.965 
2081.29 
2080.935 
2081.285 
2080.895 
2081.225 
2080.895 
2081.32 
2081.36 
2081.7 
2081.275 
2081.56 
2081.29 
2081.69 
2081.285 
2081.605 
2080.935 
2081.285 
2080.875 
2081.305 
2080.905 
2081.305 
2080.905 
2081.205 
2081.375 
2081.755 
2081.305 
2081.725 
2081.395 
2081.78 
2081.32 
2081.795 
2081.07 
2081.39 
2081.035 
2081.375 
2081.09 
2081.51 
2081.065 
2081.485 
2081.59 
2081.92 
2081.575 
2081.965 
2081.615 
2081.965 
2081.65 
2081.96 
2081.255 
2081.645 
2081.22 
2081.64 
2081.285 
2081.64 
2081.27 
2081.665 
2081.685 
2082.07 
2081.62 
2082.04 
2081.67 
2082.035 
2081.595 
2081.975 
2081.205 
2081.53 
2081.19 
2081.555 
2081.105 
2081.44 
2081.07 
2081.395 
2081.505 
2081.82 
2081.44 
2081.755 
2081.45 
2081.76 
2081.38 
2081.765 
2081.065 
2081.405 
2081.02 
2081.37 
2081.04 
2081.39 
2080.935 
2081.34 
2081.385 
2081.74 
2081.34 
2081.745 
2081.325 
2081.675 
2081.235 
2081.635 
2080.995 
2081.345 
2080.85 
2081.24 
2080.91 
2081.235 
2080.835 
2081.225 
2081.295 
2081.635 
2081.215 
2081.585 
2081.305 
2081.64 
2081.21 
2081.625 
2080.94 
2081.255 
2080.905 
2081.31 
2080.845 
2081.24 
2080.925 
2081.25 
2081.37 
2081.715 
2081.315 
2081.71 
2081.405 
2081.72 
2081.295 
2081.725 
2081.005 
2081.36 
2081.015 
2081.34 
2081.085 
2081.405 
2081.04 
2081.51 
2081.63 
2081.915 
2081.54 
2081.94 
2081.595 
2081.915 
2081.6 
2081.975 
2081.365 
2081.67 
2081.23 
2081.695 
2081.275 
2081.65 
2081.205 
2081.635 
2081.66 
2082.01 
2081.61 
2082.005 
2081.625 
2082.03 
2081.51 
2081.925 
2081.195 
2081.49 
2081.085 
2081.45 
2081.1 
2081.41 
2080.92 
2081.36 
2081.45 
2081.86 
2081.355 
2081.775 
2081.375 
2081.62 
2081.305 
2081.735 
2080.915 
2081.27 
2080.925 
2081.235 
2080.96 
2081.26 
2080.865 
2081.195 
2081.275 
2081.595 
2081.235 
2081.665 
2081.285 
2081.585 
2081.24 
2081.55 
2080.91 
2081.235 
2080.805 
2081.19 
2080.86 
2081.1 
2080.775 
2081.17 
2081.22 
2081.57 
2081.145 
2081.54 
2081.215 
2081.585 
2081.175 
2081.555 
2080.89 
2081.26 
2080.865 
2081.32 
2080.865 
2081.265 
2080.88 
2081.22 
2081.315 
2081.74 
2081.285 
2081.725 
2081.31 
2081.695 
2081.285 
2081.76 
2081.05 
2081.415 
2080.995 
2081.36 
2081.035 
2081.475 
2081.03 
2081.39 
2081.51 
2081.905 
2081.525 
2081.91 
2081.575 
2081.93 
2081.595 
2081.96 
2081.2 
2081.63 
2081.22 
2081.615 
2081.295 
2081.57 
2081.21 
2081.66 
2081.68 
2082.035 
2081.625 
2081.965 
2081.575 
2081.955 
2081.545 
2081.89 
2081.145 
2081.5 
2081.075 
2081.445 
2081.05 
2081.38 
2080.995 
2081.34 
2081.4 
2081.8 
2081.33 
2081.745 
2081.335 
2081.65 
2081.315 
2081.665 
2080.9 
2081.255 
2080.84 
2081.195 
2080.825 
2081.23 
2080.69 
2081.05 
2081.21 
2081.585 
2081.15 
2081.56 
2081.13 
2081.525 
2081.135 
2081.475 
2080.75 
2081.16 
2080.75 
2081.095 
2080.775 
2081.045 
2080.695 
2081.035 
2081.135 
2081.475 
2081.13 
2081.495 
2081.165 
2081.545 
2081.14 
2081.56 
2080.79 
2081.03 
2080.74 
2081.12 
2080.75 
2081.085 
2080.78 
2081.145 
2081.18 
2081.59 
2081.175 
2081.565 
2081.225 
2081.57 
2081.235 
2081.655 
2080.91 
2081.265 
2080.875 
2081.26 
2080.925 
2081.32 
2080.94 
2081.335 
2081.405 
2081.79 
2081.395 
2081.855 
2081.49 
2081.815 
2081.475 
2081.85 
2081.28 
2081.6 
2081.27 
2081.61 
2081.27 
2081.595 
2081.25 
2081.575 
2081.66 
2081.985 
2081.56 
2081.975 
2081.6 
2082.02 
2081.515 
2081.94 
2081.2 
2081.435 
2081.1 
2081.42 
2081.035 
2081.38 
2080.99 
2081.305 
2081.405 
2081.79 
2081.295 
2081.725 
2081.325 
2081.59 
2081.295 
2081.59 
2080.905 
2081.165 
2080.905 
2081.155 
2080.86 
2081.21 
2080.83 
2081.155 
2081.245 
2081.545 
2081.19 
2081.55 
2081.245 
2081.58 
2081.19 
2081.535 
2080.82 
2081.205 
2080.79 
2081.115 
2080.79 
2081.125 
2080.75 
2081.175 
2081.23 
2081.56 
2081.15 
2081.475 
2081.205 
2081.585 
2081.19 
2081.595 
2080.89 
2081.175 
2080.875 
2081.195 
2080.835 
2081.195 
2080.83 
2081.165 
2081.315 
2081.705 
2081.25 
2081.7 
2081.305 
2081.705 
2081.285 
2081.735 
2081.005 
2081.335 
2080.945 
2081.285 
2080.995 
2081.425 
2081.015 
2081.44 
2081.505 
2081.87 
2081.47 
2081.865 
2081.565 
2081.935 
2081.525 
2081.905 
2081.21 
2081.62 
2081.185 
2081.525 
2081.17 
2081.515 
2081.175 
2081.565 
2081.63 
2082.005 
2081.595 
2081.83 
2081.55 
2081.94 
2081.45 
2081.84 
2081.09 
2081.345 
2081.055 
2081.395 
2080.985 
2081.345 
2080.895 
2081.285 
2081.385 
2081.74 
2081.24 
2081.655 
2081.28 
2081.56 
2081.225 
2081.62 
2080.935 
2081.205 
2080.9 
2081.17 
2080.85 
2081.26 
2080.82 
2081.16 
2081.285 
2081.635 
2081.205 
2081.585 
2081.13 
2081.52 
2081.135 
2081.55 
2080.81 
2081.18 
2080.745 
2081.11 
2080.755 
2081.085 
2080.71 
2081.105 
2081.135 
2081.55 
2081.08 
2081.42 
2081.1 
2081.525 
2081.135 
2081.48 
2080.795 
2081.09 
2080.79 
2081.155 
2080.83 
2081.11 
2080.775 
2081.1 
2081.195 
2081.615 
2081.24 
2081.555 
2081.285 
2081.68 
2081.285 
2081.68 
2080.95 
2081.245 
2080.965 
2081.285 
2081.005 
2081.435 
2080.955 
2081.32 
2081.475 
2081.785 
2081.405 
2081.885 
2081.485 
2081.84 
2081.46 
2081.835 
2081.215 
2081.61 
2081.125 
2081.51 
2081.185 
2081.47 
2081.125 
2081.505 
2081.58 
2081.945 
2081.515 
2081.78 
2081.46 
2081.915 
2081.42 
2081.805 
2081.055 
2081.405 
2081.01 
2081.335 
2080.935 
2081.285 
2080.865 
2081.225 
2081.3 
2081.705 
2081.25 
2081.585 
2081.215 
2081.515 
2081.18 
2081.575 
2080.8 
2081.045 
2080.755 
2081.085 
2080.79 
2081.14 
2080.705 
2081.085 
2081.13 
2081.46 
2081.07 
2081.46 
2081.14 
2081.505 
2081.09 
2081.45 
2080.76 
2081.12 
2080.655 
2080.995 
2080.685 
2080.965 
2080.645 
2081.055 
2081.135 
2081.445 
2081.07 
2081.43 
2081.135 
2081.485 
2081.09 
2081.445 
2080.83 
2081.17 
2080.765 
2081.185 
2080.785 
2081.155 
2080.8 
2081.155 
2081.31 
2081.635 
2081.2 
2081.63 
2081.21 
2081.665 
2081.19 
2081.7 
2080.92 
2081.325 
2080.92 
2081.29 
2081.005 
2081.37 
2080.915 
2081.385 
2081.45 
2081.79 
2081.455 
2081.85 
2081.49 
2081.845 
2081.51 
2081.9 
2081.125 
2081.55 
2081.165 
2081.48 
2081.23 
2081.475 
2081.135 
2081.545 
2081.605 
2081.945 
2081.505 
2081.865 
2081.56 
2081.9 
2081.44 
2081.82 
2081.06 
2081.335 
2081.05 
2081.375 
2080.995 
2081.355 
2080.93 
2081.23 
2081.33 
2081.675 
2081.265 
2081.6 
2081.245 
2081.525 
2081.2 
2081.63 
2080.805 
2081.15 
2080.8 
2081.09 
2080.845 
2081.17 
2080.745 
2081.115 
2081.19 
2081.5 
2081.085 
2081.49 
2081.06 
2081.505 
2081.075 
2081.43 
2080.68 
2081.095 
2080.67 
2081.055 
2080.695 
2081.04 
2080.685 
2081.03 
2081.12 
2081.495 
2081.06 
2081.415 
2081.105 
2081.49 
2081.075 
2081.475 
2080.75 
2081.045 
2080.725 
2081.08 
2080.73 
2081.09 
2080.705 
2081.065 
2081.175 
2081.535 
2081.18 
2081.54 
2081.125 
2081.58 
2081.2 
2081.665 
2080.89 
2081.275 
2080.895 
2081.22 
2080.96 
2081.31 
2080.915 
2081.285 
2081.415 
2081.73 
2081.39 
2081.8 
2081.455 
2081.78 
2081.415 
2081.86 
2081.23 
2081.595 
2081.15 
2081.505 
2081.19 
2081.505 
2081.095 
2081.485 
2081.545 
2081.89 
2081.42 
2081.805 
2081.525 
2081.86 
2081.415 
2081.795 
2081.07 
2081.38 
2080.99 
2081.305 
2080.965 
2081.295 
2080.89 
2081.17 
2081.295 
2081.71 
2081.175 
2081.615 
2081.23 
2081.56 
2081.2 
2081.555 
2080.77 
2081.13 
2080.765 
2081.115 
2080.82 
2081.165 
2080.735 
2081.08 
2081.16 
2081.425 
2081.1 
2081.46 
2081.095 
2081.515 
2081.08 
2081.5 
2080.79 
2081.11 
2080.71 
2081.04 
2080.69 
2081.065 
2080.635 
2081.045 
2081.06 
2081.44 
2081.065 
2081.41 
2081.14 
2081.5 
2081.08 
2081.465 
2080.735 
2081.015 
2080.7 
2081.14 
2080.695 
2081.075 
2080.72 
2081.045 
2081.135 
2081.56 
2081.13 
2081.635 
2081.175 
2081.58 
2081.21 
2081.615 
2080.865 
2081.185 
2080.905 
2081.205 
2080.875 
2081.3 
2080.92 
2081.23 
2081.405 
2081.77 
2081.42 
2081.82 
2081.47 
2081.77 
2081.47 
2081.865 
2081.13 
2081.475 
2081.09 
2081.425 
2081.14 
2081.44 
2081.035 
2081.435 
2081.495 
2081.845 
2081.43 
2081.75 
2081.565 
2081.855 
2081.355 
2081.75 
2080.995 
2081.31 
2080.915 
2081.285 
2081.02 
2081.23 
2080.86 
2081.17 
2081.365 
2081.64 
2081.225 
2081.58 
2081.265 
2081.51 
2081.17 
2081.56 
2080.92 
2081.21 
2080.87 
2081.15 
2080.88 
2081.21 
2080.805 
2081.19 
2081.275 
2081.57 
2081.145 
2081.555 
2081.155 
2081.54 
2081.13 
2081.485 
2080.875 
