Run 0 on 20200811 on sample T20-5d, LT thermometer,  dT/T0 = 0.02
Time per point = 3.125e-05 seconds
998.935 
998.42 
998.665 
998.15 
998.31 
997.84 
997.96 
996.99 
997.125 
996.575 
996.74 
996.215 
996.255 
995.73 
995.95 
995.815 
996.02 
995.48 
995.705 
995.175 
995.355 
994.815 
995.11 
994.225 
994.39 
993.915 
994.11 
993.715 
994.0 
993.575 
993.85 
993.865 
994.235 
993.84 
994.17 
993.765 
994.105 
993.815 
994.225 
993.51 
993.945 
993.655 
994.095 
993.805 
994.245 
994.03 
994.43 
994.65 
995.07 
994.86 
995.43 
995.23 
995.695 
995.545 
996.02 
995.46 
995.86 
995.775 
996.23 
996.205 
996.59 
996.455 
996.98 
997.31 
997.73 
997.545 
998.01 
997.965 
998.385 
998.22 
998.635 
998.0 
998.42 
998.14 
998.57 
998.36 
998.7 
998.425 
998.75 
998.94 
999.28 
998.895 
999.225 
998.94 
999.21 
998.715 
999.04 
998.24 
998.47 
997.97 
998.165 
997.79 
997.94 
997.45 
997.585 
997.555 
997.68 
997.15 
997.34 
996.765 
996.875 
996.335 
996.445 
995.485 
995.55 
995.025 
995.12 
994.625 
994.715 
994.13 
994.215 
994.185 
994.21 
993.72 
993.865 
993.375 
993.46 
992.995 
993.18 
992.18 
992.37 
991.86 
992.07 
991.685 
991.83 
991.445 
991.725 
991.69 
991.97 
991.625 
991.885 
991.58 
991.885 
991.535 
991.905 
991.095 
991.49 
991.175 
991.6 
991.28 
991.665 
991.445 
991.87 
992.115 
992.575 
992.31 
992.76 
992.615 
993.12 
992.875 
993.405 
992.855 
993.33 
993.13 
993.685 
993.53 
994.0 
993.825 
994.37 
994.645 
995.185 
994.92 
995.465 
995.28 
995.81 
995.565 
996.065 
995.45 
995.9 
995.615 
996.045 
995.865 
996.24 
995.935 
996.275 
996.425 
996.755 
996.48 
996.75 
996.495 
996.76 
996.425 
996.565 
995.785 
996.02 
995.645 
995.78 
995.38 
995.55 
995.16 
995.315 
995.225 
995.385 
994.925 
995.005 
994.545 
994.65 
994.155 
994.23 
993.3 
993.435 
992.825 
992.925 
992.46 
992.545 
991.89 
992.07 
991.95 
992.13 
991.53 
991.7 
991.17 
991.325 
990.835 
990.99 
990.13 
990.315 
989.8 
990.07 
989.605 
989.81 
989.355 
989.64 
989.7 
990.01 
989.515 
989.865 
989.52 
989.84 
989.47 
989.86 
989.115 
989.505 
989.205 
989.565 
989.33 
989.685 
989.515 
989.92 
990.125 
990.525 
990.34 
990.8 
990.67 
991.14 
991.0 
991.43 
990.805 
991.205 
991.12 
991.535 
991.445 
991.88 
991.73 
992.175 
992.485 
992.98 
992.79 
993.17 
993.04 
993.43 
993.27 
993.69 
993.1 
993.415 
993.165 
993.545 
993.3 
993.675 
993.33 
993.65 
993.745 
994.145 
993.75 
994.08 
993.645 
993.955 
993.475 
993.765 
992.88 
993.165 
992.67 
992.845 
992.36 
992.53 
992.065 
992.175 
992.115 
992.32 
991.745 
991.82 
991.33 
991.445 
990.83 
990.93 
990.09 
990.14 
989.61 
989.665 
989.165 
989.23 
988.63 
988.76 
988.65 
988.8 
988.26 
988.36 
987.87 
987.95 
987.555 
987.735 
986.78 
986.97 
986.445 
986.7 
986.36 
986.485 
986.185 
986.345 
986.385 
986.65 
986.375 
986.64 
986.375 
986.65 
986.345 
986.76 
985.89 
986.28 
985.995 
986.43 
986.175 
986.58 
986.36 
986.82 
987.13 
987.495 
987.29 
987.805 
987.68 
988.185 
988.03 
988.53 
987.965 
988.455 
988.27 
988.805 
988.68 
989.165 
988.945 
989.52 
989.83 
990.385 
990.16 
990.625 
990.55 
990.945 
990.84 
991.295 
990.665 
991.02 
990.88 
991.33 
991.115 
991.455 
991.25 
991.595 
991.695 
992.07 
991.83 
992.1 
991.865 
992.06 
991.695 
991.99 
991.165 
991.395 
991.06 
991.29 
990.795 
990.97 
990.615 
990.7 
990.7 
990.855 
990.37 
990.505 
990.08 
990.17 
989.665 
989.885 
988.825 
988.905 
988.365 
988.495 
987.975 
988.135 
987.525 
987.715 
987.66 
987.84 
987.25 
987.4 
986.925 
987.115 
986.615 
986.79 
985.9 
985.995 
985.545 
985.81 
985.385 
985.615 
985.18 
985.425 
985.425 
985.73 
985.345 
985.64 
985.26 
985.595 
985.225 
985.485 
984.785 
985.13 
984.755 
985.1 
984.755 
985.145 
984.77 
985.11 
985.285 
985.67 
985.295 
985.675 
985.4 
985.755 
985.45 
985.765 
985.015 
985.415 
985.055 
985.37 
985.035 
985.335 
984.94 
985.26 
985.29 
985.575 
985.075 
985.355 
984.94 
985.07 
984.645 
984.745 
983.895 
983.905 
983.295 
983.355 
982.765 
982.765 
982.025 
982.005 
981.71 
981.63 
980.88 
980.68 
979.81 
979.685 
978.69 
978.475 
977.09 
976.78 
975.8 
975.435 
974.31 
973.955 
972.745 
972.325 
971.55 
971.125 
969.85 
969.31 
968.03 
967.475 
966.105 
965.535 
963.75 
963.1 
961.695 
961.035 
959.705 
958.91 
957.475 
956.75 
955.74 
954.945 
953.505 
952.645 
951.25 
950.455 
948.945 
948.16 
946.265 
945.445 
943.885 
943.04 
941.55 
940.69 
939.23 
938.33 
937.235 
936.42 
934.93 
934.095 
932.61 
931.735 
930.205 
929.365 
927.51 
926.67 
925.105 
924.25 
922.705 
921.885 
920.335 
919.47 
918.475 
917.605 
915.98 
915.185 
913.655 
912.825 
911.14 
910.335 
908.42 
907.465 
905.89 
905.045 
903.435 
902.57 
900.875 
899.955 
898.755 
897.865 
896.11 
895.175 
893.505 
892.465 
890.765 
889.77 
887.665 
886.58 
884.815 
883.72 
881.96 
880.725 
878.895 
877.745 
876.27 
875.08 
873.2 
871.945 
870.03 
868.77 
866.785 
865.4 
863.035 
861.73 
859.69 
858.26 
856.145 
854.79 
852.67 
851.225 
849.605 
848.08 
846.02 
844.56 
842.42 
840.95 
838.79 
837.265 
834.68 
833.215 
831.025 
829.535 
827.365 
825.745 
823.605 
822.125 
820.43 
818.875 
816.795 
815.25 
813.085 
811.685 
809.595 
808.12 
805.62 
804.135 
801.98 
800.66 
798.6 
797.25 
795.195 
793.815 
792.275 
790.905 
788.905 
787.635 
785.74 
784.43 
782.5 
781.25 
778.96 
777.735 
775.83 
774.605 
772.815 
771.65 
769.75 
768.605 
767.29 
766.19 
764.33 
763.32 
761.52 
760.41 
758.745 
757.615 
755.475 
754.455 
752.705 
751.625 
749.955 
748.885 
747.225 
746.15 
744.915 
743.935 
742.19 
741.16 
739.47 
738.355 
736.725 
735.65 
733.57 
732.445 
730.635 
729.62 
727.89 
726.83 
725.025 
723.91 
722.605 
721.475 
719.66 
718.535 
716.755 
715.605 
713.745 
712.56 
710.24 
709.16 
707.27 
706.0 
704.22 
702.93 
701.03 
699.81 
698.395 
697.115 
695.18 
693.97 
692.065 
690.815 
688.885 
687.585 
685.29 
684.08 
682.155 
680.92 
679.015 
677.77 
675.75 
674.595 
673.115 
671.96 
670.05 
668.945 
667.045 
665.9 
664.045 
662.945 
660.665 
659.59 
657.78 
656.62 
654.895 
653.835 
652.12 
651.13 
649.86 
648.765 
647.115 
646.165 
644.57 
643.575 
641.955 
641.005 
639.01 
638.145 
636.645 
635.72 
634.24 
633.385 
631.88 
631.09 
630.075 
629.23 
627.745 
626.98 
625.59 
624.76 
623.415 
622.635 
620.85 
620.11 
618.7 
617.995 
616.65 
615.92 
614.505 
613.835 
612.92 
612.15 
610.83 
610.1 
608.74 
608.035 
606.62 
605.915 
604.125 
603.4 
601.935 
601.195 
599.835 
599.085 
597.595 
596.88 
595.825 
595.02 
593.58 
592.745 
591.295 
590.505 
588.985 
588.155 
586.25 
585.405 
583.855 
582.955 
581.46 
580.585 
579.015 
578.115 
577.015 
576.15 
574.51 
573.66 
572.095 
571.23 
569.66 
568.685 
566.715 
565.9 
564.195 
563.3 
561.83 
560.94 
559.295 
558.43 
557.35 
556.515 
554.965 
554.075 
552.655 
551.825 
550.245 
549.52 
547.605 
546.855 
545.23 
544.55 
543.155 
542.39 
540.955 
540.295 
539.33 
538.645 
537.285 
536.64 
535.395 
534.715 
533.315 
532.75 
531.175 
530.545 
529.23 
528.615 
527.49 
526.91 
525.68 
525.115 
524.435 
523.895 
522.675 
522.225 
521.09 
520.605 
519.39 
519.0 
517.37 
517.005 
515.75 
515.37 
514.25 
513.86 
512.665 
512.175 
511.56 
511.105 
509.92 
509.455 
508.395 
507.9 
506.815 
506.355 
504.825 
504.305 
503.11 
502.575 
501.435 
500.925 
499.715 
499.19 
498.43 
497.955 
496.625 
496.1 
494.82 
494.235 
492.985 
492.41 
490.7 
490.085 
488.755 
488.14 
486.79 
486.155 
484.855 
484.17 
483.315 
482.565 
481.245 
480.58 
479.28 
478.58 
477.26 
476.555 
474.75 
474.145 
472.73 
472.065 
470.75 
470.06 
468.685 
468.06 
467.17 
466.585 
465.265 
464.6 
463.345 
462.74 
461.405 
460.85 
459.105 
458.605 
457.3 
456.805 
455.57 
455.0 
453.78 
453.29 
452.54 
452.135 
450.92 
450.495 
449.435 
448.96 
447.905 
447.46 
446.0 
445.61 
444.485 
444.17 
443.12 
442.825 
441.775 
441.465 
440.885 
440.585 
439.55 
439.235 
438.325 
438.035 
437.065 
436.795 
435.445 
435.13 
434.205 
433.95 
433.005 
432.715 
431.74 
431.48 
431.005 
430.725 
429.765 
429.52 
428.5 
428.24 
427.385 
427.03 
425.73 
425.425 
424.455 
424.145 
423.13 
422.795 
421.715 
421.41 
420.85 
420.445 
419.34 
419.045 
417.93 
417.615 
416.425 
416.1 
414.63 
414.23 
413.025 
412.58 
411.49 
411.055 
409.83 
409.425 
408.76 
408.28 
407.065 
406.585 
405.505 
405.045 
403.885 
403.425 
401.855 
401.465 
400.255 
399.8 
398.725 
398.21 
397.03 
396.6 
395.95 
395.575 
394.37 
394.025 
392.95 
392.555 
391.46 
391.105 
389.615 
389.23 
388.225 
387.88 
386.895 
386.545 
385.545 
385.27 
384.735 
384.415 
383.42 
383.235 
382.295 
382.1 
381.135 
380.985 
379.695 
379.42 
378.56 
378.36 
377.555 
377.345 
376.53 
376.415 
375.96 
375.7 
374.945 
374.845 
374.07 
373.93 
373.12 
373.02 
371.76 
371.645 
370.87 
370.71 
369.985 
369.74 
369.04 
368.865 
368.51 
368.33 
367.57 
367.395 
366.61 
366.415 
365.61 
365.52 
364.09 
363.855 
363.04 
362.845 
361.975 
361.675 
360.78 
360.555 
360.07 
359.8 
358.875 
358.59 
357.73 
357.335 
356.43 
356.12 
354.705 
354.36 
353.36 
353.01 
352.02 
351.7 
350.665 
350.325 
349.745 
349.395 
348.36 
347.95 
346.995 
346.56 
345.6 
345.245 
343.83 
343.415 
342.445 
342.065 
341.15 
340.78 
339.76 
339.475 
338.9 
338.555 
337.645 
337.305 
336.41 
336.19 
335.2 
335.02 
333.615 
333.32 
332.485 
332.26 
331.465 
331.255 
330.42 
330.195 
329.815 
329.63 
328.9 
328.8 
328.025 
327.875 
327.12 
327.08 
325.82 
325.815 
325.025 
324.975 
324.255 
324.255 
323.59 
323.48 
323.285 
323.305 
322.565 
322.605 
321.95 
321.95 
321.31 
321.315 
320.21 
320.25 
319.55 
319.585 
318.91 
318.96 
318.22 
318.23 
318.025 
318.025 
317.355 
317.31 
316.67 
316.635 
315.91 
315.885 
314.82 
314.71 
313.99 
313.88 
313.16 
313.04 
312.3 
312.22 
311.825 
311.72 
310.92 
310.82 
310.02 
309.86 
308.97 
308.84 
307.585 
307.425 
306.515 
306.33 
305.445 
305.27 
304.35 
304.13 
303.7 
303.53 
302.57 
302.445 
301.54 
301.34 
300.4 
300.25 
298.935 
298.76 
297.88 
297.62 
296.835 
296.65 
295.745 
295.635 
295.25 
295.1 
294.24 
294.2 
293.39 
293.285 
292.44 
292.43 
291.245 
291.145 
290.365 
290.28 
289.61 
289.605 
288.85 
288.83 
288.565 
288.68 
287.965 
288.015 
287.435 
287.475 
286.83 
286.905 
286.055 
286.13 
285.515 
285.655 
285.06 
285.165 
284.605 
284.675 
284.66 
284.795 
284.17 
284.415 
283.785 
283.995 
283.55 
283.585 
282.7 
282.825 
282.265 
282.5 
281.93 
282.035 
281.48 
281.61 
281.555 
281.63 
281.06 
281.195 
280.635 
280.7 
280.075 
280.215 
279.275 
279.335 
278.675 
278.71 
278.06 
278.08 
277.43 
277.425 
277.285 
277.19 
276.425 
276.43 
275.76 
275.74 
274.93 
274.94 
273.72 
273.655 
272.93 
272.795 
272.02 
271.845 
271.15 
270.97 
270.685 
270.46 
269.67 
269.565 
268.82 
268.67 
267.895 
267.75 
266.62 
266.46 
265.65 
265.54 
264.79 
264.67 
263.815 
263.775 
263.485 
263.375 
262.57 
262.65 
261.82 
261.795 
261.03 
261.055 
259.98 
259.93 
259.22 
259.255 
258.605 
258.685 
257.995 
258.0 
257.855 
257.94 
257.28 
257.395 
256.92 
256.96 
256.4 
256.5 
255.695 
255.795 
255.215 
255.33 
254.88 
254.965 
254.48 
254.705 
254.62 
254.855 
254.295 
254.525 
254.045 
254.255 
253.77 
253.925 
253.07 
253.26 
252.72 
252.95 
252.475 
252.66 
252.145 
252.305 
252.305 
252.405 
251.875 
252.08 
251.5 
251.645 
251.085 
251.235 
250.37 
250.385 
249.81 
249.885 
249.28 
249.405 
248.715 
248.78 
248.555 
248.575 
247.875 
247.89 
247.255 
247.29 
246.55 
246.51 
245.435 
245.395 
244.61 
244.6 
243.86 
243.785 
242.995 
242.945 
242.65 
242.57 
241.8 
241.745 
240.995 
240.89 
240.19 
240.03 
238.945 
238.855 
238.155 
238.03 
237.36 
237.325 
236.62 
236.575 
236.37 
236.375 
235.61 
235.625 
235.04 
235.035 
234.35 
234.42 
233.47 
233.49 
232.87 
232.995 
232.475 
232.57 
232.0 
232.165 
232.1 
232.275 
231.75 
231.945 
231.54 
231.695 
231.145 
231.515 
230.665 
230.815 
230.46 
230.735 
230.36 
230.575 
230.225 
230.465 
230.585 
230.84 
230.445 
230.835 
230.43 
230.74 
230.385 
230.695 
229.935 
230.2 
229.915 
230.12 
229.85 
230.11 
229.725 
229.965 
230.065 
230.35 
229.905 
230.225 
229.75 
230.07 
229.565 
229.825 
228.945 
229.175 
228.655 
228.87 
228.42 
228.475 
227.99 
228.07 
228.025 
228.17 
227.65 
227.715 
227.195 
227.29 
226.575 
226.78 
225.74 
225.715 
225.11 
225.16 
224.45 
224.455 
223.835 
223.86 
223.71 
223.71 
222.98 
223.075 
222.365 
222.385 
221.66 
221.72 
220.72 
220.74 
220.13 
220.095 
219.505 
219.52 
218.9 
218.94 
218.77 
218.775 
218.195 
218.355 
217.79 
217.905 
217.225 
217.435 
216.495 
216.57 
216.105 
216.25 
215.775 
215.97 
215.425 
215.695 
215.67 
215.9 
215.38 
215.675 
215.305 
215.565 
215.07 
215.395 
214.665 
215.0 
214.64 
214.97 
214.64 
214.94 
214.63 
215.01 
215.125 
215.42 
215.08 
215.495 
215.2 
215.585 
215.145 
215.555 
214.905 
215.235 
214.925 
215.26 
214.935 
215.26 
214.87 
215.245 
215.39 
215.64 
215.21 
215.55 
215.15 
215.455 
214.98 
215.305 
214.52 
214.71 
214.33 
214.485 
214.05 
214.185 
213.7 
213.875 
213.85 
213.975 
213.415 
213.535 
212.98 
213.08 
212.37 
212.56 
211.555 
211.63 
211.04 
211.11 
210.43 
210.56 
209.75 
209.85 
209.65 
209.66 
208.855 
208.995 
208.25 
208.355 
207.645 
207.745 
206.72 
206.705 
206.09 
206.09 
205.51 
205.535 
204.8 
204.895 
204.785 
204.895 
204.215 
204.335 
203.725 
203.93 
203.27 
203.455 
202.605 
202.67 
202.13 
202.355 
201.895 
202.1 
201.55 
201.77 
201.77 
202.045 
201.605 
201.895 
201.45 
201.835 
201.4 
201.755 
201.09 
201.355 
201.055 
201.42 
201.13 
201.5 
201.145 
201.525 
201.67 
202.01 
201.675 
202.115 
201.81 
202.235 
201.8 
202.295 
201.605 
202.02 
201.685 
202.08 
201.745 
202.12 
201.76 
202.105 
202.275 
202.675 
202.215 
202.595 
202.19 
202.52 
202.08 
202.415 
201.715 
201.935 
201.565 
201.75 
201.345 
201.565 
201.04 
201.295 
201.265 
201.46 
200.9 
201.145 
200.545 
200.73 
200.145 
200.29 
199.355 
199.435 
198.84 
198.915 
198.305 
198.44 
197.77 
197.87 
197.71 
197.755 
197.08 
197.205 
196.605 
196.66 
196.015 
196.055 
195.19 
195.185 
194.57 
194.72 
194.095 
194.22 
193.535 
193.685 
193.665 
193.755 
193.055 
193.34 
192.755 
192.975 
192.345 
192.55 
191.775 
191.955 
191.425 
191.65 
191.295 
191.505 
191.06 
191.29 
191.335 
191.75 
191.285 
191.61 
191.275 
191.645 
191.255 
191.625 
191.045 
191.385 
191.085 
191.445 
191.17 
191.575 
191.285 
191.685 
191.86 
192.32 
192.025 
192.405 
192.225 
192.74 
192.38 
192.815 
192.18 
192.605 
192.325 
192.73 
192.48 
192.875 
192.52 
192.965 
193.15 
193.56 
193.19 
193.54 
193.22 
193.565 
193.22 
193.545 
192.845 
193.175 
192.6 
193.0 
192.58 
192.795 
192.33 
192.595 
192.495 
192.74 
192.305 
192.52 
192.005 
192.175 
191.615 
191.825 
190.83 
190.99 
190.38 
190.51 
189.93 
190.095 
189.495 
189.575 
189.4 
189.54 
188.94 
189.095 
188.445 
188.495 
187.965 
188.065 
187.025 
187.21 
186.54 
186.695 
186.105 
186.26 
185.65 
185.78 
185.685 
185.91 
185.335 
185.56 
185.105 
185.245 
184.765 
184.98 
184.125 
184.325 
183.9 
184.155 
183.745 
183.985 
183.58 
183.94 
184.0 
184.295 
184.02 
184.38 
184.055 
184.38 
184.1 
184.45 
183.78 
184.165 
183.885 
184.22 
183.955 
184.395 
184.14 
184.59 
184.785 
185.23 
184.935 
185.445 
185.235 
185.66 
185.39 
185.88 
185.19 
185.575 
185.425 
185.795 
185.63 
186.05 
185.75 
186.13 
186.395 
186.725 
186.49 
186.895 
186.68 
186.925 
186.72 
187.025 
186.22 
186.56 
186.165 
186.42 
186.13 
186.425 
185.93 
186.22 
186.245 
186.48 
186.085 
186.335 
185.835 
186.065 
185.525 
185.74 
184.815 
185.015 
184.455 
184.635 
184.145 
184.255 
183.745 
183.91 
183.79 
183.915 
183.315 
183.53 
183.015 
183.09 
182.545 
182.68 
181.77 
181.91 
181.365 
181.49 
180.995 
181.13 
180.615 
180.765 
180.76 
180.94 
180.385 
180.625 
180.17 
180.37 
179.93 
180.225 
179.3 
179.505 
179.095 
179.365 
179.035 
179.315 
178.985 
179.225 
179.315 
179.67 
179.33 
179.705 
179.41 
179.665 
179.42 
179.82 
179.105 
179.44 
179.14 
179.545 
179.31 
179.66 
179.385 
179.84 
180.02 
180.5 
180.19 
180.605 
180.405 
180.835 
180.57 
181.03 
180.34 
180.695 
180.435 
180.915 
180.645 
180.975 
180.68 
181.075 
181.265 
181.655 
181.275 
181.69 
181.38 
181.695 
181.365 
181.71 
180.91 
181.22 
180.82 
181.065 
180.7 
180.93 
180.53 
180.815 
180.775 
181.04 
180.575 
180.715 
180.34 
180.47 
179.995 
180.15 
179.19 
179.25 
178.805 
178.915 
178.455 
178.55 
177.975 
178.155 
178.1 
178.095 
177.64 
177.755 
177.245 
177.305 
176.845 
176.925 
175.875 
176.005 
175.525 
175.63 
175.155 
175.185 
174.75 
174.89 
174.87 
175.01 
174.52 
174.745 
174.29 
174.5 
174.08 
174.31 
173.46 
173.73 
173.305 
173.555 
173.21 
173.5 
173.155 
173.495 
173.6 
173.92 
173.65 
173.965 
173.725 
174.1 
173.775 
174.175 
173.58 
174.055 
173.71 
174.13 
173.88 
174.34 
174.155 
174.535 
174.685 
175.225 
174.945 
175.46 
175.21 
175.66 
175.415 
175.905 
175.25 
175.74 
175.5 
175.94 
175.65 
176.065 
175.79 
176.245 
176.43 
176.77 
176.505 
176.895 
176.62 
177.01 
176.725 
177.06 
176.4 
176.685 
176.245 
176.64 
176.21 
176.47 
176.045 
176.275 
176.36 
176.635 
176.06 
176.355 
175.9 
176.065 
175.595 
175.825 
174.885 
175.07 
174.49 
174.68 
174.11 
174.24 
173.69 
173.93 
173.775 
173.86 
173.33 
173.455 
172.98 
173.04 
172.51 
172.675 
171.715 
171.93 
171.305 
171.495 
170.95 
171.15 
170.625 
170.77 
170.755 
170.97 
170.445 
170.665 
170.21 
170.52 
170.005 
170.34 
169.43 
169.805 
169.295 
169.62 
169.275 
169.575 
169.215 
169.585 
169.64 
170.015 
169.745 
170.12 
169.88 
170.19 
170.0 
170.385 
169.77 
170.16 
169.885 
170.37 
170.09 
170.59 
170.305 
170.835 
171.08 
171.53 
171.265 
171.825 
171.655 
172.105 
171.86 
172.37 
171.71 
172.215 
172.025 
172.47 
172.2 
172.735 
172.46 
172.87 
173.125 
173.595 
173.28 
173.685 
173.425 
173.82 
173.57 
173.9 
173.255 
173.67 
173.26 
173.62 
173.265 
173.58 
173.185 
173.49 
173.485 
173.845 
173.365 
173.665 
173.24 
173.45 
173.01 
173.2 
172.38 
172.565 
172.055 
172.215 
171.755 
171.95 
171.48 
171.615 
171.61 
171.725 
171.245 
171.42 
170.93 
171.07 
170.625 
170.785 
169.88 
170.095 
169.55 
169.75 
169.31 
169.405 
168.99 
169.19 
169.17 
169.415 
168.93 
169.205 
168.76 
169.085 
168.625 
168.975 
168.155 
168.52 
168.0 
168.37 
168.055 
168.455 
168.095 
168.405 
168.53 
169.02 
168.67 
169.085 
168.845 
169.225 
168.98 
169.39 
168.775 
169.285 
169.01 
169.425 
169.17 
169.705 
169.465 
169.955 
170.245 
170.665 
170.43 
170.98 
170.75 
171.315 
171.1 
171.625 
170.97 
171.435 
171.215 
171.68 
171.54 
171.945 
171.69 
172.15 
172.365 
172.78 
172.515 
172.95 
172.76 
173.07 
172.795 
173.21 
172.385 
172.775 
172.375 
172.735 
172.445 
172.715 
172.3 
172.545 
172.62 
172.91 
172.42 
172.755 
172.305 
172.46 
171.98 
172.23 
171.28 
171.515 
170.99 
171.175 
170.67 
170.855 
170.285 
170.475 
170.42 
170.55 
169.95 
170.12 
169.62 
169.78 
169.24 
169.365 
168.525 
168.685 
168.15 
168.275 
167.725 
167.965 
167.375 
167.595 
167.505 
167.82 
167.245 
167.51 
167.07 
167.265 
166.83 
167.115 
166.27 
166.625 
166.09 
166.4 
166.05 
166.395 
165.955 
166.3 
166.445 
166.8 
166.425 
166.87 
166.59 
166.945 
166.69 
167.12 
166.495 
166.905 
166.56 
167.07 
166.745 
167.25 
167.035 
167.48 
167.7 
168.155 
167.965 
168.425 
168.245 
168.685 
168.395 
168.945 
168.295 
168.785 
168.48 
168.955 
168.82 
169.17 
168.95 
169.37 
169.6 
170.02 
169.755 
170.19 
169.895 
170.225 
170.01 
170.315 
169.58 
169.985 
169.535 
169.84 
169.53 
169.855 
169.41 
169.675 
169.73 
170.055 
169.52 
169.765 
169.37 
169.62 
169.14 
169.345 
168.43 
168.705 
168.095 
168.365 
167.82 
167.99 
167.505 
167.62 
167.575 
167.755 
167.18 
167.38 
166.865 
166.98 
166.5 
166.725 
165.76 
165.89 
165.44 
165.54 
165.045 
165.225 
164.72 
164.94 
164.89 
165.07 
164.71 
164.92 
164.51 
164.645 
164.325 
164.58 
163.655 
164.055 
163.62 
163.875 
163.58 
163.905 
163.52 
163.87 
163.955 
164.375 
164.005 
164.44 
164.165 
164.54 
164.265 
164.71 
164.005 
164.485 
164.22 
164.63 
164.435 
164.88 
164.585 
165.03 
165.255 
165.735 
165.465 
165.97 
165.805 
166.265 
166.03 
166.5 
165.915 
166.315 
166.125 
166.49 
166.35 
166.73 
166.445 
166.905 
167.07 
167.51 
167.27 
167.63 
167.44 
167.78 
167.495 
167.875 
167.075 
167.445 
167.07 
167.38 
167.07 
167.295 
166.98 
167.215 
167.28 
167.53 
167.15 
167.375 
166.97 
167.205 
166.755 
166.985 
166.09 
166.285 
165.745 
165.99 
165.455 
165.66 
165.14 
165.34 
165.355 
165.46 
164.93 
165.08 
164.615 
164.76 
164.25 
164.395 
163.535 
163.72 
163.2 
163.345 
162.93 
163.095 
162.68 
162.885 
162.865 
163.13 
162.65 
162.795 
162.5 
162.71 
162.375 
162.7 
161.865 
162.05 
161.735 
162.045 
161.77 
162.045 
161.765 
162.09 
162.26 
162.615 
162.32 
162.745 
162.535 
162.88 
162.66 
163.105 
162.435 
162.88 
162.62 
163.08 
162.91 
163.35 
163.135 
163.6 
163.865 
164.3 
164.13 
164.65 
164.505 
164.94 
164.7 
165.26 
164.62 
165.1 
164.89 
165.35 
165.21 
165.62 
165.4 
165.875 
166.095 
166.56 
166.315 
166.75 
166.495 
166.91 
166.58 
167.04 
166.435 
166.785 
166.45 
166.77 
166.435 
166.8 
166.355 
166.67 
166.755 
167.075 
166.58 
166.955 
166.47 
166.74 
166.23 
166.55 
165.735 
165.935 
165.425 
165.605 
165.145 
165.415 
164.895 
165.015 
164.98 
165.205 
164.63 
164.79 
164.335 
164.545 
164.055 
164.235 
163.375 
163.56 
163.035 
163.255 
162.785 
162.98 
162.455 
162.715 
162.68 
162.955 
162.46 
162.7 
162.235 
162.58 
162.105 
162.415 
161.6 
161.9 
161.465 
161.81 
161.45 
161.82 
161.415 
161.76 
161.875 
162.325 
161.965 
162.39 
162.095 
162.445 
162.165 
162.64 
162.015 
162.49 
162.165 
162.645 
162.335 
162.865 
162.55 
163.04 
163.275 
163.76 
163.505 
164.015 
163.8 
164.285 
164.01 
164.545 
163.93 
164.41 
164.14 
164.625 
164.38 
164.825 
164.55 
165.03 
165.26 
165.66 
165.355 
165.755 
165.6 
165.94 
165.65 
166.035 
165.36 
165.705 
165.285 
165.68 
165.335 
165.67 
165.255 
165.53 
165.595 
165.935 
165.42 
165.745 
165.32 
165.625 
165.09 
165.35 
164.48 
164.76 
164.195 
164.41 
163.925 
164.09 
163.615 
163.82 
163.725 
163.965 
163.38 
163.635 
163.125 
163.325 
162.8 
162.995 
162.135 
162.365 
161.85 
162.07 
161.595 
161.805 
161.255 
161.53 
161.49 
161.84 
161.27 
161.545 
161.14 
161.42 
161.03 
161.335 
160.525 
160.785 
160.395 
160.82 
160.44 
160.81 
160.47 
160.825 
160.95 
161.33 
161.02 
161.45 
161.22 
161.62 
161.315 
161.72 
161.2 
161.625 
161.415 
161.795 
161.515 
162.015 
161.79 
162.315 
162.51 
163.02 
162.765 
163.2 
163.105 
163.565 
163.325 
163.865 
163.215 
163.725 
163.415 
163.895 
163.71 
164.15 
163.845 
164.3 
164.53 
164.925 
164.585 
165.01 
164.79 
165.115 
164.84 
165.28 
164.47 
164.85 
164.425 
164.78 
164.385 
164.765 
164.275 
164.65 
164.59 
164.93 
164.41 
164.715 
164.28 
164.495 
164.03 
164.305 
163.37 
163.66 
163.065 
163.225 
162.745 
162.95 
162.445 
162.59 
162.585 
162.74 
162.22 
162.47 
161.935 
162.105 
161.64 
161.8 
160.905 
161.145 
160.555 
160.82 
160.32 
160.6 
160.13 
160.36 
160.415 
160.69 
160.175 
160.47 
160.025 
160.405 
159.96 
160.305 
159.53 
159.82 
159.435 
159.85 
159.52 
159.91 
159.615 
159.935 
160.125 
160.575 
160.37 
160.78 
160.575 
160.975 
160.74 
161.23 
160.72 
161.21 
160.955 
161.405 
161.195 
161.765 
161.515 
162.065 
162.355 
162.855 
162.665 
163.21 
163.02 
163.565 
163.31 
163.845 
163.26 
163.81 
163.555 
164.04 
163.835 
164.365 
164.13 
164.56 
164.81 
165.265 
165.0 
165.455 
165.215 
165.55 
165.36 
165.62 
165.0 
165.395 
164.995 
165.38 
165.065 
165.305 
164.95 
165.24 
165.35 
165.61 
165.105 
165.415 
164.935 
165.24 
164.69 
165.01 
164.13 
164.285 
163.78 
163.975 
163.5 
163.635 
163.205 
163.415 
163.32 
163.515 
162.93 
163.095 
162.67 
162.84 
162.325 
162.55 
161.605 
161.81 
161.26 
161.525 
161.005 
161.23 
160.745 
160.965 
160.985 
161.225 
160.78 
161.015 
160.68 
160.925 
160.58 
160.86 
160.035 
160.35 
160.035 
160.375 
160.155 
160.455 
160.135 
160.515 
160.675 
161.07 
160.81 
161.25 
161.09 
161.44 
161.265 
161.67 
161.1 
161.52 
161.305 
161.715 
161.56 
162.115 
161.84 
162.345 
162.66 
163.08 
162.93 
163.43 
163.225 
163.755 
163.54 
164.065 
163.375 
163.88 
163.64 
164.135 
163.905 
164.395 
164.155 
164.575 
164.825 
165.17 
164.925 
165.355 
165.125 
165.43 
165.195 
165.535 
164.805 
165.15 
164.765 
165.1 
164.71 
165.045 
164.635 
164.87 
164.875 
165.11 
164.735 
164.93 
164.53 
164.73 
164.25 
164.495 
163.535 
163.76 
163.205 
163.455 
162.92 
163.015 
162.575 
162.745 
162.665 
162.83 
162.32 
162.465 
162.11 
162.195 
161.74 
161.91 
160.97 
161.135 
160.655 
160.8 
160.415 
160.575 
160.145 
160.335 
160.385 
160.65 
160.25 
160.48 
160.155 
160.41 
160.09 
160.43 
159.57 
159.905 
159.585 
159.935 
159.625 
160.01 
159.73 
160.125 
160.27 
160.695 
160.435 
160.865 
160.695 
161.16 
160.87 
161.395 
160.71 
161.22 
160.915 
161.42 
161.26 
161.735 
161.575 
162.045 
162.29 
162.755 
162.58 
163.115 
162.97 
163.41 
163.26 
163.695 
163.075 
163.535 
163.405 
163.795 
163.64 
164.0 
163.76 
164.195 
164.44 
164.78 
164.565 
164.905 
164.61 
165.005 
164.73 
164.985 
164.17 
164.485 
164.13 
164.435 
164.1 
164.42 
163.9 
164.16 
164.2 
164.405 
164.0 
164.19 
163.76 
163.93 
163.465 
163.7 
162.725 
162.91 
162.41 
162.565 
162.08 
162.27 
161.7 
161.865 
161.825 
161.965 
161.395 
161.615 
161.105 
161.29 
160.76 
161.01 
160.14 
160.34 
159.78 
160.075 
159.6 
159.795 
159.28 
159.56 
159.59 
159.89 
159.38 
159.705 
159.285 
159.66 
159.205 
159.58 
158.82 
