Run 0 on 20200811 on sample T20-5d, LT thermometer,  dT/T0 = 0.02
Time per point = 3.125e-05 seconds
1210.77 
1210.445 
1210.81 
1210.705 
1211.12 
1210.84 
1211.425 
1210.745 
1211.25 
1210.96 
1211.415 
1211.195 
1211.565 
1211.445 
1211.81 
1211.985 
1212.38 
1212.02 
1212.49 
1212.23 
1212.57 
1212.21 
1212.555 
1211.815 
1212.165 
1211.775 
1212.07 
1211.68 
1211.94 
1211.53 
1211.855 
1211.905 
1212.125 
1211.655 
1211.955 
1211.515 
1211.7 
1211.245 
1211.46 
1210.655 
1210.805 
1210.22 
1210.49 
1209.99 
1210.2 
1209.61 
1209.88 
1209.77 
1209.9 
1209.455 
1209.625 
1209.08 
1209.34 
1208.75 
1208.985 
1208.12 
1208.32 
1207.825 
1208.03 
1207.54 
1207.79 
1207.4 
1207.595 
1207.595 
1207.85 
1207.44 
1207.795 
1207.45 
1207.73 
1207.335 
1207.69 
1206.895 
1207.32 
1206.955 
1207.365 
1207.105 
1207.45 
1207.155 
1207.545 
1207.805 
1208.15 
1207.92 
1208.375 
1208.155 
1208.65 
1208.41 
1208.865 
1208.32 
1208.815 
1208.52 
1209.06 
1208.975 
1209.395 
1209.19 
1209.645 
1209.91 
1210.48 
1210.25 
1210.75 
1210.645 
1211.06 
1210.865 
1211.365 
1210.745 
1211.24 
1210.945 
1211.375 
1211.23 
1211.615 
1211.335 
1211.775 
1211.875 
1212.275 
1212.0 
1212.4 
1212.095 
1212.485 
1212.095 
1212.415 
1211.655 
1211.955 
1211.615 
1211.865 
1211.52 
1211.77 
1211.3 
1211.6 
1211.55 
1211.81 
1211.335 
1211.48 
1210.965 
1211.235 
1210.735 
1210.91 
1210.0 
1210.185 
1209.565 
1209.755 
1209.315 
1209.35 
1208.765 
1208.97 
1208.82 
1208.985 
1208.495 
1208.56 
1208.0 
1208.17 
1207.59 
1207.795 
1206.86 
1206.98 
1206.435 
1206.535 
1206.055 
1206.18 
1205.775 
1205.92 
1205.88 
1206.06 
1205.59 
1205.84 
1205.535 
1205.67 
1205.265 
1205.545 
1204.7 
1205.01 
1204.58 
1204.885 
1204.57 
1204.9 
1204.47 
1204.85 
1204.99 
1205.37 
1204.97 
1205.375 
1205.075 
1205.535 
1205.135 
1205.595 
1204.875 
1205.345 
1205.075 
1205.46 
1205.215 
1205.61 
1205.345 
1205.785 
1205.965 
1206.39 
1206.155 
1206.56 
1206.35 
1206.715 
1206.445 
1206.895 
1206.285 
1206.615 
1206.35 
1206.71 
1206.41 
1206.815 
1206.5 
1206.86 
1206.945 
1207.32 
1206.89 
1207.225 
1206.95 
1207.2 
1206.835 
1207.15 
1206.305 
1206.58 
1206.155 
1206.395 
1206.01 
1206.25 
1205.675 
1206.02 
1205.995 
1206.21 
1205.635 
1205.815 
1205.33 
1205.535 
1205.005 
1205.175 
1204.2 
1204.395 
1203.775 
1203.965 
1203.495 
1203.56 
1203.02 
1203.105 
1203.035 
1203.215 
1202.615 
1202.755 
1202.285 
1202.385 
1201.825 
1202.0 
1201.065 
1201.18 
1200.7 
1200.86 
1200.38 
1200.62 
1200.18 
1200.27 
1200.265 
1200.495 
1200.025 
1200.345 
1199.97 
1200.14 
1199.745 
1200.065 
1199.33 
1199.605 
1199.16 
1199.585 
1199.26 
1199.545 
1199.2 
1199.6 
1199.8 
1200.12 
1199.73 
1200.245 
1199.985 
1200.395 
1200.115 
1200.54 
1199.895 
1200.305 
1199.96 
1200.455 
1200.285 
1200.675 
1200.445 
1200.91 
1201.025 
1201.53 
1201.295 
1201.73 
1201.5 
1201.94 
1201.625 
1202.11 
1201.56 
1201.925 
1201.59 
1201.985 
1201.76 
1202.09 
1201.78 
1202.185 
1202.32 
1202.705 
1202.295 
1202.67 
1202.355 
1202.675 
1202.255 
1202.595 
1201.79 
1202.045 
1201.6 
1201.885 
1201.495 
1201.74 
1201.195 
1201.47 
1201.545 
1201.73 
1201.27 
1201.405 
1200.98 
1201.16 
1200.73 
1200.885 
1199.995 
1200.125 
1199.59 
1199.765 
1199.24 
1199.385 
1198.86 
1198.96 
1198.935 
1199.07 
1198.56 
1198.76 
1198.265 
1198.435 
1197.835 
1198.08 
1197.21 
1197.38 
1196.89 
1197.07 
1196.6 
1196.825 
1196.44 
1196.615 
1196.65 
1196.89 
1196.475 
1196.77 
1196.38 
1196.69 
1196.325 
1196.66 
1195.88 
1196.24 
1195.83 
1196.275 
1195.92 
1196.31 
1195.995 
1196.45 
1196.59 
1196.94 
1196.655 
1197.125 
1196.835 
1197.35 
1197.065 
1197.495 
1196.87 
1197.275 
1197.02 
1197.505 
1197.24 
1197.685 
1197.47 
1197.885 
1198.065 
1198.51 
1198.305 
1198.675 
1198.46 
1198.795 
1198.55 
1198.935 
1198.27 
1198.59 
1198.235 
1198.635 
1198.26 
1198.575 
1198.28 
1198.495 
1198.585 
1198.77 
1198.355 
1198.565 
1198.165 
1198.325 
1197.83 
1198.045 
1197.025 
1197.165 
1196.655 
1196.695 
1196.195 
1196.11 
1195.43 
1195.53 
1195.36 
1195.21 
1194.55 
1194.54 
1193.745 
1193.685 
1192.88 
1192.7 
1191.61 
1191.51 
1190.58 
1190.445 
1189.605 
1189.34 
1188.37 
1188.13 
1187.64 
1187.365 
1186.425 
1186.11 
1185.135 
1184.87 
1183.69 
1183.43 
1182.04 
1181.685 
1180.605 
1180.21 
1179.115 
1178.74 
1177.645 
1177.175 
1176.575 
1176.11 
1174.935 
1174.525 
1173.41 
1172.875 
1171.695 
1171.265 
1169.69 
1169.175 
1167.98 
1167.425 
1166.19 
1165.66 
1164.35 
1163.785 
1162.95 
1162.315 
1161.015 
1160.335 
1159.025 
1158.415 
1156.975 
1156.305 
1154.53 
1153.81 
1152.215 
1151.505 
1150.07 
1149.22 
1147.565 
1146.785 
1145.525 
1144.74 
1143.025 
1142.065 
1140.375 
1139.32 
1137.5 
1136.48 
1134.395 
1133.07 
1131.25 
1129.97 
1128.085 
1126.785 
1124.8 
1123.43 
1121.83 
1120.41 
1118.22 
1116.815 
1114.61 
1113.115 
1110.805 
1109.265 
1106.605 
1104.865 
1102.555 
1100.785 
1098.365 
1096.62 
1094.02 
1092.27 
1090.24 
1088.31 
1085.65 
1083.785 
1081.145 
1079.205 
1076.52 
1074.54 
1071.4 
1069.355 
1066.475 
1064.455 
1061.69 
1059.535 
1056.73 
1054.56 
1052.205 
1050.07 
1047.155 
1045.015 
1042.15 
1040.0 
1036.98 
1034.94 
1031.58 
1029.355 
1026.48 
1024.275 
1021.385 
1019.17 
1016.29 
1014.12 
1011.705 
1009.56 
1006.615 
1004.49 
1001.685 
999.485 
996.56 
994.495 
991.35 
989.24 
986.465 
984.295 
981.59 
979.455 
976.71 
974.605 
972.325 
970.235 
967.515 
965.5 
962.765 
960.74 
958.05 
955.995 
952.925 
950.95 
948.195 
946.215 
943.645 
941.57 
938.93 
936.925 
934.69 
932.77 
930.105 
928.085 
925.475 
923.445 
920.795 
918.845 
915.795 
913.765 
911.1 
909.06 
906.39 
904.395 
901.69 
899.665 
897.395 
895.37 
892.63 
890.635 
887.905 
885.905 
883.08 
881.075 
877.855 
875.86 
873.105 
870.95 
868.22 
866.18 
863.33 
861.32 
859.0 
856.88 
854.085 
851.935 
849.155 
847.1 
844.355 
842.205 
839.075 
836.975 
834.15 
832.055 
829.38 
827.255 
824.565 
822.42 
820.115 
818.075 
815.385 
813.37 
810.715 
808.715 
805.995 
804.115 
801.04 
799.005 
796.38 
794.47 
791.93 
790.005 
787.54 
785.59 
783.575 
781.75 
779.245 
777.56 
775.13 
773.27 
770.93 
769.205 
766.41 
764.76 
762.415 
760.785 
758.585 
756.915 
754.61 
753.06 
751.37 
749.78 
747.545 
746.035 
743.88 
742.395 
740.3 
738.83 
736.325 
734.79 
732.735 
731.3 
729.26 
727.77 
725.765 
724.315 
722.685 
721.375 
719.325 
717.965 
715.885 
714.49 
712.465 
711.085 
708.69 
707.275 
705.16 
703.79 
701.665 
700.335 
698.185 
696.805 
695.19 
693.775 
691.605 
690.225 
688.14 
686.675 
684.515 
683.07 
680.495 
679.105 
676.885 
675.39 
673.27 
671.73 
669.49 
667.99 
666.305 
664.745 
662.595 
661.11 
658.885 
657.355 
655.175 
653.635 
650.995 
649.515 
647.195 
645.775 
643.615 
642.04 
639.785 
638.285 
636.545 
635.07 
632.91 
631.375 
629.27 
627.77 
625.58 
624.185 
621.655 
620.135 
618.06 
616.685 
614.615 
613.265 
611.235 
609.875 
608.305 
607.025 
605.02 
603.745 
601.875 
600.54 
598.64 
597.44 
595.1 
593.91 
592.135 
590.95 
589.145 
587.995 
586.15 
585.055 
583.785 
582.665 
581.0 
579.9 
578.18 
577.195 
575.515 
574.545 
572.44 
571.495 
569.75 
568.83 
567.21 
566.205 
564.54 
563.63 
562.42 
561.475 
559.855 
558.955 
557.31 
556.385 
554.715 
553.755 
551.815 
550.73 
549.155 
548.22 
546.535 
545.56 
543.94 
542.895 
541.665 
540.705 
538.965 
537.94 
536.295 
535.21 
533.485 
532.44 
530.295 
529.23 
527.53 
526.435 
524.605 
523.54 
521.76 
520.66 
519.355 
518.145 
516.39 
515.31 
513.44 
512.335 
510.56 
509.42 
507.245 
506.11 
504.25 
503.145 
501.365 
500.19 
498.34 
497.275 
495.815 
494.78 
492.985 
491.94 
490.175 
489.07 
487.28 
486.24 
484.085 
483.07 
481.325 
480.295 
478.63 
477.675 
476.0 
475.075 
473.89 
472.94 
471.26 
470.385 
468.955 
467.99 
466.485 
465.675 
463.77 
463.025 
461.54 
460.74 
459.33 
458.59 
457.18 
456.42 
455.555 
454.79 
453.45 
452.83 
451.425 
450.885 
449.53 
448.92 
447.26 
446.615 
445.27 
444.73 
443.52 
442.91 
441.7 
441.035 
440.205 
439.64 
438.425 
437.85 
436.65 
436.055 
434.72 
434.175 
432.525 
431.875 
430.635 
430.035 
428.72 
428.105 
426.81 
426.155 
425.295 
424.625 
423.255 
422.65 
421.325 
420.64 
419.195 
418.525 
416.72 
416.015 
414.63 
413.83 
412.435 
411.61 
410.19 
409.475 
408.47 
407.635 
406.105 
405.38 
403.905 
403.15 
401.64 
400.835 
398.945 
398.115 
396.57 
395.805 
394.35 
393.49 
391.985 
391.225 
390.11 
389.405 
387.865 
387.145 
385.69 
384.97 
383.46 
382.765 
380.9 
380.1 
378.75 
378.025 
376.61 
375.98 
374.67 
374.005 
373.16 
372.56 
371.155 
370.68 
369.42 
368.815 
367.57 
367.08 
365.455 
365.005 
363.815 
363.36 
362.215 
361.805 
360.625 
360.325 
359.67 
359.245 
358.21 
357.835 
356.8 
356.525 
355.495 
355.14 
353.72 
353.4 
352.39 
352.135 
351.185 
350.875 
349.88 
349.59 
349.08 
348.825 
347.835 
347.56 
346.63 
346.27 
345.29 
344.96 
343.6 
343.24 
342.22 
341.95 
340.87 
340.55 
339.485 
339.13 
338.52 
338.175 
337.04 
336.625 
335.57 
335.115 
333.935 
333.575 
331.975 
331.57 
330.285 
329.78 
328.56 
328.055 
326.85 
326.33 
325.57 
324.955 
323.695 
323.14 
321.87 
321.29 
320.03 
319.435 
317.66 
317.06 
315.71 
315.135 
313.88 
313.175 
311.895 
311.23 
310.4 
309.77 
308.485 
307.805 
306.575 
305.895 
304.605 
304.085 
302.425 
301.765 
300.58 
299.995 
298.675 
298.2 
297.045 
296.5 
295.75 
295.245 
294.05 
293.64 
292.525 
292.04 
290.945 
290.565 
289.11 
288.755 
287.68 
287.29 
286.315 
285.99 
284.94 
284.72 
284.255 
283.94 
282.985 
282.74 
281.865 
281.65 
280.735 
280.52 
279.275 
279.09 
278.205 
277.995 
277.195 
276.975 
276.12 
275.97 
275.59 
275.45 
274.6 
274.44 
273.61 
273.48 
272.6 
272.465 
271.265 
271.055 
270.21 
270.02 
269.1 
268.92 
267.99 
267.775 
267.295 
267.07 
266.09 
265.965 
265.04 
264.72 
263.765 
263.52 
262.06 
261.695 
260.735 
260.315 
259.415 
259.075 
258.015 
257.705 
257.11 
256.64 
255.55 
255.235 
254.14 
253.815 
252.635 
252.29 
250.71 
250.335 
249.19 
248.81 
247.72 
247.245 
246.12 
245.76 
245.095 
244.725 
243.555 
243.155 
242.18 
241.75 
240.685 
240.285 
238.85 
238.42 
237.435 
237.03 
236.09 
235.785 
234.805 
234.56 
234.02 
233.74 
232.83 
232.66 
231.785 
231.53 
230.665 
230.45 
229.235 
229.08 
228.325 
228.15 
227.46 
227.28 
226.545 
226.505 
226.245 
226.1 
225.395 
225.43 
224.77 
224.785 
224.145 
224.16 
223.12 
223.13 
222.445 
222.515 
221.945 
221.91 
221.38 
221.405 
221.23 
221.32 
220.76 
220.765 
220.145 
220.265 
219.59 
219.64 
218.62 
218.565 
217.995 
217.95 
217.32 
217.345 
216.7 
216.61 
216.42 
216.425 
215.65 
215.635 
214.975 
214.87 
214.13 
214.06 
212.82 
212.705 
212.005 
211.765 
211.01 
210.85 
209.97 
209.895 
209.48 
209.31 
208.42 
208.22 
207.275 
207.155 
206.285 
206.075 
204.77 
204.52 
203.62 
203.375 
202.555 
202.245 
201.33 
201.135 
200.64 
200.435 
199.545 
199.265 
198.405 
198.185 
197.35 
197.145 
195.85 
195.59 
194.825 
194.605 
193.82 
193.68 
192.935 
192.74 
192.4 
192.3 
191.52 
191.505 
190.785 
190.69 
189.95 
189.93 
188.835 
188.82 
188.185 
188.17 
187.57 
187.64 
186.97 
187.065 
186.92 
187.045 
186.47 
186.61 
186.05 
186.2 
185.67 
185.83 
184.885 
184.98 
184.455 
184.665 
184.255 
184.29 
183.825 
184.03 
183.93 
184.18 
183.66 
183.8 
183.35 
183.48 
182.945 
183.145 
182.185 
182.285 
181.74 
181.83 
181.295 
181.435 
180.915 
180.93 
180.76 
180.82 
180.255 
180.34 
179.78 
179.755 
179.12 
179.135 
177.995 
177.92 
177.305 
177.19 
176.545 
176.43 
175.685 
175.625 
175.345 
175.21 
174.46 
174.345 
173.595 
173.42 
172.62 
172.575 
171.28 
171.12 
170.26 
170.09 
169.35 
169.15 
168.295 
168.145 
167.725 
167.63 
166.82 
166.665 
165.895 
165.73 
164.92 
164.765 
163.555 
163.45 
162.655 
162.575 
161.835 
161.735 
161.05 
160.95 
160.72 
160.68 
159.94 
160.02 
159.375 
159.34 
158.79 
158.8 
157.715 
157.76 
157.21 
157.325 
156.815 
156.83 
156.38 
156.46 
156.485 
156.545 
156.115 
156.3 
155.78 
155.995 
155.61 
155.735 
154.865 
155.035 
154.555 
154.89 
154.465 
154.7 
154.225 
154.505 
154.485 
154.715 
154.36 
154.54 
154.195 
154.365 
153.885 
154.16 
153.305 
153.405 
152.935 
153.165 
152.68 
152.865 
152.39 
152.48 
152.465 
152.575 
151.985 
152.1 
151.66 
151.725 
151.195 
151.265 
150.215 
150.235 
149.68 
149.675 
149.155 
149.11 
148.42 
148.455 
148.32 
148.315 
147.605 
147.58 
146.895 
146.87 
146.175 
146.08 
144.915 
144.84 
144.21 
144.135 
143.48 
143.36 
142.655 
142.565 
142.28 
142.215 
141.565 
141.515 
140.8 
140.73 
139.96 
140.015 
138.92 
138.845 
138.205 
138.24 
137.55 
137.615 
137.03 
137.02 
136.885 
136.945 
136.34 
136.42 
135.975 
135.97 
135.5 
135.615 
134.65 
134.82 
134.31 
134.48 
134.09 
134.285 
133.795 
134.065 
134.13 
134.31 
133.885 
134.22 
133.76 
134.085 
133.665 
134.005 
133.215 
133.41 
133.125 
133.375 
133.135 
133.4 
133.045 
133.355 
133.425 
133.755 
133.37 
133.65 
133.27 
133.665 
133.21 
133.515 
132.83 
133.02 
132.675 
132.945 
132.44 
132.73 
132.295 
132.6 
132.58 
132.705 
132.195 
132.455 
131.985 
132.17 
131.585 
131.78 
130.745 
130.92 
130.345 
130.43 
129.885 
129.975 
129.36 
129.465 
129.28 
129.3 
128.71 
128.775 
128.115 
128.145 
127.49 
127.505 
126.415 
126.395 
125.73 
125.765 
125.105 
125.045 
124.375 
124.395 
124.21 
124.17 
123.52 
123.49 
122.835 
122.93 
122.2 
122.285 
121.31 
121.225 
120.675 
120.695 
120.13 
120.25 
119.59 
119.695 
119.575 
119.735 
119.09 
119.33 
118.755 
118.975 
118.455 
118.64 
117.83 
118.1 
117.595 
117.81 
117.425 
117.72 
117.295 
117.66 
117.675 
117.935 
117.595 
117.97 
117.615 
117.985 
117.62 
117.995 
117.2 
117.57 
117.27 
117.605 
117.42 
117.695 
117.41 
117.785 
117.905 
118.325 
117.98 
118.365 
118.07 
118.44 
118.005 
118.425 
117.8 
118.045 
117.72 
118.0 
117.675 
117.97 
117.54 
117.85 
117.94 
118.215 
117.645 
117.995 
117.555 
117.78 
117.18 
117.52 
116.645 
116.825 
116.28 
116.445 
115.985 
116.075 
115.39 
115.595 
115.585 
115.62 
114.965 
115.185 
114.48 
114.635 
113.995 
114.07 
113.145 
113.13 
112.52 
112.63 
111.98 
111.98 
111.37 
111.46 
111.245 
111.315 
110.64 
110.725 
110.115 
110.2 
109.46 
109.685 
108.64 
108.66 
108.075 
108.22 
107.625 
107.81 
107.23 
107.345 
107.265 
107.44 
106.845 
107.125 
106.64 
106.77 
106.24 
106.46 
105.72 
105.94 
105.47 
105.725 
105.405 
105.65 
105.19 
105.515 
105.675 
105.97 
105.55 
105.91 
105.515 
105.995 
105.56 
106.01 
105.275 
105.615 
105.265 
105.705 
105.3 
105.71 
105.345 
105.745 
105.925 
106.25 
105.945 
106.3 
106.0 
106.3 
105.985 
106.335 
105.655 
105.99 
105.595 
105.985 
105.595 
105.87 
105.43 
105.775 
105.84 
106.105 
105.55 
105.905 
105.435 
105.675 
105.145 
105.42 
104.455 
104.75 
104.255 
104.305 
103.805 
104.01 
103.4 
103.57 
103.505 
103.64 
102.975 
103.01 
102.51 
102.64 
101.95 
102.09 
101.085 
101.19 
100.485 
100.635 
100.07 
100.075 
99.475 
99.53 
99.36 
99.485 
98.84 
98.99 
98.435 
98.46 
97.8 
97.995 
97.035 
97.145 
96.56 
96.71 
96.165 
96.33 
95.785 
96.015 
95.92 
96.135 
95.645 
95.95 
95.57 
95.765 
95.355 
95.57 
94.915 
95.26 
94.785 
95.13 
94.81 
95.185 
94.745 
95.125 
95.27 
95.69 
95.335 
95.815 
95.49 
95.885 
95.585 
96.075 
95.415 
95.885 
95.54 
95.975 
95.865 
96.155 
95.98 
96.375 
96.61 
97.075 
96.81 
97.28 
97.025 
97.465 
97.195 
97.595 
96.995 
97.35 
96.995 
97.415 
97.11 
97.48 
97.155 
97.52 
97.655 
97.925 
97.54 
97.91 
97.55 
97.865 
97.355 
97.74 
96.855 
97.15 
96.75 
96.895 
96.465 
96.67 
96.185 
96.41 
96.4 
96.56 
96.025 
96.18 
95.715 
95.865 
95.39 
95.5 
94.51 
94.685 
94.05 
94.205 
93.69 
93.825 
93.23 
93.325 
93.24 
93.405 
92.83 
92.995 
92.4 
92.56 
92.015 
92.185 
91.275 
91.415 
90.835 
91.06 
90.575 
90.855 
90.35 
90.535 
90.535 
90.785 
90.285 
90.6 
90.25 
90.505 
90.135 
90.44 
89.675 
89.99 
89.62 
89.955 
89.645 
90.02 
89.64 
90.08 
90.23 
90.61 
90.3 
90.76 
90.505 
90.905 
90.65 
91.055 
90.4 
90.8 
90.585 
90.99 
90.82 
91.19 
90.97 
91.405 
91.63 
92.08 
91.81 
92.265 
92.02 
92.39 
92.14 
92.61 
91.97 
92.295 
91.92 
92.36 
91.965 
92.39 
92.055 
92.37 
92.44 
92.795 
92.31 
92.655 
92.355 
92.595 
92.085 
92.44 
91.555 
91.805 
91.34 
91.495 
91.06 
91.31 
90.765 
90.95 
90.905 
91.095 
90.55 
90.72 
90.175 
90.345 
89.79 
89.96 
88.99 
89.13 
88.475 
88.685 
88.13 
88.225 
87.68 
87.785 
87.67 
87.815 
87.255 
87.39 
86.885 
87.03 
86.485 
86.655 
85.69 
85.835 
85.36 
85.465 
85.025 
85.205 
84.785 
84.985 
85.04 
85.25 
84.795 
85.105 
84.755 
84.955 
84.615 
84.88 
84.045 
84.455 
84.11 
84.455 
84.095 
84.495 
84.15 
84.52 
84.79 
85.16 
84.83 
85.315 
85.0 
85.455 
85.25 
85.655 
85.02 
85.445 
85.115 
85.59 
85.435 
85.835 
85.625 
86.155 
86.235 
86.72 
86.5 
86.885 
86.69 
87.055 
86.86 
87.285 
86.59 
86.925 
86.69 
87.06 
86.735 
87.15 
86.845 
87.145 
87.215 
87.57 
87.185 
87.47 
87.2 
87.43 
86.955 
87.325 
86.405 
86.665 
86.25 
86.44 
86.01 
86.25 
85.8 
86.01 
85.98 
86.12 
85.565 
85.775 
85.255 
85.41 
84.98 
85.12 
84.19 
84.385 
83.76 
83.915 
83.44 
83.635 
83.0 
83.15 
83.055 
83.31 
82.62 
82.84 
82.265 
82.45 
81.9 
82.185 
81.325 
81.425 
80.975 
81.1 
80.645 
80.94 
80.465 
80.68 
80.775 
81.015 
80.5 
80.86 
80.48 
80.85 
80.415 
80.795 
80.11 
80.415 
80.09 
80.5 
80.155 
80.565 
80.225 
80.67 
80.86 
81.265 
80.99 
81.475 
81.205 
81.68 
81.485 
81.9 
81.26 
81.745 
81.405 
81.96 
81.75 
82.19 
82.0 
82.435 
82.645 
83.125 
82.855 
83.285 
83.07 
83.505 
83.235 
83.67 
83.11 
83.515 
83.155 
83.545 
83.18 
83.57 
83.235 
83.565 
83.765 
84.115 
83.62 
84.02 
83.64 
83.92 
83.42 
83.815 
82.96 
83.33 
82.845 
83.025 
82.575 
82.84 
82.295 
82.535 
82.525 
82.71 
82.145 
82.445 
81.89 
82.085 
81.63 
81.72 
80.875 
81.005 
80.44 
80.655 
80.13 
80.275 
79.78 
79.935 
79.89 
80.04 
79.545 
79.69 
79.22 
79.41 
78.92 
79.225 
78.255 
78.45 
78.03 
78.29 
77.815 
78.145 
77.715 
77.97 
78.05 
78.385 
77.985 
78.36 
78.035 
78.35 
78.07 
78.405 
77.755 
78.245 
77.9 
78.325 
78.105 
78.58 
78.235 
78.755 
78.955 
79.44 
79.185 
79.695 
79.465 
80.05 
79.855 
80.29 
79.755 
80.305 
80.02 
80.655 
80.47 
81.005 
80.76 
81.295 
81.575 
82.05 
81.88 
82.38 
82.185 
82.695 
82.455 
82.97 
82.33 
82.785 
82.575 
83.005 
82.755 
83.17 
82.915 
83.265 
83.455 
83.76 
83.45 
83.825 
83.605 
83.88 
83.47 
83.815 
82.96 
83.315 
82.94 
83.185 
82.79 
82.96 
82.56 
82.765 
82.775 
82.98 
82.535 
82.73 
82.26 
82.44 
81.975 
82.11 
81.175 
81.415 
80.775 
81.04 
80.565 
80.685 
80.2 
80.335 
80.21 
80.43 
79.88 
80.05 
79.635 
79.8 
79.265 
79.49 
78.705 
78.86 
78.325 
78.61 
78.19 
78.465 
78.05 
78.325 
78.375 
78.635 
78.24 
78.555 
78.29 
78.56 
78.25 
78.56 
77.875 
78.24 
78.03 
78.325 
78.095 
78.545 
78.265 
78.68 
78.875 
79.34 
79.05 
79.595 
79.355 
79.88 
79.64 
80.155 
79.445 
79.945 
79.705 
80.29 
80.115 
80.56 
80.32 
80.85 
81.03 
81.53 
81.3 
81.765 
81.56 
82.04 
81.71 
82.225 
81.66 
82.075 
81.72 
82.105 
81.855 
82.26 
81.87 
82.25 
82.375 
82.775 
82.21 
82.68 
82.315 
82.575 
82.135 
82.47 
81.6 
81.89 
81.41 
81.66 
81.145 
81.365 
80.87 
81.135 
81.16 
81.22 
80.695 
80.86 
80.375 
80.57 
80.09 
80.155 
79.295 
79.47 
78.79 
78.965 
78.425 
78.595 
78.025 
78.205 
78.08 
78.2 
77.71 
77.825 
77.415 
77.565 
76.975 
77.265 
76.375 
76.525 
76.08 
76.265 
75.845 
76.07 
75.715 
75.975 
75.985 
76.245 
75.855 
76.205 
75.9 
76.17 
75.89 
76.3 
75.515 
76.005 
75.62 
75.995 
75.77 
76.26 
75.885 
76.44 
76.635 
77.15 
76.85 
77.415 
77.165 
77.695 
77.55 
78.05 
77.41 
77.985 
77.77 
78.36 
78.16 
78.69 
78.52 
79.065 
79.29 
79.865 
79.705 
80.195 
80.02 
80.5 
80.34 
80.82 
80.255 
80.72 
80.535 
80.915 
80.72 
81.145 
80.905 
81.295 
81.475 
81.815 
81.54 
81.94 
81.685 
81.985 
81.64 
81.975 
81.16 
81.485 
81.125 
81.365 
81.005 
81.285 
80.795 
81.145 
81.175 
81.3 
80.89 
81.11 
80.68 
80.855 
80.445 
80.615 
79.695 
79.97 
79.36 
79.63 
79.1 
79.245 
78.765 
78.92 
78.85 
79.14 
78.515 
78.785 
78.31 
78.52 
78.045 
78.29 
77.485 
77.625 
77.225 
77.49 
77.025 
77.38 
76.99 
77.26 
77.285 
77.64 
77.18 
77.605 
77.31 
77.65 
77.315 
77.72 
77.02 
77.445 
77.15 
77.565 
77.375 
77.74 
77.55 
77.96 
78.27 
78.61 
78.46 
78.925 
78.765 
79.36 
79.14 
79.54 
79.005 
79.505 
79.31 
79.82 
79.72 
80.145 
80.025 
80.46 
80.73 
81.215 
81.05 
81.435 
81.355 
81.78 
81.485 
81.99 
81.39 
81.8 
81.485 
81.91 
81.625 
82.075 
81.78 
82.11 
82.185 
82.55 
82.155 
82.555 
82.27 
82.52 
82.13 
82.42 
81.55 
81.835 
81.445 
81.63 
81.235 
81.43 
80.93 
81.22 
81.125 
81.275 
80.845 
80.93 
80.515 
80.615 
80.22 
80.305 
79.36 
79.47 
78.96 
79.08 
78.64 
78.675 
78.13 
78.31 
78.17 
78.3 
77.825 
78.075 
77.57 
77.74 
77.22 
77.42 
76.54 
76.695 
76.28 
76.47 
76.045 
76.315 
75.92 
76.075 
76.255 
76.435 
76.055 
76.445 
76.175 
76.43 
76.06 
76.435 
75.895 
76.265 
75.975 
76.335 
76.075 
76.575 
76.21 
76.72 
77.055 
77.415 
77.18 
77.675 
77.44 
78.03 
77.755 
78.295 
77.8 
78.28 
78.025 
78.585 
78.425 
78.925 
78.695 
79.2 
79.455 
80.015 
79.79 
80.305 
80.07 
80.57 
80.3 
80.845 
80.27 
80.745 
80.42 
80.885 
80.605 
81.06 
80.72 
81.13 
81.34 
81.68 
81.275 
81.635 
81.39 
81.71 
81.28 
81.675 
80.83 
81.22 
80.715 
80.98 
80.6 
80.84 
80.385 
80.61 
80.68 
80.87 
80.335 
80.535 
80.075 
80.295 
79.835 
80.02 
79.155 
79.355 
78.77 
79.02 
78.485 
78.64 
78.085 
78.335 
78.27 
78.485 
77.95 
78.16 
77.625 
77.845 
77.34 
77.625 
76.86 
77.08 
76.59 
76.83 
76.455 
76.715 
76.31 
76.575 
76.665 
77.075 
76.66 
77.045 
76.78 
77.105 
76.785 
77.2 
76.58 
77.005 
76.705 
77.18 
76.94 
77.475 
77.15 
77.63 
77.945 
78.425 
78.245 
78.715 
78.565 
79.12 
78.96 
79.53 
78.895 
79.42 
79.22 
79.81 
79.75 
80.195 
80.08 
80.605 
80.83 
81.39 
81.285 
81.735 
81.585 
82.095 
81.885 
82.41 
81.96 
82.36 
82.08 
82.51 
82.24 
82.705 
82.405 
82.825 
82.98 
83.38 
82.96 
83.43 
83.025 
83.34 
82.995 
83.285 
82.525 
82.87 
82.44 
82.65 
82.22 
82.485 
81.96 
82.235 
82.225 
82.465 
81.94 
82.16 
81.62 
81.875 
81.335 
81.5 
80.58 
80.805 
80.2 
80.395 
79.95 
80.0 
79.575 
79.68 
79.605 
79.79 
79.32 
79.435 
78.98 
79.15 
78.615 
78.855 
78.005 
78.195 
77.715 
77.94 
77.5 
77.785 
77.46 
77.62 
77.7 
77.93 
77.64 
77.925 
77.71 
77.955 
77.72 
78.075 
77.36 
77.835 
77.425 
77.92 
77.655 
78.055 
77.73 
78.305 
78.5 
78.96 
78.74 
79.235 
79.035 
79.64 
79.38 
79.95 
79.39 
79.895 
79.62 
80.19 
80.065 
80.59 
80.355 
80.895 
81.175 
81.705 
81.495 
81.995 
81.84 
82.35 
82.055 
82.59 
82.0 
82.44 
82.2 
82.64 
82.38 
82.82 
82.51 
82.95 
83.115 
83.475 
83.165 
83.52 
83.29 
83.54 
83.215 
83.475 
82.7 
83.04 
82.65 
82.87 
82.47 
82.715 
82.265 
82.51 
82.545 
82.705 
82.235 
82.5 
82.015 
82.24 
81.795 
81.93 
81.085 
81.3 
80.65 
80.915 
80.415 
80.6 
80.045 
80.215 
80.2 
80.405 
79.85 
80.03 
79.6 
79.83 
79.245 
79.525 
78.72 
78.97 
78.465 
78.74 
78.295 
78.565 
78.185 
78.445 
78.5 
78.82 
78.405 
78.785 
78.49 
78.825 
78.53 
78.87 
78.25 
78.635 
78.38 
78.72 
78.53 
78.935 
78.69 
79.15 
79.435 
79.835 
79.65 
80.17 
79.97 
80.495 
80.32 
80.795 
80.185 
80.705 
80.465 
80.95 
80.925 
81.365 
81.13 
81.71 
81.96 
82.445 
82.275 
82.71 
82.595 
82.985 
82.805 
83.225 
82.59 
83.095 
82.755 
83.195 
82.87 
83.31 
83.015 
83.385 
83.535 
83.91 
83.485 
83.915 
83.645 
83.86 
83.465 
83.775 
82.98 
83.27 
82.87 
83.085 
82.68 
82.9 
82.455 
82.63 
82.685 
82.82 
82.375 
82.515 
82.125 
82.29 
81.84 
81.95 
81.065 
81.24 
80.68 
80.875 
80.4 
80.54 
80.01 
80.17 
80.14 
80.255 
79.83 
79.995 
79.56 
79.73 
79.23 
79.5 
78.6 
78.79 
78.385 
78.6 
78.155 
78.41 
78.105 
78.31 
78.405 
78.715 
78.345 
78.65 
78.405 
78.685 
78.405 
78.75 
78.075 
78.52 
78.155 
78.575 
78.335 
78.765 
78.485 
78.955 
79.195 
79.68 
79.475 
79.9 
79.69 
80.3 
80.03 
80.51 
79.94 
80.435 
80.22 
80.65 
80.565 
81.04 
80.825 
81.325 
81.565 
82.065 
81.85 
82.34 
82.17 
82.65 
82.37 
82.865 
82.235 
82.635 
82.365 
82.825 
82.515 
82.92 
82.685 
82.99 
83.17 
83.48 
83.165 
83.555 
83.27 
83.54 
83.175 
83.475 
82.675 
82.96 
82.565 
82.725 
82.375 
82.63 
82.22 
82.49 
82.53 
82.655 
82.22 
82.475 
82.075 
82.225 
81.745 
81.91 
81.03 
81.19 
80.7 
80.915 
80.46 
80.625 
80.215 
80.385 
80.325 
80.555 
80.14 
80.365 
79.935 
80.155 
79.67 
79.975 
79.125 
79.395 
79.02 
79.275 
78.9 
79.195 
78.86 
79.145 
79.25 
79.615 
79.305 
79.705 
79.45 
79.805 
79.56 
79.925 
79.24 
79.65 
79.385 
79.845 
79.685 
80.07 
79.865 
80.295 
80.585 
81.03 
80.85 
81.35 
81.19 
81.65 
81.55 
82.005 
81.4 
81.87 
81.735 
82.24 
82.125 
82.6 
82.415 
82.855 
83.07 
83.625 
83.455 
83.89 
83.735 
84.16 
83.93 
84.365 
83.9 
84.295 
83.94 
84.36 
84.085 
84.51 
84.12 
84.46 
84.645 
85.04 
84.575 
85.0 
84.655 
84.925 
84.47 
84.845 
84.005 
