Run 0 on 20200811 on sample T20-5d, LT thermometer,  dT/T0 = 0.02
Time per point = 3.125e-05 seconds
2418.86 
2418.395 
2418.85 
2418.445 
2418.78 
2418.4 
2418.8 
2418.07 
2418.385 
2417.95 
2418.35 
2418.005 
2418.34 
2417.99 
2418.28 
2418.42 
2418.725 
2418.305 
2418.685 
2418.42 
2418.75 
2418.355 
2418.68 
2417.96 
2418.27 
2417.95 
2418.285 
2417.995 
2418.25 
2417.915 
2418.275 
2418.405 
2418.725 
2418.33 
2418.715 
2418.41 
2418.79 
2418.375 
2418.79 
2418.095 
2418.37 
2418.09 
2418.475 
2418.165 
2418.5 
2418.15 
2418.47 
2418.535 
2418.9 
2418.575 
2418.855 
2418.595 
2418.91 
2418.515 
2418.92 
2418.13 
2418.41 
2418.075 
2418.42 
2418.04 
2418.44 
2417.95 
2418.315 
2418.385 
2418.72 
2418.37 
2418.71 
2418.41 
2418.63 
2418.29 
2418.525 
2417.865 
2418.2 
2417.765 
2418.115 
2417.755 
2418.015 
2417.59 
2417.99 
2418.065 
2418.365 
2418.0 
2418.335 
2417.945 
2418.295 
2417.95 
2418.215 
2417.5 
2417.84 
2417.46 
2417.73 
2417.415 
2417.72 
2417.39 
2417.7 
2417.76 
2418.14 
2417.775 
2418.085 
2417.73 
2418.105 
2417.705 
2418.055 
2417.31 
2417.63 
2417.305 
2417.565 
2417.225 
2417.53 
2417.22 
2417.505 
2417.68 
2417.955 
2417.56 
2417.905 
2417.565 
2417.93 
2417.455 
2417.825 
2417.08 
2417.415 
2417.08 
2417.355 
2417.12 
2417.39 
2417.03 
2417.355 
2417.44 
2417.76 
2417.385 
2417.705 
2417.445 
2417.755 
2417.39 
2417.775 
2417.005 
2417.335 
2416.975 
2417.3 
2416.935 
2417.305 
2416.945 
2417.235 
2417.365 
2417.685 
2417.285 
2417.675 
2417.325 
2417.66 
2417.225 
2417.655 
2416.86 
2417.17 
2416.79 
2417.115 
2416.75 
2417.115 
2416.64 
2416.995 
2417.075 
2417.37 
2416.96 
2417.31 
2416.955 
2417.26 
2416.9 
2417.19 
2416.48 
2416.8 
2416.465 
2416.75 
2416.425 
2416.745 
2416.37 
2416.645 
2416.7 
2417.04 
2416.715 
2417.045 
2416.665 
2416.985 
2416.67 
2416.955 
2416.225 
2416.505 
2416.18 
2416.5 
2416.15 
2416.46 
2416.13 
2416.46 
2416.59 
2416.89 
2416.5 
2416.86 
2416.545 
2416.88 
2416.465 
2416.855 
2416.135 
2416.44 
2416.09 
2416.39 
2416.06 
2416.39 
2416.035 
2416.41 
2416.445 
2416.755 
2416.415 
2416.78 
2416.46 
2416.795 
2416.37 
2416.78 
2416.01 
2416.36 
2415.995 
2416.4 
2416.02 
2416.33 
2416.005 
2416.4 
2416.465 
2416.845 
2416.5 
2416.85 
2416.56 
2416.915 
2416.45 
2416.93 
2416.2 
2416.55 
2416.225 
2416.58 
2416.28 
2416.62 
2416.31 
2416.58 
2416.72 
2417.065 
2416.7 
2417.075 
2416.76 
2417.14 
2416.755 
2417.165 
2416.4 
2416.73 
2416.415 
2416.71 
2416.325 
2416.69 
2416.3 
2416.605 
2416.715 
2417.065 
2416.67 
2417.02 
2416.71 
2417.025 
2416.66 
2416.985 
2416.245 
2416.635 
2416.225 
2416.555 
2416.305 
2416.55 
2416.165 
2416.555 
2416.615 
2416.925 
2416.535 
2416.925 
2416.645 
2416.96 
2416.62 
2416.985 
2416.25 
2416.615 
2416.22 
2416.555 
2416.23 
2416.615 
2416.24 
2416.585 
2416.715 
2417.035 
2416.67 
2417.02 
2416.73 
2417.06 
2416.7 
2417.085 
2416.46 
2416.745 
2416.4 
2416.745 
2416.43 
2416.81 
2416.52 
2416.765 
2416.88 
2417.205 
2416.865 
2417.23 
2416.99 
2417.3 
2416.93 
2417.25 
2416.61 
2416.93 
2416.555 
2416.9 
2416.63 
2416.95 
2416.625 
2417.0 
2417.11 
2417.485 
2417.18 
2417.45 
2417.22 
2417.565 
2417.2 
2417.615 
2416.89 
2417.195 
2416.895 
2417.21 
2416.875 
2417.29 
2416.905 
2417.215 
2417.375 
2417.75 
2417.39 
2417.73 
2417.385 
2417.765 
2417.305 
2417.76 
2416.915 
2417.32 
2416.985 
2417.3 
2416.92 
2417.26 
2416.885 
2417.22 
2417.31 
2417.655 
2417.205 
2417.565 
2417.22 
2417.575 
2417.155 
2417.505 
2416.76 
2417.135 
2416.73 
2417.03 
2416.775 
2417.025 
2416.715 
2416.96 
2417.07 
2417.34 
2417.045 
2417.39 
2417.035 
2417.31 
2417.01 
2417.305 
2416.58 
2416.865 
2416.555 
2416.78 
2416.475 
2416.745 
2416.42 
2416.725 
2416.82 
2417.175 
2416.76 
2417.15 
2416.795 
2417.08 
2416.69 
2417.025 
2416.285 
2416.605 
2416.2 
2416.49 
2416.14 
2416.52 
2416.05 
2416.355 
2416.415 
2416.78 
2416.325 
2416.675 
2416.315 
2416.62 
2416.165 
2416.555 
2415.77 
2416.115 
2415.61 
2416.01 
2415.595 
2415.875 
2415.445 
2415.735 
2415.785 
2416.12 
2415.705 
2416.04 
2415.635 
2415.94 
2415.535 
2415.8 
2415.145 
2415.44 
2414.975 
2415.265 
2414.91 
2415.185 
2414.735 
2415.0 
2414.945 
2415.21 
2414.805 
2415.11 
2414.67 
2414.885 
2414.375 
2414.74 
2413.82 
2414.025 
2413.62 
2413.76 
2413.345 
2413.51 
2412.97 
2413.22 
2413.145 
2413.345 
2412.825 
2413.065 
2412.54 
2412.675 
2412.13 
2412.295 
2411.405 
2411.54 
2411.03 
2411.105 
2410.655 
2410.745 
2410.12 
2410.3 
2410.205 
2410.33 
2409.68 
2409.825 
2409.27 
2409.39 
2408.765 
2408.875 
2407.935 
2407.975 
2407.42 
2407.49 
2406.865 
2406.98 
2406.33 
2406.305 
2406.155 
2406.27 
2405.58 
2405.67 
2405.04 
2405.05 
2404.44 
2404.475 
2403.455 
2403.445 
2402.74 
2402.785 
2402.12 
2402.085 
2401.48 
2401.475 
2401.255 
2401.215 
2400.49 
2400.485 
2399.85 
2399.865 
2399.16 
2399.05 
2398.05 
2398.025 
2397.245 
2397.22 
2396.56 
2396.445 
2395.73 
2395.79 
2395.455 
2395.5 
2394.765 
2394.665 
2394.015 
2393.97 
2393.275 
2393.165 
2392.135 
2392.035 
2391.265 
2391.21 
2390.53 
2390.46 
2389.705 
2389.585 
2389.31 
2389.2 
2388.445 
2388.36 
2387.66 
2387.515 
2386.72 
2386.67 
2385.565 
2385.38 
2384.615 
2384.46 
2383.74 
2383.615 
2382.83 
2382.695 
2382.31 
2382.16 
2381.35 
2381.24 
2380.515 
2380.35 
2379.48 
2379.37 
2378.11 
2378.02 
2377.155 
2377.05 
2376.22 
2376.075 
2375.19 
2375.07 
2374.675 
2374.555 
2373.595 
2373.505 
2372.685 
2372.585 
2371.71 
2371.585 
2370.31 
2370.15 
2369.25 
2369.16 
2368.3 
2368.195 
2367.355 
2367.18 
2366.75 
2366.67 
2365.8 
2365.635 
2364.78 
2364.605 
2363.84 
2363.705 
2362.43 
2362.26 
2361.47 
2361.225 
2360.51 
2360.26 
2359.425 
2359.325 
2358.93 
2358.7 
2357.935 
2357.795 
2357.015 
2356.845 
2356.05 
2355.86 
2354.68 
2354.495 
2353.735 
2353.58 
2352.815 
2352.64 
2351.865 
2351.68 
2351.425 
2351.235 
2350.49 
2350.33 
2349.59 
2349.435 
2348.67 
2348.565 
2347.345 
2347.24 
2346.48 
2346.4 
2345.635 
2345.545 
2344.7 
2344.605 
2344.25 
2344.145 
2343.36 
2343.265 
2342.545 
2342.365 
2341.505 
2341.515 
2340.29 
2340.13 
2339.375 
2339.26 
2338.455 
2338.355 
2337.515 
2337.41 
2337.095 
2336.89 
2336.12 
2336.07 
2335.3 
2335.15 
2334.35 
2334.18 
2333.015 
2332.855 
2332.105 
2331.93 
2331.21 
2331.02 
2330.24 
2330.17 
2329.8 
2329.69 
2328.92 
2328.75 
2327.965 
2327.86 
2327.085 
2326.995 
2325.875 
2325.665 
2324.895 
2324.755 
2324.035 
2323.905 
2323.155 
2323.02 
2322.7 
2322.61 
2321.84 
2321.775 
2321.015 
2320.875 
2320.13 
2320.035 
2318.94 
2318.805 
2318.02 
2317.955 
2317.25 
2317.14 
2316.315 
2316.25 
2315.985 
2315.865 
2315.095 
2315.065 
2314.36 
2314.255 
2313.48 
2313.445 
2312.29 
2312.3 
2311.5 
2311.395 
2310.69 
2310.645 
2309.83 
2309.85 
2309.595 
2309.585 
2308.795 
2308.765 
2308.045 
2308.05 
2307.285 
2307.31 
2306.215 
2306.175 
2305.41 
2305.38 
2304.685 
2304.635 
2303.94 
2303.855 
2303.58 
2303.525 
2302.885 
2302.82 
2302.14 
2302.01 
2301.295 
2301.26 
2300.125 
2300.085 
2299.37 
2299.28 
2298.565 
2298.47 
2297.815 
2297.675 
2297.46 
2297.355 
2296.56 
2296.505 
2295.835 
2295.795 
2294.985 
2295.005 
2293.695 
2293.72 
2292.96 
2292.88 
2292.17 
2291.985 
2291.355 
2291.245 
2291.03 
2290.965 
2290.135 
2290.095 
2289.415 
2289.385 
2288.65 
2288.57 
2287.425 
2287.355 
2286.65 
2286.58 
2285.895 
2285.875 
2285.165 
2285.085 
2284.795 
2284.805 
2284.005 
2284.025 
2283.395 
2283.345 
2282.565 
2282.62 
2281.515 
2281.405 
2280.7 
2280.69 
2280.045 
2279.975 
2279.285 
2279.24 
2279.01 
2278.925 
2278.245 
2278.345 
2277.625 
2277.645 
2276.935 
2276.935 
2275.88 
2275.875 
2275.26 
2275.22 
2274.54 
2274.585 
2273.895 
2273.94 
2273.73 
2273.75 
2273.09 
2273.115 
2272.47 
2272.54 
2271.83 
2271.915 
2270.925 
2270.9 
2270.26 
2270.295 
2269.725 
2269.685 
2269.11 
2269.095 
2268.86 
2268.98 
2268.305 
2268.345 
2267.835 
2267.745 
2267.15 
2267.105 
2266.04 
2266.09 
2265.54 
2265.495 
2264.83 
2264.855 
2264.23 
2264.235 
2264.03 
2264.025 
2263.335 
2263.36 
2262.79 
2262.77 
2262.21 
2262.19 
2261.06 
2261.115 
2260.47 
2260.445 
2259.835 
2259.81 
2259.105 
2259.16 
2258.93 
2258.955 
2258.25 
2258.295 
2257.67 
2257.77 
2257.065 
2257.075 
2256.125 
2256.04 
2255.47 
2255.495 
2254.885 
2254.92 
2254.24 
2254.28 
2254.05 
2254.135 
2253.49 
2253.565 
2252.96 
2252.97 
2252.34 
2252.43 
2251.36 
2251.43 
2250.785 
2250.87 
2250.28 
2250.295 
2249.8 
2249.77 
2249.615 
2249.57 
2249.055 
2249.06 
2248.58 
2248.59 
2248.035 
2248.11 
2247.06 
2247.15 
2246.63 
2246.67 
2246.135 
2246.175 
2245.615 
2245.745 
2245.605 
2245.66 
2245.16 
2245.19 
2244.745 
2244.75 
2244.22 
2244.355 
2243.265 
2243.41 
2242.79 
2242.88 
2242.375 
2242.41 
2241.885 
2241.945 
2241.82 
2241.955 
2241.36 
2241.52 
2240.94 
2241.04 
2240.42 
2240.56 
2239.55 
2239.625 
2239.005 
2239.095 
2238.57 
2238.635 
2238.02 
2238.065 
2237.98 
2238.06 
2237.445 
2237.515 
2236.92 
2237.035 
2236.385 
2236.5 
2235.64 
2235.76 
2235.06 
2235.225 
2234.585 
2234.72 
2233.96 
2234.125 
2233.995 
2234.11 
2233.395 
2233.57 
2232.995 
2233.065 
2232.435 
2232.62 
2231.585 
2231.7 
2231.055 
2231.185 
2230.565 
2230.67 
2230.06 
2230.215 
2230.035 
2230.175 
2229.515 
2229.63 
2229.065 
2229.135 
2228.595 
2228.655 
2227.815 
2227.87 
2227.27 
2227.395 
2226.84 
2226.865 
2226.28 
2226.475 
2226.355 
2226.395 
2225.8 
2225.925 
2225.385 
2225.51 
2224.84 
2225.0 
2224.1 
2224.16 
2223.605 
2223.77 
2223.195 
2223.315 
2222.72 
2222.855 
2222.75 
2222.895 
2222.335 
2222.41 
2221.875 
2222.025 
2221.365 
2221.6 
2220.6 
2220.79 
2220.165 
2220.29 
2219.74 
2219.89 
2219.29 
2219.35 
2219.285 
2219.405 
2218.84 
2219.02 
2218.465 
2218.595 
2218.0 
2218.1 
2217.14 
2217.25 
2216.66 
2216.795 
2216.165 
2216.285 
2215.65 
2215.805 
2215.735 
2215.775 
2215.205 
2215.29 
2214.785 
2214.875 
2214.345 
2214.47 
2213.57 
2213.6 
2213.085 
2213.18 
2212.68 
2212.765 
2212.065 
2212.255 
2212.145 
2212.32 
2211.65 
2211.78 
2211.245 
2211.395 
2210.845 
2210.96 
2210.025 
2210.11 
2209.54 
2209.675 
2209.125 
2209.3 
2208.705 
2208.845 
2208.745 
2208.86 
2208.335 
2208.45 
2207.945 
2208.06 
2207.495 
2207.63 
2206.75 
2206.91 
2206.345 
2206.47 
2205.92 
2206.115 
2205.52 
2205.63 
2205.58 
2205.73 
2205.125 
2205.32 
2204.87 
2204.97 
2204.43 
2204.6 
2203.67 
2203.835 
2203.225 
2203.48 
2202.965 
2203.14 
2202.57 
2202.765 
2202.68 
2202.87 
2202.37 
2202.55 
2202.08 
2202.305 
2201.74 
2201.915 
2201.045 
2201.23 
2200.705 
2200.865 
2200.385 
2200.585 
2200.065 
2200.225 
2200.2 
2200.375 
2199.78 
2200.005 
2199.48 
2199.68 
2199.065 
2199.325 
2198.39 
2198.565 
2198.015 
2198.205 
2197.66 
2197.84 
2197.28 
2197.49 
2197.365 
2197.53 
2196.96 
2197.16 
2196.59 
2196.81 
2196.245 
2196.41 
2195.42 
2195.66 
2195.095 
2195.255 
2194.76 
2194.855 
2194.38 
2194.515 
2194.415 
2194.665 
2194.04 
2194.295 
2193.79 
2193.985 
2193.46 
2193.605 
2192.695 
2192.86 
2192.405 
2192.54 
2192.13 
2192.225 
2191.755 
2191.895 
2191.84 
2192.04 
2191.555 
2191.76 
2191.29 
2191.435 
2190.935 
2191.185 
2190.325 
2190.555 
2189.88 
2190.13 
2189.715 
2189.835 
2189.36 
2189.54 
2189.545 
2189.69 
2189.185 
2189.435 
2188.95 
2189.2 
2188.645 
2188.865 
2188.095 
2188.29 
2187.755 
2188.015 
2187.505 
2187.74 
2187.22 
2187.53 
2187.46 
2187.705 
2187.18 
2187.43 
2186.99 
2187.2 
2186.72 
2186.985 
2186.225 
2186.42 
2185.925 
2186.195 
2185.74 
2185.955 
2185.455 
2185.655 
2185.69 
2185.86 
2185.385 
2185.615 
2185.11 
2185.37 
2184.83 
2185.08 
2184.28 
2184.445 
2183.95 
2184.155 
2183.65 
2183.83 
2183.35 
2183.575 
2183.54 
2183.675 
2183.235 
2183.42 
2182.97 
2183.125 
2182.675 
2182.82 
2182.04 
2182.2 
2181.775 
2181.87 
2181.47 
2181.65 
2181.145 
2181.33 
2181.315 
2181.54 
2181.005 
2181.26 
2180.7 
2180.93 
2180.495 
2180.7 
2179.81 
2180.065 
2179.525 
2179.765 
2179.305 
2179.51 
2178.98 
2179.245 
2179.195 
2179.43 
2178.925 
2179.185 
2178.73 
2178.91 
2178.445 
2178.655 
2177.87 
2178.065 
2177.585 
2177.79 
2177.34 
2177.58 
2177.13 
2177.265 
2177.375 
2177.57 
2177.1 
2177.34 
2176.9 
2177.115 
2176.655 
2176.9 
2176.115 
2176.32 
2175.885 
2176.095 
2175.765 
2175.93 
2175.525 
2175.755 
2175.815 
2176.045 
2175.62 
2175.845 
2175.43 
2175.715 
2175.28 
2175.615 
2174.8 
2174.96 
2174.53 
2174.855 
2174.475 
2174.68 
2174.245 
2174.5 
2174.54 
2174.785 
2174.35 
2174.62 
2174.125 
2174.37 
2173.94 
2174.175 
2173.325 
2173.55 
2173.125 
2173.27 
2172.89 
2173.085 
2172.64 
2172.87 
2172.845 
2173.07 
2172.535 
2172.805 
2172.365 
2172.63 
2172.08 
2172.275 
2171.57 
2171.775 
2171.29 
2171.485 
2171.09 
2171.245 
2170.75 
2170.97 
2170.95 
2171.18 
2170.69 
2170.855 
2170.44 
2170.65 
2170.185 
2170.42 
2169.605 
2169.78 
2169.33 
2169.55 
2169.095 
2169.29 
2168.775 
2169.03 
2169.04 
2169.18 
2168.73 
2168.94 
2168.535 
2168.73 
2168.265 
2168.455 
2167.705 
2167.86 
2167.425 
2167.595 
2167.19 
2167.4 
2166.915 
2167.145 
2167.17 
2167.34 
2166.89 
2167.19 
2166.665 
2166.98 
2166.505 
2166.75 
2165.92 
2166.185 
2165.71 
2165.92 
2165.545 
2165.74 
2165.335 
2165.545 
2165.585 
2165.8 
2165.41 
2165.63 
2165.195 
2165.525 
2165.025 
2165.295 
2164.565 
2164.73 
2164.31 
2164.52 
2164.19 
2164.39 
2163.975 
2164.17 
2164.21 
2164.43 
2164.02 
2164.28 
2163.895 
2164.07 
2163.6 
2163.93 
2163.045 
2163.24 
2162.815 
2163.015 
2162.605 
2162.885 
2162.43 
2162.62 
2162.64 
2162.84 
2162.35 
2162.645 
2162.19 
2162.4 
2161.97 
2162.145 
2161.39 
2161.565 
2161.185 
2161.345 
2160.95 
2161.155 
2160.6 
2160.945 
2160.94 
2161.15 
2160.63 
2160.86 
2160.445 
2160.715 
2160.18 
2160.515 
2159.68 
2159.92 
2159.43 
2159.65 
2159.24 
2159.47 
2159.02 
2159.205 
2159.21 
2159.435 
2158.98 
2159.255 
2158.875 
2159.055 
2158.565 
2158.85 
2158.12 
2158.38 
2157.97 
2158.165 
2157.75 
2158.01 
2157.565 
2157.85 
2157.83 
2158.095 
2157.69 
2157.985 
2157.545 
2157.865 
2157.375 
2157.69 
2156.8 
2157.08 
2156.67 
2156.93 
2156.59 
2156.81 
2156.4 
2156.735 
2156.785 
2157.015 
2156.615 
2156.91 
2156.505 
2156.86 
2156.45 
2156.735 
2155.97 
2156.22 
2155.74 
2156.095 
2155.68 
2156.025 
2155.58 
2155.835 
2155.93 
2156.175 
2155.715 
2156.09 
2155.67 
2156.0 
2155.535 
2155.875 
2155.065 
2155.36 
2154.925 
2155.17 
2154.77 
2155.05 
2154.57 
2154.92 
2154.96 
2155.21 
2154.76 
2155.09 
2154.69 
2154.965 
2154.575 
2154.86 
2154.04 
2154.315 
2153.975 
2154.22 
2153.825 
2154.085 
2153.585 
2153.95 
2153.98 
2154.165 
2153.815 
2154.065 
2153.685 
2154.02 
2153.475 
2153.835 
2153.04 
2153.305 
2152.875 
2153.22 
2152.795 
2153.065 
2152.655 
2152.95 
2153.015 
2153.3 
2152.815 
2153.115 
2152.725 
2152.99 
2152.595 
2152.92 
2152.035 
2152.43 
2151.915 
2152.235 
2151.815 
2152.095 
2151.7 
2152.02 
2151.985 
2152.315 
2151.87 
2152.205 
2151.885 
2152.12 
2151.725 
2152.1 
2151.265 
2151.61 
2151.155 
2151.41 
2151.11 
2151.375 
2150.97 
2151.305 
2151.36 
2151.695 
2151.36 
2151.56 
2151.25 
2151.605 
2151.205 
2151.485 
2150.785 
2151.04 
2150.73 
2151.05 
2150.73 
2151.045 
2150.58 
2150.93 
2150.985 
2151.235 
2150.815 
2151.195 
2150.79 
2151.015 
2150.65 
2150.96 
2150.185 
2150.37 
2150.03 
2150.34 
2149.91 
2150.21 
2149.775 
2150.02 
2150.09 
2150.345 
2149.84 
2150.22 
2149.77 
2150.09 
2149.615 
2149.92 
2149.1 
2149.415 
2149.005 
2149.235 
2148.785 
2149.04 
2148.67 
2148.87 
2148.955 
2149.245 
2148.815 
2149.075 
2148.675 
2148.99 
2148.59 
2148.795 
2148.085 
2148.32 
2147.86 
2148.21 
2147.77 
2147.995 
2147.615 
2147.88 
2147.915 
2148.175 
2147.835 
2148.06 
2147.735 
2147.99 
2147.525 
2147.81 
2147.07 
2147.315 
2146.98 
2147.155 
2146.76 
2147.08 
2146.64 
2146.955 
2146.99 
2147.295 
2146.795 
2147.155 
2146.78 
2147.03 
2146.63 
2146.94 
2146.175 
2146.46 
2146.055 
2146.36 
2145.935 
2146.27 
2145.875 
2146.22 
2146.275 
2146.6 
2146.165 
2146.48 
2146.115 
2146.46 
2146.07 
2146.375 
2145.64 
2145.905 
2145.5 
2145.78 
2145.405 
2145.78 
2145.425 
2145.735 
2145.72 
2146.05 
2145.71 
2145.99 
2145.605 
2145.895 
2145.54 
2145.805 
2144.985 
2145.3 
2144.92 
2145.19 
2144.805 
2145.085 
2144.655 
2144.91 
2145.025 
2145.325 
2144.805 
2145.11 
2144.77 
2144.99 
2144.615 
2144.905 
2144.095 
2144.45 
2143.955 
2144.3 
2143.895 
2144.13 
2143.715 
2143.99 
2144.055 
2144.325 
2143.905 
2144.21 
2143.83 
2144.125 
2143.685 
2143.91 
2143.205 
2143.455 
2143.02 
2143.295 
2142.89 
2143.155 
2142.69 
2143.02 
2143.095 
2143.335 
2142.86 
2143.205 
2142.815 
2143.13 
2142.68 
2142.965 
2142.175 
2142.44 
2142.03 
2142.27 
2141.895 
2142.15 
2141.775 
2142.06 
2142.12 
2142.38 
2141.925 
2142.255 
2141.855 
2142.14 
2141.765 
2142.06 
2141.24 
2141.605 
2141.22 
2141.53 
2141.15 
2141.415 
2141.04 
2141.35 
2141.37 
2141.695 
2141.355 
2141.62 
2141.235 
2141.53 
2141.205 
2141.51 
2140.76 
2141.035 
2140.61 
2140.96 
2140.59 
2140.88 
2140.51 
2140.83 
2140.85 
2141.17 
2140.8 
2141.095 
2140.78 
2141.015 
2140.58 
2140.935 
2140.125 
2140.415 
2140.01 
2140.305 
2139.905 
2140.195 
2139.76 
2140.07 
2140.19 
2140.36 
2139.95 
2140.28 
2139.905 
2140.165 
2139.83 
2140.11 
2139.29 
2139.55 
2139.155 
2139.43 
2139.11 
2139.335 
2138.945 
2139.155 
2139.275 
2139.545 
2139.11 
2139.375 
2139.1 
2139.29 
2138.92 
2139.205 
2138.385 
2138.635 
2138.245 
2138.53 
2138.2 
2138.445 
2138.05 
2138.355 
2138.405 
2138.61 
2138.255 
2138.545 
2138.15 
2138.485 
2138.04 
2138.375 
2137.61 
2137.885 
2137.46 
2137.73 
2137.415 
2137.695 
2137.305 
2137.61 
2137.59 
2137.945 
2137.495 
2137.83 
2137.49 
2137.745 
2137.415 
2137.765 
2136.93 
2137.265 
2136.89 
2137.215 
2136.895 
2137.145 
2136.815 
2137.19 
2137.27 
2137.535 
2137.215 
2137.505 
2137.23 
2137.515 
2137.225 
2137.525 
2136.83 
2137.165 
2136.82 
2137.14 
2136.82 
2137.095 
2136.855 
2137.135 
2137.21 
2137.555 
2137.235 
2137.535 
2137.245 
2137.495 
2137.2 
2137.55 
2136.69 
2137.03 
2136.695 
2136.97 
2136.695 
2136.965 
2136.61 
2136.87 
2136.985 
2137.24 
2136.925 
2137.3 
2136.935 
2137.23 
2136.83 
2137.15 
2136.35 
2136.685 
2136.335 
2136.65 
2136.26 
2136.56 
2136.19 
2136.52 
2136.58 
2136.89 
2136.49 
2136.85 
2136.49 
2136.845 
2136.435 
2136.825 
2136.0 
2136.26 
2135.92 
2136.26 
2135.895 
2136.18 
2135.855 
2136.15 
2136.28 
2136.565 
2136.25 
2136.57 
2136.225 
2136.48 
2136.155 
2136.455 
2135.76 
2135.985 
2135.655 
2135.94 
2135.71 
2135.97 
2135.675 
2135.97 
2136.085 
2136.355 
2136.02 
2136.37 
2136.015 
2136.35 
2135.97 
2136.33 
2135.555 
2135.89 
2135.585 
2135.935 
2135.65 
2135.87 
2135.615 
2135.98 
2136.08 
2136.425 
2136.05 
2136.4 
2136.075 
2136.485 
2136.12 
2136.435 
2135.82 
2136.145 
2135.765 
2136.13 
2135.83 
2136.12 
2135.715 
2136.075 
2136.24 
2136.585 
2136.09 
2136.535 
2136.165 
2136.48 
2136.08 
2136.47 
2135.7 
2136.085 
2135.65 
2136.015 
2135.61 
2135.96 
2135.59 
2135.86 
2135.945 
2136.17 
2135.83 
2136.15 
2135.85 
2136.185 
2135.755 
2136.04 
2135.225 
2135.575 
2135.185 
2135.535 
2135.19 
2135.475 
2135.055 
2135.4 
2135.425 
2135.755 
2135.395 
2135.695 
2135.345 
2135.6 
2135.28 
2135.605 
2134.835 
2135.0 
2134.675 
2134.985 
2134.65 
2134.91 
2134.545 
2134.875 
2134.94 
2135.235 
2134.845 
2135.185 
2134.855 
2135.165 
2134.74 
2135.055 
2134.29 
2134.63 
2134.14 
2134.49 
2134.15 
2134.445 
2134.045 
2134.36 
2134.47 
2134.74 
2134.385 
2134.735 
2134.385 
2134.65 
2134.255 
2134.635 
2133.88 
2134.15 
2133.775 
2134.125 
2133.76 
2134.13 
2133.73 
2134.045 
2134.175 
2134.48 
2134.11 
2134.42 
2134.085 
2134.435 
2134.055 
2134.46 
2133.74 
2133.935 
2133.595 
2133.925 
2133.615 
2133.91 
2133.5 
2133.87 
2133.91 
2134.285 
2133.915 
2134.2 
2133.825 
2134.13 
2133.76 
2134.065 
2133.26 
2133.5 
2133.2 
2133.43 
2133.02 
2133.39 
2133.015 
2133.265 
2133.335 
2133.56 
2133.21 
2133.485 
2133.175 
2133.405 
2132.965 
2133.29 
2132.51 
2132.8 
2132.425 
2132.69 
2132.36 
2132.53 
2132.2 
2132.48 
2132.6 
2132.84 
2132.455 
2132.77 
2132.39 
2132.69 
2132.235 
2132.57 
2131.855 
2132.075 
2131.68 
2131.93 
2131.64 
2131.94 
2131.59 
2131.765 
2131.92 
2132.19 
2131.805 
2132.12 
2131.765 
2132.005 
2131.69 
2132.02 
2131.275 
2131.595 
2131.155 
2131.445 
2131.135 
2131.445 
2131.125 
2131.415 
2131.47 
2131.865 
2131.51 
2131.755 
2131.45 
2131.815 
2131.455 
2131.785 
2130.99 
2131.3 
2131.02 
2131.31 
2131.015 
2131.32 
2131.03 
2131.405 
2131.485 
2131.835 
2131.51 
2131.84 
2131.52 
2131.88 
2131.58 
2131.95 
2131.185 
2131.475 
2131.16 
2131.495 
2131.21 
2131.535 
2131.125 
2131.515 
2131.605 
2131.955 
2131.615 
2131.95 
2131.6 
2131.93 
2131.605 
2131.935 
2131.175 
2131.49 
2131.165 
2131.445 
2131.11 
2131.49 
2131.035 
2131.395 
2131.545 
2131.815 
2131.41 
2131.765 
2131.48 
2131.68 
2131.37 
2131.675 
2130.93 
2131.195 
2130.875 
2131.145 
2130.855 
2131.13 
2130.815 
2131.105 
2131.185 
2131.465 
2131.11 
2131.445 
2131.155 
2131.4 
2131.075 
2131.41 
2130.615 
2130.935 
2130.56 
2130.83 
2130.45 
2130.805 
2130.455 
2130.79 
2130.905 
2131.21 
2130.815 
2131.17 
2130.85 
2131.11 
2130.745 
2131.13 
2130.425 
2130.76 
2130.305 
2130.675 
2130.34 
2130.7 
2130.27 
2130.61 
2130.69 
2131.03 
2130.655 
2131.04 
2130.685 
2131.03 
2130.665 
2131.1 
2130.275 
2130.69 
2130.34 
2130.645 
2130.385 
2130.725 
2130.35 
2130.715 
2130.875 
2131.195 
2130.86 
2131.16 
2130.92 
2131.335 
2130.96 
2131.365 
2130.62 
2130.935 
2130.645 
2130.945 
2130.655 
2131.01 
2130.69 
2130.985 
2131.08 
2131.475 
2131.135 
2131.445 
2131.16 
2131.48 
2131.115 
2131.465 
2130.78 
2131.015 
2130.64 
2131.01 
2130.685 
2131.02 
2130.67 
2130.97 
2131.095 
2131.39 
2131.005 
2131.365 
2131.0 
2131.305 
2130.995 
2131.365 
2130.54 
2130.83 
2130.54 
2130.82 
2130.47 
2130.775 
2130.395 
2130.765 
2130.83 
2131.2 
2130.745 
2131.1 
2130.79 
2131.155 
2130.795 
2131.075 
2130.37 
2130.665 
2130.275 
2130.635 
2130.31 
2130.615 
2130.315 
2130.61 
2130.715 
2130.99 
2130.66 
2130.955 
2130.71 
2130.925 
2130.64 
2130.97 
2130.285 
2130.605 
2130.26 
2130.51 
2130.295 
2130.58 
2130.25 
2130.53 
2130.655 
2130.985 
2130.645 
2131.015 
2130.755 
2131.02 
2130.72 
2131.045 
2130.32 
2130.63 
2130.375 
2130.74 
2130.4 
2130.695 
2130.345 
2130.755 
2130.885 
2131.22 
2130.87 
2131.26 
2130.96 
2131.335 
2130.925 
2131.345 
2130.66 
2130.97 
2130.615 
2130.965 
2130.69 
2130.995 
2130.655 
2130.95 
2131.08 
2131.36 
2131.05 
2131.355 
2131.015 
2131.385 
2131.04 
2131.345 
2130.555 
2130.895 
2130.48 
2130.79 
2130.43 
2130.775 
2130.35 
2130.74 
2130.78 
2131.065 
2130.685 
2131.015 
2130.7 
2130.92 
2130.605 
2130.885 
2130.12 
2130.375 
2130.045 
2130.315 
2129.955 
2130.2 
2129.88 
2130.145 
2130.215 
2130.495 
2130.15 
2130.435 
2130.09 
2130.43 
2129.945 
2130.325 
2129.515 
2129.75 
2129.435 
2129.705 
2129.36 
2129.675 
2129.325 
2129.615 
2129.655 
2129.95 
2129.595 
2129.935 
2129.58 
2129.845 
2129.475 
2129.795 
2129.015 
2129.32 
2128.915 
2129.205 
2128.885 
2129.125 
2128.84 
2129.15 
2129.275 
2129.575 
2129.18 
2129.585 
2129.22 
2129.51 
2129.195 
2129.5 
2128.715 
2129.045 
2128.75 
2129.035 
2128.82 
2129.06 
2128.8 
2129.125 
2129.195 
2129.59 
2129.3 
2129.54 
2129.29 
2129.655 
2129.245 
2129.665 
2128.945 
2129.185 
2128.9 
2129.225 
2128.94 
2129.27 
2128.905 
2129.22 
2129.35 
2129.645 
2129.24 
2129.65 
2129.28 
2129.62 
2129.16 
2129.575 
2128.805 
2129.115 
2128.715 
2129.03 
2128.7 
2129.005 
2128.61 
2129.02 
2129.0 
2129.285 
2128.85 
2129.205 
2128.8 
2129.15 
2128.74 
2129.02 
2128.35 
2128.635 
2128.32 
2128.615 
2128.225 
2128.515 
2128.105 
2128.455 
2128.445 
2128.805 
2128.35 
2128.74 
2128.38 
2128.655 
2128.21 
2128.62 
2127.86 
2128.14 
2127.78 
2128.06 
2127.71 
2127.975 
2127.62 
2127.895 
2128.02 
2128.325 
2127.895 
2128.31 
2127.87 
2128.22 
2127.835 
2128.175 
2127.425 
2127.76 
2127.425 
2127.73 
2127.39 
2127.655 
2127.405 
2127.635 
2127.825 
2128.105 
2127.76 
2128.2 
2127.92 
2128.135 
2127.83 
2128.215 
2127.415 
2127.785 
2127.535 
2127.84 
2127.55 
2127.935 
2127.615 
2127.96 
2128.04 
2128.415 
2128.135 
2128.48 
2128.24 
2128.545 
2128.29 
2128.59 
2127.965 
2128.27 
2127.93 
2128.34 
2127.965 
2128.325 
2127.965 
2128.345 
2128.44 
2128.79 
2128.445 
2128.82 
2128.52 
2128.885 
2128.5 
2128.87 
2128.13 
2128.505 
2128.13 
2128.41 
2128.065 
2128.415 
2128.01 
2128.385 
2128.515 
2128.86 
2128.43 
2128.79 
2128.445 
2128.795 
2128.475 
2128.715 
2128.025 
2128.33 
2127.975 
2128.35 
2127.95 
2128.27 
2127.915 
2128.26 
2128.385 
2128.68 
2128.34 
2128.69 
2128.375 
2128.68 
2128.3 
2128.63 
2127.86 
2128.19 
2127.815 
2128.145 
2127.84 
2128.185 
2127.82 
2128.115 
2128.165 
2128.52 
2128.2 
2128.55 
2128.24 
2128.545 
2128.195 
2128.515 
2127.83 
2128.15 
2127.76 
2128.095 
2127.74 
2128.125 
2127.72 
2128.135 
2128.19 
2128.575 
2128.2 
2128.58 
2128.255 
2128.63 
2128.25 
2128.625 
2127.93 
2128.27 
2127.92 
2128.28 
2128.03 
2128.365 
2128.01 
2128.39 
2128.485 
2128.89 
2128.54 
2128.97 
2128.6 
2129.01 
2128.73 
2129.06 
2128.365 
2128.66 
2128.365 
2128.755 
2128.475 
2128.82 
2128.51 
2128.78 
2128.875 
2129.285 
2128.985 
2129.28 
2129.01 
2129.29 
2129.0 
2129.365 
2128.545 
2128.88 
2128.565 
2128.845 
2128.5 
2128.835 
2128.495 
2128.84 
2128.92 
2129.23 
2128.855 
2129.175 
2128.9 
2129.2 
2128.875 
2129.18 
2128.395 
2128.705 
2128.29 
2128.68 
2128.28 
2128.595 
2128.23 
2128.505 
2128.66 
2128.94 
2128.595 
2128.875 
2128.52 
2128.89 
2128.485 
2128.85 
2128.125 
2128.425 
2128.015 
2128.31 
2128.03 
2128.3 
2127.9 
2128.21 
2128.33 
2128.63 
2128.32 
2128.625 
2128.265 
2128.575 
2128.265 
2128.575 
2127.825 
2128.08 
2127.83 
2128.095 
2127.73 
2128.07 
2127.765 
2128.04 
2128.155 
2128.44 
2128.105 
2128.445 
2128.13 
2128.43 
2128.17 
2128.495 
2127.71 
2128.035 
2127.7 
2128.02 
2127.7 
2128.05 
2127.73 
2128.075 
2128.18 
2128.53 
2128.205 
2128.49 
2128.235 
2128.575 
2128.23 
2128.67 
2127.97 
2128.3 
2127.975 
2128.3 
2127.92 
2128.27 
2127.92 
2128.32 
2128.39 
2128.81 
2128.4 
2128.735 
2128.395 
2128.77 
2128.325 
2128.74 
2128.05 
2128.305 
2128.025 
2128.235 
2127.93 
2128.265 
2127.835 
2128.19 
2128.3 
2128.56 
2128.225 
2128.59 
2128.23 
2128.605 
2128.19 
2128.555 
2127.78 
2128.105 
2127.755 
2128.075 
2127.705 
2127.955 
2127.65 
2127.935 
2128.11 
2128.42 
2128.025 
2128.33 
2128.075 
2128.425 
2127.98 
2128.36 
2127.61 
2127.875 
2127.51 
2127.85 
2127.535 
2127.79 
2127.425 
2127.755 
2127.865 
2128.14 
2127.795 
2128.15 
2127.83 
2128.075 
2127.74 
2128.08 
2127.31 
2127.575 
2127.235 
2127.53 
2127.215 
2127.525 
2127.205 
2127.49 
2127.625 
2127.89 
2127.58 
2127.955 
2127.59 
2127.93 
2127.57 
2127.88 
2127.185 
2127.54 
2127.16 
2127.475 
2127.19 
2127.52 
2127.18 
2127.505 
2127.62 
2127.985 
2127.615 
2127.995 
2127.665 
2128.02 
2127.71 
2128.07 
2127.355 
2127.665 
2127.315 
2127.635 
2127.4 
2127.675 
2127.305 
2127.64 
2127.725 
2128.085 
2127.71 
2128.035 
2127.735 
2128.03 
2127.605 
2128.015 
2127.3 
2127.55 
2127.24 
2127.505 
2127.235 
2127.54 
2127.155 
2127.47 
2127.57 
2127.89 
2127.45 
2127.86 
2127.47 
2127.805 
2127.43 
2127.755 
2126.99 
2127.3 
2126.935 
2127.29 
2126.92 
2127.24 
2126.885 
2127.235 
2127.26 
2127.615 
2127.24 
2127.57 
2127.29 
2127.555 
2127.245 
2127.54 
2126.795 
2127.11 
2126.715 
2127.04 
2126.755 
2127.0 
2126.67 
2127.0 
2127.095 
2127.395 
2127.095 
2127.465 
2127.125 
2127.405 
2127.1 
2127.395 
2126.63 
2126.995 
2126.645 
2126.915 
2126.66 
2126.99 
2126.65 
2127.0 
2127.04 
2127.47 
2127.075 
2127.46 
2127.19 
2127.535 
2127.175 
2127.585 
2126.79 
2127.175 
2126.86 
2127.17 
2126.945 
2127.245 
2126.94 
2127.275 
2127.46 
2127.82 
2127.505 
2127.895 
2127.575 
2127.97 
2127.57 
2128.015 
2127.28 
2127.66 
2127.295 
2127.65 
2127.395 
2127.685 
2127.39 
2127.785 
2127.845 
2128.215 
2127.835 
2128.245 
2127.985 
2128.3 
2127.945 
2128.315 
2127.545 
2127.86 
2127.58 
2127.85 
2127.52 
2127.89 
2127.62 
2127.845 
2128.055 
2128.27 
2128.035 
2128.39 
2128.06 
2128.365 
2128.015 
2128.35 
2127.595 
2127.905 
2127.595 
2127.91 
2127.595 
2127.915 
2127.565 
2127.91 
2128.005 
2128.27 
2127.875 
2128.305 
2127.965 
2128.365 
2127.89 
2128.33 
2127.575 
2127.8 
2127.515 
2127.785 
2127.535 
2127.805 
2127.38 
2127.775 
2127.885 
2128.19 
2127.81 
2128.205 
2127.835 
2128.185 
2127.75 
2128.11 
2127.445 
2127.825 
2127.415 
2127.74 
2127.43 
2127.725 
2127.33 
2127.705 
2127.825 
2128.185 
2127.735 
2128.135 
2127.78 
2128.14 
2127.835 
2128.12 
2127.375 
