Run 0 on 20200811 on sample T20-5d, LT thermometer,  dT/T0 = 0.02
Time per point = 3.125e-05 seconds
4347.995 
4347.47 
4347.745 
4347.245 
4347.43 
4346.87 
4346.885 
4345.86 
4345.835 
4345.095 
4345.02 
4344.31 
4344.065 
4343.3 
4343.095 
4342.69 
4342.495 
4341.6 
4341.36 
4340.475 
4340.21 
4339.26 
4339.07 
4337.78 
4337.495 
4336.62 
4336.365 
4335.585 
4335.425 
4334.565 
4334.43 
4334.17 
4334.135 
4333.415 
4333.465 
4332.89 
4332.91 
4332.3 
4332.555 
4331.775 
4332.09 
4331.695 
4332.08 
4331.8 
4332.275 
4332.08 
4332.605 
4333.055 
4333.695 
4333.675 
4334.435 
4334.55 
4335.34 
4335.58 
4336.49 
4336.4 
4337.36 
4337.72 
4338.79 
4339.185 
4340.26 
4340.775 
4341.9 
4342.895 
4344.11 
4344.56 
4345.82 
4346.37 
4347.575 
4348.13 
4349.39 
4349.545 
4350.74 
4351.215 
4352.4 
4352.92 
4353.965 
4354.48 
4355.585 
4356.33 
4357.395 
4357.605 
4358.655 
4358.875 
4359.745 
4359.87 
4360.68 
4360.295 
4360.985 
4360.965 
4361.575 
4361.385 
4361.92 
4361.59 
4362.035 
4362.17 
4362.4 
4361.93 
4362.1 
4361.61 
4361.705 
4361.02 
4361.0 
4359.93 
4359.81 
4358.975 
4358.785 
4357.95 
4357.645 
4356.675 
4356.35 
4355.83 
4355.4 
4354.44 
4353.98 
4352.925 
4352.49 
4351.355 
4350.935 
4349.495 
4348.89 
4347.865 
4347.375 
4346.31 
4345.945 
4344.89 
4344.47 
4343.93 
4343.525 
4342.57 
4342.34 
4341.385 
4341.2 
4340.295 
4340.2 
4338.995 
4338.84 
4338.095 
4338.13 
4337.525 
4337.58 
4337.045 
4337.195 
4337.23 
4337.46 
4337.11 
4337.435 
4337.18 
4337.625 
4337.35 
4337.88 
4337.27 
4337.83 
4337.755 
4338.33 
4338.35 
4339.035 
4339.045 
4339.725 
4340.24 
4341.01 
4341.02 
4341.795 
4341.93 
4342.7 
4342.745 
4343.56 
4343.32 
4344.025 
4344.13 
4344.855 
4344.935 
4345.57 
4345.56 
4346.2 
4346.585 
4347.15 
4347.02 
4347.58 
4347.47 
4347.89 
4347.64 
4348.0 
4347.28 
4347.58 
4347.155 
4347.365 
4346.905 
4347.03 
4346.42 
4346.435 
4346.26 
4346.205 
4345.44 
4345.33 
4344.445 
4344.31 
4343.42 
4343.12 
4341.755 
4341.385 
4340.345 
4339.975 
4338.96 
4338.42 
4337.27 
4336.79 
4336.015 
4335.49 
4334.315 
4333.795 
4332.62 
4331.965 
4330.76 
4330.185 
4328.595 
4328.01 
4326.875 
4326.35 
4325.15 
4324.67 
4323.495 
4323.155 
4322.49 
4322.045 
4320.965 
4320.7 
4319.735 
4319.43 
4318.56 
4318.4 
4317.16 
4317.12 
4316.375 
4316.34 
4315.745 
4315.755 
4315.125 
4315.31 
4315.32 
4315.52 
4315.125 
4315.445 
4315.12 
4315.515 
4315.29 
4315.755 
4315.19 
4315.74 
4315.595 
4316.15 
4316.18 
4316.75 
4316.74 
4317.44 
4317.93 
4318.69 
4318.665 
4319.435 
4319.515 
4320.275 
4320.29 
4321.09 
4320.68 
4321.425 
4321.435 
4322.16 
4322.135 
4322.84 
4322.79 
4323.455 
4323.84 
4324.39 
4324.235 
4324.715 
4324.575 
4325.01 
4324.72 
4325.105 
4324.365 
4324.665 
4324.29 
4324.455 
4323.995 
4324.13 
4323.555 
4323.545 
4323.37 
4323.315 
4322.595 
4322.52 
4321.66 
4321.52 
4320.625 
4320.405 
4319.16 
4318.795 
4317.745 
4317.445 
4316.355 
4315.94 
4314.87 
4314.45 
4313.735 
4313.19 
4312.065 
4311.605 
4310.435 
4309.88 
4308.725 
4308.215 
4306.685 
4306.24 
4305.145 
4304.66 
4303.53 
4303.1 
4302.055 
4301.705 
4301.15 
4300.77 
4299.78 
4299.615 
4298.67 
4298.54 
4297.685 
4297.58 
4296.445 
4296.435 
4295.8 
4295.83 
4295.335 
4295.415 
4294.915 
4295.125 
4295.145 
4295.465 
4295.16 
4295.53 
4295.34 
4295.82 
4295.575 
4296.245 
4295.67 
4296.29 
4296.225 
4296.895 
4296.97 
4297.625 
4297.745 
4298.44 
4298.98 
4299.74 
4299.855 
4300.675 
4300.815 
4301.605 
4301.715 
4302.525 
4302.28 
4303.02 
4303.12 
4303.91 
4303.975 
4304.635 
4304.65 
4305.35 
4305.775 
4306.32 
4306.155 
4306.84 
4306.66 
4307.06 
4306.84 
4307.19 
4306.48 
4306.77 
4306.32 
4306.495 
4306.04 
4306.105 
4305.53 
4305.565 
4305.3 
4305.195 
4304.365 
4304.255 
4303.36 
4303.04 
4302.07 
4301.7 
4300.27 
4299.8 
4298.68 
4298.115 
4297.0 
4296.325 
4295.02 
4294.365 
4293.47 
4292.715 
4291.275 
4290.555 
4289.21 
4288.315 
4286.75 
4285.995 
4284.045 
4283.195 
4281.59 
4280.72 
4279.165 
4278.265 
4276.76 
4275.85 
4274.745 
4273.89 
4272.285 
4271.45 
4269.905 
4269.015 
4267.58 
4266.69 
4264.815 
4264.07 
4262.525 
4261.765 
4260.315 
4259.515 
4258.005 
4257.32 
4256.33 
4255.6 
4254.11 
4253.375 
4251.965 
4251.26 
4249.81 
4249.05 
4247.25 
4246.4 
4244.945 
4244.12 
4242.61 
4241.83 
4240.135 
4239.275 
4238.055 
4237.035 
4235.315 
4234.2 
4232.48 
4231.21 
4229.335 
4228.035 
4225.61 
4224.16 
4221.97 
4220.35 
4217.995 
4216.2 
4213.7 
4211.735 
4209.525 
4207.365 
4204.44 
4202.13 
4199.09 
4196.485 
4193.18 
4190.395 
4186.5 
4183.505 
4179.73 
4176.52 
4172.555 
4169.145 
4164.82 
4161.195 
4157.215 
4153.3 
4148.54 
4144.52 
4139.605 
4135.25 
4130.125 
4125.545 
4119.85 
4115.025 
4109.51 
4104.515 
4098.795 
4093.68 
4087.68 
4082.43 
4076.77 
4071.265 
4065.03 
4059.405 
4053.035 
4047.2 
4040.645 
4034.855 
4027.83 
4021.865 
4015.15 
4009.07 
4002.225 
3996.1 
3989.265 
3983.065 
3976.62 
3970.305 
3963.295 
3957.06 
3950.225 
3943.855 
3936.84 
3930.59 
3923.24 
3916.965 
3909.99 
3903.655 
3896.74 
3890.53 
3883.495 
3877.35 
3870.9 
3864.665 
3857.86 
3851.685 
3844.875 
3838.785 
3831.97 
3825.875 
3818.765 
3812.63 
3805.92 
3799.94 
3793.29 
3787.275 
3780.54 
3774.62 
3768.4 
3762.45 
3755.745 
3749.85 
3743.205 
3737.19 
3730.47 
3724.51 
3717.565 
3711.45 
3704.74 
3698.77 
3692.01 
3685.885 
3679.07 
3672.975 
3666.575 
3660.39 
3653.455 
3647.23 
3640.27 
3633.885 
3626.905 
3620.46 
3613.045 
3606.545 
3599.305 
3592.74 
3585.495 
3578.91 
3571.53 
3564.775 
3557.85 
3551.08 
3543.585 
3536.785 
3529.27 
3522.35 
3514.715 
3507.835 
3499.83 
3492.815 
3485.13 
3478.08 
3470.405 
3463.35 
3455.665 
3448.595 
3441.245 
3434.195 
3426.525 
3419.44 
3411.805 
3404.79 
3397.115 
3390.175 
3382.17 
3375.18 
3367.64 
3360.815 
3353.36 
3346.625 
3339.225 
3332.54 
3325.725 
3319.14 
3311.925 
3305.515 
3298.445 
3292.185 
3285.145 
3279.025 
3271.795 
3265.715 
3259.04 
3253.175 
3246.625 
3240.87 
3234.445 
3228.825 
3223.06 
3217.515 
3211.435 
3206.1 
3200.125 
3195.005 
3189.135 
3184.09 
3178.035 
3173.025 
3167.43 
3162.62 
3157.17 
3152.41 
3147.08 
3142.4 
3137.6 
3133.06 
3127.865 
3123.345 
3118.275 
3113.785 
3108.68 
3104.29 
3098.87 
3094.44 
3089.355 
3084.98 
3079.965 
3075.56 
3070.505 
3066.125 
3061.45 
3056.995 
3051.88 
3047.465 
3042.285 
3037.76 
3032.45 
3027.955 
3022.22 
3017.605 
3012.15 
3007.465 
3001.99 
2997.165 
2991.595 
2986.72 
2981.605 
2976.575 
2970.945 
2965.89 
2960.155 
2955.015 
2949.245 
2944.01 
2937.81 
2932.57 
2926.56 
2921.255 
2915.325 
2910.01 
2903.885 
2898.54 
2892.96 
2887.61 
2881.46 
2876.09 
2870.08 
2864.74 
2858.59 
2853.295 
2846.875 
2841.53 
2835.58 
2830.27 
2824.36 
2819.21 
2813.34 
2808.185 
2802.885 
2797.785 
2792.135 
2787.15 
2781.685 
2776.82 
2771.3 
2766.59 
2760.79 
2756.24 
2750.95 
2746.535 
2741.425 
2737.03 
2732.03 
2727.885 
2723.475 
2719.31 
2714.625 
2710.69 
2706.05 
2702.27 
2697.765 
2694.09 
2689.3 
2685.7 
2681.44 
2677.92 
2673.83 
2670.29 
2666.27 
2662.975 
2659.4 
2656.13 
2652.16 
2649.04 
2645.095 
2641.895 
2638.075 
2634.955 
2630.69 
2627.5 
2623.7 
2620.525 
2616.64 
2613.45 
2609.61 
2606.35 
2602.895 
2599.595 
2595.67 
2592.285 
2588.355 
2584.915 
2580.85 
2577.385 
2572.75 
2569.165 
2564.895 
2561.24 
2556.99 
2553.225 
2548.675 
2544.905 
2540.78 
2536.87 
2532.29 
2528.24 
2523.535 
2519.46 
2514.675 
2510.525 
2505.255 
2501.01 
2496.025 
2491.705 
2486.785 
2482.41 
2477.425 
2472.995 
2468.35 
2463.97 
2458.87 
2454.475 
2449.425 
2445.035 
2439.89 
2435.53 
2430.15 
2425.785 
2420.815 
2416.545 
2411.555 
2407.35 
2402.545 
2398.335 
2394.05 
2389.985 
2385.225 
2381.335 
2376.82 
2373.045 
2368.51 
2364.885 
2360.195 
2356.585 
2352.365 
2349.0 
2345.03 
2341.715 
2337.8 
2334.62 
2331.41 
2328.36 
2324.755 
2321.95 
2318.49 
2315.785 
2312.505 
2309.905 
2306.28 
2303.8 
2300.78 
2298.385 
2295.42 
2293.155 
2290.365 
2288.195 
2285.79 
2283.755 
2281.035 
2279.035 
2276.4 
2274.37 
2271.755 
2269.825 
2266.825 
2264.895 
2262.175 
2260.27 
2257.655 
2255.685 
2253.035 
2251.065 
2248.795 
2246.67 
2243.94 
2241.815 
2238.975 
2236.78 
2233.92 
2231.59 
2228.175 
2225.785 
2222.58 
2220.125 
2216.91 
2214.3 
2210.925 
2208.21 
2205.2 
2202.455 
2198.84 
2195.88 
2192.215 
2189.22 
2185.39 
2182.31 
2177.99 
2174.77 
2170.795 
2167.48 
2163.49 
2160.105 
2155.995 
2152.565 
2148.89 
2145.415 
2141.245 
2137.725 
2133.635 
2130.06 
2125.86 
2122.345 
2117.76 
2114.22 
2110.03 
2106.625 
2102.55 
2099.03 
2095.09 
2091.725 
2088.145 
2084.94 
2080.98 
2077.835 
2074.095 
2071.0 
2067.28 
2064.37 
2060.38 
2057.57 
2054.17 
2051.385 
2048.11 
2045.54 
2042.35 
2039.915 
2037.39 
2035.11 
2032.195 
2030.125 
2027.31 
2025.265 
2022.675 
2020.815 
2017.935 
2016.14 
2013.745 
2012.07 
2009.85 
2008.295 
2006.13 
2004.695 
2002.985 
2001.62 
1999.555 
1998.19 
1996.275 
1994.885 
1992.965 
1991.74 
1989.51 
1988.215 
1986.3 
1984.955 
1983.03 
1981.705 
1979.725 
1978.385 
1976.77 
1975.365 
1973.18 
1971.735 
1969.52 
1967.955 
1965.565 
1963.92 
1961.115 
1959.35 
1956.765 
1954.875 
1952.24 
1950.18 
1947.315 
1945.16 
1942.715 
1940.48 
1937.38 
1935.005 
1931.905 
1929.315 
1926.02 
1923.375 
1919.665 
1916.82 
1913.335 
1910.505 
1907.035 
1904.02 
1900.38 
1897.375 
1894.095 
1891.025 
1887.265 
1884.16 
1880.415 
1877.315 
1873.445 
1870.37 
1866.235 
1863.06 
1859.315 
1856.235 
1852.53 
1849.49 
1845.795 
1842.855 
1839.765 
1836.875 
1833.325 
1830.585 
1827.205 
1824.58 
1821.25 
1818.705 
1815.205 
1812.81 
1809.83 
1807.525 
1804.74 
1802.59 
1799.815 
1797.955 
1795.835 
1794.025 
1791.6 
1789.965 
1787.745 
1786.295 
1784.19 
1782.85 
1780.53 
1779.245 
1777.485 
1776.425 
1774.75 
1773.78 
1772.245 
1771.415 
1770.375 
1769.67 
1768.25 
1767.645 
1766.28 
1765.7 
1764.42 
1763.885 
1762.295 
1761.755 
1760.5 
1759.98 
1758.74 
1758.18 
1757.005 
1756.415 
1755.535 
1754.97 
1753.595 
1752.995 
1751.525 
1750.75 
1749.29 
1748.455 
1746.47 
1745.52 
1743.815 
1742.73 
1740.99 
1739.79 
1737.845 
1736.575 
1734.98 
1733.605 
1731.355 
1729.87 
1727.61 
1725.915 
1723.585 
1721.82 
1718.955 
1717.055 
1714.455 
1712.5 
1709.865 
1707.805 
1704.995 
1702.955 
1700.525 
1698.35 
1695.46 
1693.32 
1690.365 
1688.205 
1685.215 
1683.05 
1679.705 
1677.45 
1674.515 
1672.305 
1669.505 
1667.26 
1664.46 
1662.36 
1660.035 
1658.02 
1655.28 
1653.41 
1650.835 
1648.985 
1646.45 
1644.7 
1641.985 
1640.38 
1638.09 
1636.595 
1634.505 
1633.135 
1631.05 
1629.87 
1628.505 
1627.345 
1625.6 
1624.68 
1623.045 
1622.29 
1620.845 
1620.135 
1618.41 
1617.785 
1616.525 
1616.095 
1614.985 
1614.545 
1613.59 
1613.23 
1612.76 
1612.53 
1611.605 
1611.39 
1610.63 
1610.445 
1609.59 
1609.505 
1608.325 
1608.16 
1607.31 
1607.24 
1606.355 
1606.15 
1605.32 
1605.025 
1604.555 
1604.175 
1603.14 
1602.84 
1601.79 
1601.22 
1600.05 
1599.47 
1597.71 
1597.025 
1595.535 
1594.775 
1593.225 
1592.27 
1590.58 
1589.465 
1588.125 
1586.89 
1584.99 
1583.65 
1581.575 
1580.16 
1577.955 
1576.33 
1573.68 
1571.99 
1569.48 
1567.8 
1565.33 
1563.395 
1560.835 
1558.895 
1556.63 
1554.685 
1551.985 
1550.05 
1547.31 
1545.26 
1542.465 
1540.4 
1537.28 
1535.27 
1532.56 
1530.51 
1527.875 
1525.825 
1523.245 
1521.35 
1519.29 
1517.39 
1514.985 
1513.195 
1510.945 
1509.31 
1507.035 
1505.545 
1503.035 
1501.63 
1499.65 
1498.44 
1496.595 
1495.485 
1493.755 
1492.75 
1491.65 
1490.855 
1489.36 
1488.78 
1487.47 
1486.975 
1485.855 
1485.395 
1484.04 
1483.74 
1482.83 
1482.71 
1481.96 
1481.88 
1481.22 
1481.31 
1481.205 
1481.28 
1480.805 
1481.0 
1480.49 
1480.73 
1480.29 
1480.485 
1479.81 
1480.03 
1479.535 
1479.78 
1479.435 
1479.615 
1479.15 
1479.335 
1479.195 
1479.34 
1478.66 
1478.73 
1478.05 
1477.965 
1477.225 
1477.05 
1475.68 
1475.405 
1474.365 
1473.875 
1472.795 
1472.25 
1470.965 
1470.25 
1469.305 
1468.56 
1466.955 
1466.01 
1464.32 
1463.195 
1461.4 
1460.225 
1457.935 
1456.59 
1454.545 
1453.12 
1451.02 
1449.505 
1447.285 
1445.735 
1443.895 
1442.295 
1439.87 
1438.195 
1435.97 
1434.175 
1431.715 
1430.025 
1427.23 
1425.47 
1423.135 
1421.455 
1419.09 
1417.445 
1415.185 
1413.595 
1411.79 
1410.255 
1408.105 
1406.69 
1404.695 
1403.39 
1401.435 
1400.215 
1397.9 
1396.91 
1395.205 
1394.28 
1392.74 
1391.895 
1390.46 
1389.765 
1388.98 
1388.49 
1387.275 
1386.945 
1386.005 
1385.745 
1384.825 
1384.8 
1383.66 
1383.68 
1383.08 
1383.205 
1382.775 
1383.04 
1382.61 
1382.93 
1383.125 
1383.47 
1383.275 
1383.81 
1383.645 
1384.145 
1383.945 
1384.55 
1384.08 
1384.6 
1384.5 
1385.035 
1384.865 
1385.42 
1385.265 
1385.705 
1385.855 
1386.22 
1385.865 
1386.315 
1385.97 
1386.18 
1385.695 
1385.8 
1384.76 
1384.79 
1384.09 
1383.98 
1383.21 
1382.88 
1381.93 
1381.585 
1380.935 
1380.42 
1379.205 
1378.575 
1377.25 
1376.495 
1375.09 
1374.26 
1372.2 
1371.225 
1369.53 
1368.425 
1366.705 
1365.53 
1363.63 
1362.405 
1360.94 
1359.675 
1357.655 
1356.325 
1354.365 
1353.02 
1350.915 
1349.63 
1347.19 
1345.825 
1343.77 
1342.515 
1340.49 
1339.2 
1337.255 
1336.11 
1334.645 
1333.54 
1331.71 
1330.71 
1329.035 
1328.07 
1326.5 
1325.675 
1323.795 
1323.12 
1321.77 
1321.16 
1320.02 
1319.59 
1318.545 
1318.3 
1317.825 
1317.635 
1316.845 
1316.925 
1316.32 
1316.465 
1315.99 
1316.28 
1315.575 
1315.91 
1315.675 
1316.22 
1316.24 
1316.755 
1316.86 
1317.55 
1318.07 
1318.895 
1319.105 
1319.94 
1320.26 
1321.095 
1321.34 
1322.345 
1322.275 
1323.225 
1323.445 
1324.455 
1324.75 
1325.695 
1325.935 
1326.83 
1327.45 
1328.295 
1328.39 
1329.17 
1329.26 
1329.92 
1329.86 
1330.505 
1329.875 
1330.29 
1330.105 
1330.455 
1330.07 
1330.185 
1329.72 
1329.815 
1329.575 
1329.51 
1328.685 
1328.545 
1327.59 
1327.34 
1326.205 
1325.815 
1324.305 
1323.74 
1322.425 
1321.74 
1320.365 
1319.57 
1318.115 
1317.21 
1316.01 
1315.07 
1313.415 
1312.47 
1310.79 
1309.74 
1307.895 
1306.86 
1304.665 
1303.56 
1301.815 
1300.715 
1298.915 
1297.83 
1296.08 
1295.04 
1293.745 
1292.82 
1291.07 
1290.2 
1288.65 
1287.785 
1286.28 
1285.54 
1283.7 
1282.97 
1281.755 
1281.17 
1280.005 
1279.5 
1278.525 
1278.235 
1277.74 
1277.445 
1276.595 
1276.61 
1275.95 
1275.975 
1275.325 
1275.52 
1274.655 
1274.89 
1274.555 
1274.95 
1274.725 
1275.22 
1274.93 
1275.495 
1275.85 
1276.56 
1276.435 
1277.19 
1277.215 
1277.9 
1277.925 
1278.79 
1278.47 
1279.22 
1279.295 
1279.995 
1280.08 
1280.755 
1280.865 
1281.575 
1281.975 
1282.565 
1282.475 
1283.045 
1282.985 
1283.425 
1283.135 
1283.6 
1282.78 
1283.05 
1282.565 
1282.7 
1282.2 
1282.245 
1281.475 
1281.495 
1281.11 
1280.895 
1279.965 
1279.675 
1278.635 
1278.145 
1276.945 
1276.455 
1274.73 
1274.075 
1272.62 
1271.87 
1270.41 
1269.6 
1268.015 
1267.065 
1265.86 
1264.93 
1263.205 
1262.215 
1260.455 
1259.375 
1257.5 
1256.475 
1254.35 
1253.125 
1251.42 
1250.29 
1248.535 
1247.465 
1245.75 
1244.8 
1243.585 
1242.625 
1240.925 
1240.075 
1238.545 
1237.755 
1236.29 
1235.62 
1233.92 
1233.315 
1232.13 
1231.605 
1230.51 
1230.19 
1229.205 
1228.925 
1228.525 
1228.37 
1227.635 
1227.69 
1227.05 
1227.22 
1226.815 
1227.09 
1226.28 
1226.62 
1226.37 
1226.885 
1226.82 
1227.435 
1227.325 
1228.03 
1228.505 
1229.27 
1229.335 
1230.235 
1230.4 
1231.28 
1231.38 
1232.355 
1232.205 
1233.04 
1233.325 
1234.26 
1234.445 
1235.36 
1235.54 
1236.395 
1237.035 
1237.84 
1237.88 
1238.745 
1238.75 
1239.46 
1239.38 
1240.01 
1239.455 
1239.97 
1239.73 
1240.11 
1239.765 
1240.03 
1239.575 
1239.74 
1239.7 
1239.775 
1239.045 
1239.085 
1238.25 
1238.115 
1237.225 
1237.0 
1235.67 
1235.34 
1234.21 
1233.815 
1232.675 
1232.16 
1230.945 
1230.345 
1229.53 
1228.875 
1227.54 
1226.91 
1225.575 
1224.865 
1223.43 
1222.745 
1220.97 
1220.255 
1218.9 
1218.245 
1216.9 
1216.285 
1214.86 
1214.34 
1213.55 
1213.0 
1211.775 
1211.335 
1210.17 
1209.885 
1208.78 
1208.505 
1207.17 
1206.99 
1206.19 
1206.085 
1205.4 
1205.415 
1204.765 
1204.855 
1204.905 
1205.135 
1204.735 
1205.125 
1204.87 
1205.36 
1205.185 
1205.71 
1205.34 
1205.985 
1205.97 
1206.725 
1206.93 
1207.755 
1207.9 
1208.895 
1209.49 
1210.455 
1210.73 
1211.845 
1212.105 
1213.185 
1213.38 
1214.585 
1214.515 
1215.605 
1215.925 
1216.915 
1217.17 
1218.165 
1218.335 
1219.31 
1219.945 
1220.835 
1220.91 
1221.715 
1221.735 
1222.42 
1222.295 
1223.005 
1222.465 
1222.915 
1222.62 
1223.025 
1222.67 
1222.875 
1222.37 
1222.53 
1222.335 
1222.45 
1221.64 
1221.54 
1220.755 
1220.58 
1219.585 
1219.375 
1218.01 
1217.59 
1216.44 
1215.955 
1214.785 
1214.275 
1212.925 
1212.365 
1211.52 
1210.865 
1209.55 
1208.845 
1207.515 
1206.76 
1205.355 
1204.745 
1202.965 
1202.315 
1200.885 
1200.225 
1198.86 
1198.33 
1197.035 
1196.52 
1195.74 
1195.265 
1194.03 
1193.62 
1192.615 
1192.315 
1191.29 
1191.105 
1189.88 
1189.785 
1188.985 
1188.98 
1188.35 
1188.495 
1187.85 
1188.11 
1188.16 
1188.53 
1188.21 
1188.69 
1188.49 
1189.085 
1188.93 
1189.625 
1189.32 
1190.01 
1190.07 
1190.925 
1191.14 
1192.105 
1192.345 
1193.3 
1194.03 
1195.145 
1195.41 
1196.57 
1196.95 
1198.0 
1198.375 
1199.575 
1199.555 
1200.62 
1200.95 
1201.985 
1202.375 
1203.355 
1203.65 
1204.565 
1205.26 
1206.125 
1206.175 
1207.01 
1207.07 
1207.825 
1207.725 
1208.3 
1207.765 
1208.27 
1207.91 
1208.305 
1207.91 
1208.12 
1207.57 
1207.74 
1207.495 
1207.535 
1206.74 
1206.59 
1205.735 
1205.555 
1204.535 
1204.24 
1202.81 
1202.405 
1201.17 
1200.675 
1199.39 
1198.84 
1197.47 
1196.845 
1195.925 
1195.175 
1193.73 
1193.01 
1191.615 
1190.8 
1189.305 
1188.5 
1186.735 
1185.975 
1184.47 
1183.775 
1182.38 
1181.68 
1180.355 
1179.64 
1178.895 
1178.28 
1176.995 
1176.47 
1175.455 
1175.05 
1173.935 
1173.67 
1172.37 
1172.215 
1171.3 
1171.19 
1170.505 
1170.56 
1169.915 
1170.065 
1170.045 
1170.27 
1169.905 
1170.26 
1170.06 
1170.535 
1170.335 
1170.93 
1170.45 
1171.15 
1171.205 
1171.895 
1172.105 
1172.885 
1172.99 
1173.955 
1174.57 
1175.505 
1175.8 
1176.76 
1177.115 
1178.06 
1178.355 
1179.37 
1179.295 
1180.25 
1180.43 
1181.435 
1181.61 
1182.5 
1182.665 
1183.48 
1184.035 
1184.79 
1184.71 
1185.49 
1185.33 
1185.94 
1185.775 
1186.265 
1185.53 
1185.895 
1185.535 
1185.68 
1185.17 
1185.325 
1184.71 
1184.645 
1184.415 
1184.205 
1183.38 
1183.12 
1182.23 
1181.835 
1180.76 
1180.33 
1178.81 
1178.3 
1176.98 
1176.435 
1175.12 
1174.45 
1172.98 
1172.3 
1171.33 
1170.565 
1169.12 
1168.325 
1166.95 
1166.09 
1164.56 
1163.845 
1162.005 
1161.235 
1159.82 
1159.11 
1157.705 
1157.025 
1155.76 
1155.165 
1154.38 
1153.835 
1152.64 
1152.28 
1151.22 
1150.915 
1149.945 
1149.73 
1148.62 
1148.505 
1147.775 
1147.835 
1147.27 
1147.455 
1146.955 
1147.25 
1147.38 
1147.71 
1147.525 
1148.115 
1147.98 
1148.73 
1148.665 
1149.55 
1149.26 
1150.13 
1150.285 
1151.28 
1151.7 
1152.735 
1153.11 
1154.21 
1155.12 
1156.28 
1156.79 
1158.015 
1158.575 
1159.835 
1160.315 
1161.6 
1161.805 
1163.06 
1163.55 
1164.75 
1165.24 
1166.415 
1166.865 
1167.925 
1168.835 
1169.825 
1170.11 
1171.13 
1171.29 
1172.145 
1172.285 
1173.065 
1172.6 
1173.24 
1173.125 
1173.655 
1173.425 
1173.815 
1173.445 
1173.78 
1173.735 
1173.94 
1173.35 
1173.4 
1172.76 
1172.69 
1171.845 
1171.77 
1170.515 
1170.285 
1169.225 
1168.995 
1167.965 
1167.615 
1166.46 
1166.04 
1165.425 
1164.975 
1163.74 
1163.275 
1162.06 
1161.615 
1160.43 
1159.97 
1158.45 
1158.01 
1156.755 
1156.425 
1155.32 
1154.98 
1153.955 
1153.67 
1153.16 
1152.915 
1152.035 
1151.935 
1151.22 
1151.115 
1150.46 
1150.515 
1149.625 
1149.78 
1149.325 
1149.67 
1149.375 
1149.765 
1149.51 
1150.05 
1150.47 
1151.1 
1151.03 
1151.88 
1152.05 
1152.92 
1153.14 
1154.125 
1154.06 
1155.12 
1155.455 
1156.73 
1157.17 
1158.3 
1158.835 
1160.12 
1161.14 
1162.49 
1163.02 
1164.31 
1164.945 
1166.22 
1166.81 
1168.135 
1168.52 
1169.705 
1170.23 
1171.425 
1171.92 
1173.095 
1173.455 
1174.505 
1175.3 
1176.29 
1176.395 
1177.3 
1177.48 
1178.255 
1178.18 
1178.805 
1178.255 
1178.76 
1178.54 
1178.885 
1178.475 
1178.765 
1178.11 
1178.18 
1178.03 
1177.97 
1177.15 
1176.96 
1176.07 
1175.8 
1174.775 
1174.42 
1172.87 
1172.295 
1171.055 
1170.505 
1169.265 
1168.53 
1167.105 
1166.415 
1165.435 
1164.695 
1163.155 
1162.36 
1160.89 
1160.13 
1158.605 
1157.83 
1155.985 
1155.18 
1153.765 
1152.95 
1151.585 
1150.965 
1149.65 
1149.015 
1148.255 
1147.725 
1146.56 
1146.085 
1145.165 
1144.81 
1143.87 
1143.63 
1142.475 
1142.375 
1141.685 
1141.825 
1141.205 
1141.44 
1141.01 
1141.42 
1141.59 
1142.0 
1141.805 
1142.445 
1142.41 
1143.17 
1143.19 
1144.085 
1143.835 
1144.805 
1145.1 
1146.05 
1146.45 
1147.625 
1148.055 
1149.17 
1150.175 
1151.38 
1151.875 
1153.125 
1153.68 
1155.005 
1155.505 
1156.73 
1156.97 
1158.18 
1158.67 
1159.805 
1160.28 
1161.395 
1161.81 
1162.84 
1163.61 
1164.53 
1164.61 
1165.56 
1165.71 
1166.415 
1166.4 
1166.97 
1166.415 
1166.915 
1166.57 
1166.93 
1166.525 
1166.78 
1166.235 
1166.27 
1166.06 
1166.04 
1165.195 
1165.04 
1164.115 
1163.81 
1162.735 
1162.255 
1160.97 
1160.375 
1159.16 
1158.48 
1157.21 
1156.49 
1155.18 
1154.42 
1153.38 
1152.66 
1151.18 
1150.435 
1148.955 
1148.16 
1146.69 
1145.85 
1144.08 
1143.345 
1141.86 
1141.235 
1139.855 
1139.2 
1137.935 
1137.33 
1136.625 
1136.17 
1135.02 
1134.67 
1133.68 
1133.43 
1132.56 
1132.435 
1131.3 
1131.28 
1130.665 
1130.77 
1130.22 
1130.61 
1130.16 
1130.535 
1130.785 
1131.275 
1131.175 
1131.865 
1131.85 
1132.685 
1132.74 
1133.685 
1133.475 
1134.455 
1134.815 
1135.845 
1136.27 
1137.415 
1137.865 
1139.055 
1139.96 
1141.265 
1141.75 
1142.985 
1143.61 
1144.81 
1145.35 
1146.555 
1146.74 
1147.895 
1148.27 
1149.48 
1149.805 
1150.88 
1151.2 
1152.15 
1152.82 
1153.71 
1153.655 
1154.49 
1154.48 
1155.115 
1154.895 
1155.41 
1154.755 
1155.045 
1154.58 
1154.81 
1154.255 
1154.305 
1153.51 
1153.42 
1153.05 
1152.795 
1151.76 
1151.47 
1150.365 
1149.82 
1148.635 
1147.985 
1146.335 
1145.585 
1144.135 
1143.41 
1141.915 
1141.065 
1139.49 
1138.63 
1137.47 
1136.6 
1134.93 
1134.05 
1132.51 
1131.56 
1129.945 
1129.04 
1127.11 
1126.26 
1124.715 
1123.95 
1122.545 
1121.855 
1120.535 
1119.945 
1119.175 
1118.72 
1117.535 
1117.195 
1116.285 
1116.025 
1115.19 
1115.125 
1114.145 
1114.11 
1113.565 
1113.8 
1113.465 
1113.815 
1113.55 
1114.11 
1114.56 
1115.21 
1115.26 
1116.135 
1116.335 
1117.325 
1117.73 
1118.89 
1118.92 
1120.165 
1120.785 
1122.055 
1122.84 
1124.275 
1124.985 
1126.54 
1127.805 
1129.375 
1130.25 
1131.89 
1132.84 
1134.35 
1135.28 
1136.915 
1137.45 
1138.99 
1139.83 
1141.43 
1142.19 
1143.695 
1144.48 
1145.81 
1146.98 
1148.25 
1148.745 
1149.98 
1150.435 
1151.54 
1151.76 
1152.705 
1152.515 
1153.315 
1153.37 
1153.955 
1153.9 
1154.415 
1154.09 
1154.54 
1154.615 
1154.8 
1154.195 
1154.38 
1153.69 
1153.685 
1152.87 
1152.785 
1151.485 
1151.22 
1150.175 
1149.86 
1148.825 
1148.365 
1147.175 
1146.755 
1145.94 
1145.475 
1144.155 
1143.605 
1142.4 
1141.82 
1140.51 
1140.085 
1138.38 
1137.835 
1136.66 
1136.16 
1135.02 
1134.62 
1133.5 
1133.07 
1132.57 
1132.29 
1131.3 
1131.235 
1130.445 
1130.405 
1129.785 
1129.82 
1128.85 
1129.11 
1128.6 
1128.98 
1128.7 
1129.17 
1128.995 
1129.525 
1130.03 
1130.77 
1130.825 
1131.7 
1131.885 
1132.85 
1133.225 
1134.29 
1134.32 
1135.55 
1136.025 
1137.36 
1137.945 
1139.225 
1139.875 
1141.215 
1142.35 
1143.81 
1144.46 
1145.92 
1146.7 
1148.115 
1148.745 
1150.165 
1150.55 
1151.875 
1152.465 
1153.785 
1154.29 
1155.505 
1155.93 
1157.025 
1157.875 
1158.825 
1159.015 
1159.905 
1160.07 
1160.775 
1160.67 
1161.305 
1160.71 
1161.16 
1160.81 
1161.095 
1160.63 
1160.71 
1160.06 
1160.01 
1159.7 
1159.555 
1158.555 
1158.295 
1157.215 
1156.745 
1155.545 
1154.935 
1153.285 
1152.56 
1151.145 
1150.325 
1148.895 
1148.02 
1146.375 
1145.515 
1144.355 
1143.45 
1141.745 
1140.7 
1139.125 
1138.11 
1136.45 
1135.465 
1133.465 
1132.56 
1130.925 
1130.085 
1128.58 
1127.785 
1126.185 
1125.54 
1124.66 
1124.05 
1122.745 
1122.255 
1121.205 
1120.8 
1119.81 
1119.59 
1118.38 
1118.36 
1117.635 
1117.75 
1117.135 
1117.41 
1116.925 
1117.34 
1117.505 
1118.135 
1117.935 
1118.62 
1118.7 
1119.51 
1119.63 
1120.64 
1120.515 
1121.57 
1121.865 
1123.05 
1123.595 
1124.785 
1125.355 
1126.57 
1127.69 
1129.05 
1129.69 
1131.05 
1131.735 
1133.09 
1133.69 
1135.11 
1135.45 
1136.725 
1137.325 
1138.555 
1139.095 
1140.305 
1140.84 
1141.885 
1142.745 
1143.69 
1143.965 
1144.88 
1145.02 
1145.76 
1145.735 
1146.405 
1145.855 
1146.36 
1146.095 
1146.365 
1146.02 
1146.175 
1145.595 
1145.695 
1145.43 
1145.32 
1144.505 
1144.28 
1143.325 
1142.92 
1141.885 
1141.43 
1139.905 
1139.375 
1138.035 
1137.38 
1136.07 
1135.33 
1133.885 
1133.15 
1132.08 
1131.31 
1129.795 
1128.995 
1127.48 
1126.7 
1125.17 
1124.455 
1122.62 
1121.81 
1120.43 
1119.795 
1118.36 
1117.81 
1116.48 
1116.045 
1115.36 
1114.895 
1113.795 
1113.605 
1112.72 
1112.46 
1111.715 
1111.685 
1110.64 
1110.77 
1110.325 
1110.565 
1110.225 
1110.64 
1110.405 
1111.0 
1111.435 
1112.09 
1112.16 
1113.06 
1113.28 
1114.24 
1114.585 
1115.665 
1115.795 
1117.015 
1117.475 
1118.805 
1119.52 
1120.915 
1121.575 
1122.99 
1124.145 
1125.665 
1126.48 
1127.99 
1128.825 
1130.3 
1131.1 
1132.62 
1133.0 
1134.475 
1135.205 
1136.59 
1137.22 
1138.53 
1139.11 
1140.325 
1141.315 
1142.47 
1142.705 
1143.74 
1144.07 
1144.885 
1144.955 
1145.74 
1145.275 
1145.93 
1145.695 
1146.165 
1145.88 
1146.185 
1145.615 
1145.785 
1145.705 
1145.715 
1144.97 
1144.825 
1143.94 
1143.655 
1142.71 
1142.32 
1140.88 
1140.425 
1139.16 
1138.65 
1137.39 
1136.79 
1135.43 
1134.7 
1133.805 
1133.085 
1131.565 
1130.88 
1129.48 
1128.775 
1127.295 
1126.62 
1124.82 
1124.135 
1122.725 
1122.115 
1120.805 
1120.3 
1119.03 
1118.65 
1117.945 
1117.54 
1116.49 
1116.275 
1115.345 
1115.16 
1114.345 
1114.395 
1113.46 
1113.525 
1113.045 
1113.26 
1112.97 
1113.31 
1113.1 
1113.665 
1114.0 
1114.66 
1114.66 
1115.45 
1115.68 
1116.665 
1116.955 
1117.965 
1117.965 
1119.195 
1119.635 
1120.88 
1121.55 
1122.81 
1123.485 
1124.815 
1125.935 
1127.395 
1128.125 
1129.59 
1130.36 
1131.745 
1132.445 
1133.87 
1134.285 
1135.585 
1136.24 
1137.615 
1138.31 
1139.515 
1139.98 
1141.225 
1142.07 
1143.155 
1143.5 
1144.475 
1144.72 
1145.535 
1145.58 
1146.36 
1145.885 
1146.385 
1146.27 
1146.605 
1146.335 
1146.62 
1146.12 
1146.315 
1146.185 
1146.165 
1145.395 
1145.38 
1144.465 
1144.22 
1143.23 
1142.905 
1141.5 
1141.005 
1139.865 
1139.33 
1138.14 
1137.475 
1136.19 
1135.49 
1134.62 
1133.91 
1132.535 
1131.89 
1130.515 
1129.79 
1128.425 
1127.715 
1126.025 
1125.38 
1124.065 
1123.475 
1122.17 
1121.66 
1120.46 
1120.09 
1119.475 
1119.075 
1118.015 
1117.83 
1117.015 
1116.9 
1116.14 
1116.19 
1115.185 
1115.27 
1114.72 
1115.01 
1114.685 
1115.05 
1114.82 
1115.35 
1115.775 
1116.395 
1116.475 
1117.225 
1117.385 
1118.31 
1118.59 
1119.6 
1119.6 
1120.7 
1121.115 
1122.335 
1122.85 
1124.045 
1124.67 
1125.96 
1127.01 
1128.38 
1129.03 
1130.415 
1131.035 
1132.34 
1132.98 
1134.295 
1134.65 
1135.86 
1136.385 
1137.635 
1138.07 
1139.315 
1139.65 
1140.68 
1141.495 
1142.4 
1142.58 
1143.49 
1143.59 
1144.245 
1144.22 
1144.825 
1144.205 
1144.72 
1144.385 
1144.74 
1144.345 
1144.505 
1143.84 
1143.88 
1143.685 
1143.575 
1142.79 
1142.535 
1141.615 
1141.34 
1140.345 
1139.92 
1138.395 
1137.945 
1136.62 
1136.1 
1134.835 
1134.165 
1132.82 
1132.13 
1131.28 
1130.59 
1129.07 
1128.43 
1127.095 
1126.315 
1124.87 
1124.275 
1122.54 
1121.925 
1120.57 
1119.97 
1118.705 
1118.22 
1117.07 
1116.58 
1116.025 
1115.645 
1114.68 
1114.465 
1113.635 
1113.465 
1112.745 
1112.745 
1111.77 
1111.86 
1111.365 
1111.595 
1111.265 
1111.66 
1111.375 
1111.935 
1112.255 
1112.875 
1112.89 
1113.68 
1113.795 
1114.655 
1114.935 
1115.825 
1115.765 
1116.8 
1117.2 
1118.26 
1118.83 
1119.985 
1120.465 
1121.72 
1122.745 
1123.97 
1124.545 
1125.825 
1126.505 
1127.72 
1128.2 
1129.515 
1129.65 
1130.845 
1131.33 
1132.51 
1132.875 
1133.93 
1134.285 
1135.27 
1136.035 
1136.97 
1136.96 
1137.875 
1137.965 
1138.615 
1138.56 
1139.115 
1138.555 
1139.01 
1138.635 
1139.005 
1138.59 
1138.795 
1138.215 
1138.32 
1138.17 
1138.14 
1137.37 
1137.21 
1136.36 
1136.135 
1135.185 
1134.82 
1133.53 
1133.205 
1132.02 
1131.58 
1130.41 
1129.905 
1128.685 
1128.15 
1127.435 
1126.895 
1125.6 
1125.145 
1123.94 
1123.43 
1122.155 
1121.72 
1120.2 
