Run 12 on 20200810 on sample T20-5d, LT thermometer,  dT/T0 = 0.02
Time per point = 3.125e-05 seconds
1338.725 
1338.28 
1338.655 
1338.29 
1338.72 
1338.33 
1338.695 
1338.1 
1338.38 
1337.985 
1338.46 
1338.08 
1338.475 
1338.11 
1338.365 
1338.485 
1338.875 
1338.565 
1338.89 
1338.635 
1338.89 
1338.485 
1338.985 
1338.205 
1338.535 
1338.175 
1338.51 
1338.195 
1338.61 
1338.215 
1338.5 
1338.67 
1339.01 
1338.63 
1338.985 
1338.645 
1339.015 
1338.705 
1338.99 
1338.435 
1338.84 
1338.37 
1338.725 
1338.36 
1338.695 
1338.29 
1338.74 
1338.76 
1339.14 
1338.79 
1339.085 
1338.765 
1339.135 
1338.79 
1339.155 
1338.41 
1338.745 
1338.345 
1338.66 
1338.365 
1338.68 
1338.315 
1338.68 
1338.73 
1339.13 
1338.72 
1339.02 
1338.735 
1339.015 
1338.64 
1339.065 
1338.365 
1338.705 
1338.335 
1338.63 
1338.31 
1338.63 
1338.235 
1338.6 
1338.725 
1338.945 
1338.585 
1339.02 
1338.605 
1338.965 
1338.62 
1338.925 
1338.17 
1338.58 
1338.155 
1338.465 
1338.14 
1338.445 
1338.09 
1338.43 
1338.515 
1338.87 
1338.54 
1338.84 
1338.495 
1338.85 
1338.455 
1338.82 
1338.06 
1338.3 
1337.86 
1338.36 
1337.955 
1338.31 
1337.87 
1338.23 
1338.3 
1338.73 
1338.28 
1338.615 
1338.315 
1338.555 
1338.225 
1338.575 
1337.78 
1338.12 
1337.79 
1338.11 
1337.685 
1337.985 
1337.68 
1337.98 
1338.08 
1338.355 
1337.92 
1338.335 
1337.955 
1338.3 
1337.97 
1338.23 
1337.52 
1337.875 
1337.415 
1337.775 
1337.4 
1337.65 
1337.28 
1337.68 
1337.7 
1338.095 
1337.67 
1337.97 
1337.61 
1338.015 
1337.555 
1337.94 
1337.165 
1337.46 
1337.1 
1337.425 
1337.075 
1337.43 
1336.98 
1337.315 
1337.42 
1337.74 
1337.29 
1337.695 
1337.325 
1337.62 
1337.24 
1337.665 
1336.97 
1337.31 
1336.895 
1337.205 
1336.85 
1337.2 
1336.805 
1337.135 
1337.25 
1337.555 
1337.12 
1337.57 
1337.17 
1337.56 
1337.14 
1337.54 
1336.845 
1337.2 
1336.755 
1337.16 
1336.835 
1337.155 
1336.805 
1337.15 
1337.24 
1337.655 
1337.27 
1337.63 
1337.32 
1337.665 
1337.325 
1337.665 
1337.105 
1337.385 
1337.03 
1337.465 
1337.13 
1337.53 
1337.185 
1337.425 
1337.56 
1337.97 
1337.62 
1337.935 
1337.66 
1338.015 
1337.62 
1338.07 
1337.3 
1337.62 
1337.345 
1337.67 
1337.295 
1337.665 
1337.27 
1337.695 
1337.795 
1338.075 
1337.76 
1338.175 
1337.83 
1338.175 
1337.79 
1338.12 
1337.395 
1337.84 
1337.445 
1337.78 
1337.425 
1337.765 
1337.35 
1337.79 
1337.83 
1338.175 
1337.825 
1338.16 
1337.825 
1338.215 
1337.825 
1338.205 
1337.52 
1337.785 
1337.365 
1337.75 
1337.435 
1337.715 
1337.425 
1337.755 
1337.8 
1338.185 
1337.78 
1338.09 
1337.82 
1338.15 
1337.785 
1338.14 
1337.44 
1337.755 
1337.395 
1337.695 
1337.3 
1337.69 
1337.25 
1337.595 
1337.75 
1338.01 
1337.705 
1338.06 
1337.73 
1338.05 
1337.69 
1338.005 
1337.24 
1337.64 
1337.21 
1337.59 
1337.295 
1337.56 
1337.215 
1337.565 
1337.67 
1338.015 
1337.6 
1337.95 
1337.67 
1337.95 
1337.58 
1337.99 
1337.32 
1337.6 
1337.215 
1337.575 
1337.21 
1337.56 
1337.17 
1337.51 
1337.565 
1337.97 
1337.56 
1337.915 
1337.615 
1337.845 
1337.48 
1337.835 
1337.07 
1337.395 
1337.035 
1337.265 
1336.99 
1337.35 
1336.945 
1337.3 
1337.395 
1337.58 
1337.23 
1337.6 
1337.265 
1337.54 
1337.215 
1337.5 
1336.76 
1337.12 
1336.685 
1337.005 
1336.64 
1336.91 
1336.52 
1336.895 
1336.935 
1337.23 
1336.81 
1337.175 
1336.78 
1337.12 
1336.705 
1337.04 
1336.29 
1336.53 
1336.17 
1336.515 
1336.07 
1336.41 
1336.06 
1336.33 
1336.38 
1336.745 
1336.28 
1336.625 
1336.325 
1336.535 
1336.17 
1336.535 
1335.69 
1335.995 
1335.63 
1335.975 
1335.535 
1335.865 
1335.505 
1335.835 
1335.895 
1336.185 
1335.805 
1336.195 
1335.815 
1336.135 
1335.845 
1336.07 
1335.33 
1335.67 
1335.28 
1335.575 
1335.35 
1335.54 
1335.27 
1335.625 
1335.67 
1335.935 
1335.71 
1335.98 
1335.725 
1336.025 
1335.67 
1336.015 
1335.285 
1335.595 
1335.215 
1335.61 
1335.26 
1335.565 
1335.195 
1335.49 
1335.625 
1336.0 
1335.605 
1335.92 
1335.66 
1335.915 
1335.52 
1335.995 
1335.205 
1335.505 
1335.205 
1335.4 
1335.075 
1335.365 
1335.055 
1335.42 
1335.52 
1335.755 
1335.345 
1335.705 
1335.35 
1335.69 
1335.32 
1335.585 
1334.945 
1335.27 
1334.86 
1335.195 
1334.86 
1335.055 
1334.62 
1334.985 
1334.96 
1335.305 
1334.835 
1335.195 
1334.75 
1335.085 
1334.565 
1334.895 
1334.135 
1334.405 
1333.955 
1334.29 
1333.805 
1334.135 
1333.685 
1333.86 
1333.92 
1334.245 
1333.74 
1333.995 
1333.64 
1333.855 
1333.415 
1333.695 
1332.955 
1333.1 
1332.765 
1332.955 
1332.48 
1332.75 
1332.245 
1332.53 
1332.525 
1332.75 
1332.275 
1332.51 
1332.015 
1332.27 
1331.765 
1332.04 
1331.13 
1331.43 
1330.895 
1331.085 
1330.63 
1330.85 
1330.35 
1330.65 
1330.55 
1330.745 
1330.325 
1330.49 
1330.01 
1330.21 
1329.715 
1329.925 
1329.14 
1329.325 
1328.675 
1328.97 
1328.405 
1328.535 
1328.105 
1328.25 
1328.135 
1328.35 
1327.79 
1327.955 
1327.495 
1327.635 
1326.955 
1327.225 
1326.305 
1326.465 
1325.905 
1326.04 
1325.52 
1325.675 
1325.06 
1325.245 
1325.125 
1325.255 
1324.66 
1324.845 
1324.255 
1324.34 
1323.855 
1323.99 
1323.065 
1323.165 
1322.585 
1322.705 
1322.135 
1322.255 
1321.595 
1321.82 
1321.615 
1321.69 
1321.185 
1321.24 
1320.675 
1320.855 
1320.245 
1320.365 
1319.33 
1319.41 
1318.825 
1318.975 
1318.325 
1318.47 
1317.86 
1317.965 
1317.815 
1317.93 
1317.295 
1317.47 
1316.885 
1316.94 
1316.425 
1316.49 
1315.485 
1315.675 
1315.025 
1315.055 
1314.46 
1314.685 
1314.025 
1314.12 
1313.99 
1314.175 
1313.505 
1313.7 
1313.075 
1313.22 
1312.675 
1312.765 
1311.875 
1311.965 
1311.35 
1311.525 
1310.945 
1311.085 
1310.48 
1310.64 
1310.555 
1310.685 
1310.135 
1310.245 
1309.72 
1309.865 
1309.295 
1309.47 
1308.57 
1308.675 
1308.155 
1308.32 
1307.765 
1307.915 
1307.385 
1307.48 
1307.42 
1307.61 
1306.96 
1307.175 
1306.69 
1306.815 
1306.285 
1306.47 
1305.505 
1305.645 
1305.165 
1305.22 
1304.77 
1304.955 
1304.405 
1304.5 
1304.525 
1304.57 
1304.08 
1304.28 
1303.795 
1303.9 
1303.435 
1303.565 
1302.605 
1302.81 
1302.185 
1302.405 
1301.91 
1302.03 
1301.44 
1301.685 
1301.56 
1301.765 
1301.225 
1301.375 
1300.89 
1301.09 
1300.505 
1300.74 
1299.765 
1299.96 
1299.415 
1299.605 
1299.13 
1299.185 
1298.735 
1298.885 
1298.765 
1298.975 
1298.46 
1298.605 
1298.175 
1298.29 
1297.775 
1298.005 
1297.04 
1297.195 
1296.76 
1296.865 
1296.4 
1296.57 
1296.06 
1296.17 
1296.16 
1296.345 
1295.87 
1296.045 
1295.555 
1295.68 
1295.275 
1295.37 
1294.46 
1294.705 
1294.15 
1294.33 
1293.955 
1294.055 
1293.52 
1293.84 
1293.72 
1293.83 
1293.455 
1293.615 
1293.175 
1293.345 
1292.82 
1293.03 
1292.16 
1292.315 
1291.77 
1292.015 
1291.51 
1291.64 
1291.205 
1291.3 
1291.275 
1291.56 
1290.895 
1291.16 
1290.695 
1290.87 
1290.285 
1290.56 
1289.585 
1289.785 
1289.315 
1289.42 
1288.935 
1289.145 
1288.55 
1288.715 
1288.735 
1288.805 
1288.3 
1288.505 
1288.005 
1288.17 
1287.755 
1287.805 
1286.915 
1287.16 
1286.55 
1286.76 
1286.24 
1286.42 
1285.87 
1286.09 
1285.94 
1286.09 
1285.6 
1285.72 
1285.275 
1285.46 
1284.865 
1285.11 
1284.17 
1284.255 
1283.74 
1283.985 
1283.475 
1283.655 
1283.15 
1283.26 
1283.135 
1283.34 
1282.9 
1283.02 
1282.565 
1282.665 
1282.22 
1282.365 
1281.44 
1281.58 
1281.065 
1281.23 
1280.7 
1280.945 
1280.45 
1280.59 
1280.57 
1280.735 
1280.2 
1280.47 
1279.955 
1280.155 
1279.745 
1279.88 
1278.94 
1279.175 
1278.715 
1278.88 
1278.475 
1278.575 
1278.11 
1278.375 
1278.385 
1278.48 
1278.125 
1278.27 
1277.9 
1278.115 
1277.685 
1277.81 
1277.01 
1277.18 
1276.72 
1276.985 
1276.56 
1276.745 
1276.395 
1276.49 
1276.54 
1276.705 
1276.3 
1276.535 
1276.17 
1276.31 
1275.85 
1276.145 
1275.235 
1275.385 
1275.01 
1275.22 
1274.79 
1275.05 
1274.56 
1274.815 
1274.86 
1274.95 
1274.565 
1274.855 
1274.435 
1274.6 
1274.155 
1274.435 
1273.51 
1273.765 
1273.26 
1273.52 
1273.12 
1273.3 
1272.85 
1273.13 
1273.095 
1273.39 
1272.96 
1273.19 
1272.765 
1273.01 
1272.54 
1272.79 
1271.94 
1272.215 
1271.77 
1272.085 
1271.545 
1271.755 
1271.465 
1271.645 
1271.645 
1271.88 
1271.5 
1271.675 
1271.4 
1271.565 
1271.215 
1271.48 
1270.61 
1270.81 
1270.415 
1270.63 
1270.22 
1270.57 
1270.105 
1270.39 
1270.41 
1270.61 
1270.225 
1270.495 
1270.145 
1270.415 
1269.95 
1270.21 
1269.395 
1269.66 
1269.24 
1269.5 
1269.185 
1269.38 
1268.965 
1269.345 
1269.33 
1269.525 
1269.255 
1269.46 
1269.06 
1269.415 
1268.885 
1269.21 
1268.4 
1268.64 
1268.225 
1268.52 
1268.13 
1268.395 
1268.01 
1268.185 
1268.215 
1268.55 
1268.13 
1268.39 
1268.08 
1268.245 
1267.86 
1268.16 
1267.27 
1267.485 
1267.22 
1267.37 
1266.99 
1267.33 
1266.85 
1267.105 
1267.135 
1267.335 
1266.975 
1267.245 
1266.845 
1267.085 
1266.7 
1266.895 
1266.02 
1266.36 
1265.82 
1266.115 
1265.775 
1265.91 
1265.495 
1265.8 
1265.765 
1265.985 
1265.54 
1265.82 
1265.4 
1265.68 
1265.21 
1265.445 
1264.62 
1264.835 
1264.415 
1264.69 
1264.22 
1264.495 
1264.04 
1264.26 
1264.23 
1264.615 
1264.075 
1264.275 
1263.895 
1264.05 
1263.63 
1263.92 
1263.145 
1263.395 
1262.905 
1263.16 
1262.715 
1262.995 
1262.535 
1262.735 
1262.825 
1263.055 
1262.53 
1262.89 
1262.415 
1262.69 
1262.21 
1262.465 
1261.695 
1261.97 
1261.515 
1261.735 
1261.42 
1261.59 
1261.165 
1261.5 
1261.515 
1261.785 
1261.36 
1261.645 
1261.225 
1261.545 
1261.065 
1261.35 
1260.655 
1260.825 
1260.43 
1260.7 
1260.305 
1260.575 
1260.175 
1260.425 
1260.47 
1260.72 
1260.35 
1260.635 
1260.27 
1260.44 
1260.095 
1260.385 
1259.56 
1259.82 
1259.455 
1259.695 
1259.25 
1259.54 
1259.15 
1259.41 
1259.535 
1259.695 
1259.285 
1259.59 
1259.275 
1259.44 
1259.065 
1259.34 
1258.5 
1258.85 
1258.34 
1258.635 
1258.28 
1258.55 
1258.115 
1258.45 
1258.43 
1258.71 
1258.315 
1258.555 
1258.155 
1258.51 
1258.025 
1258.355 
1257.57 
1257.85 
1257.42 
1257.725 
1257.315 
1257.62 
1257.145 
1257.495 
1257.425 
1257.78 
1257.33 
1257.68 
1257.29 
1257.545 
1257.155 
1257.515 
1256.645 
1256.935 
1256.505 
1256.79 
1256.405 
1256.74 
1256.23 
1256.555 
1256.65 
1256.895 
1256.53 
1256.825 
1256.44 
1256.76 
1256.3 
1256.645 
1255.81 
1256.135 
1255.67 
1255.975 
1255.605 
1255.95 
1255.45 
1255.85 
1255.84 
1256.145 
1255.805 
1256.085 
1255.705 
1256.045 
1255.6 
1255.945 
1255.165 
1255.47 
1255.04 
1255.38 
1255.005 
1255.27 
1254.87 
1255.135 
1255.165 
1255.56 
1255.09 
1255.41 
1255.075 
1255.335 
1254.97 
1255.255 
1254.37 
1254.675 
1254.365 
1254.535 
1254.225 
1254.54 
1254.135 
1254.34 
1254.45 
1254.665 
1254.275 
1254.605 
1254.165 
1254.475 
1254.075 
1254.385 
1253.565 
1253.88 
1253.445 
1253.73 
1253.37 
1253.58 
1253.2 
1253.535 
1253.525 
1253.82 
1253.35 
1253.655 
1253.285 
1253.66 
1253.12 
1253.43 
1252.66 
1252.87 
1252.45 
1252.78 
1252.37 
1252.685 
1252.195 
1252.495 
1252.48 
1252.82 
1252.345 
1252.65 
1252.265 
1252.545 
1252.06 
1252.445 
1251.625 
1251.86 
1251.45 
1251.71 
1251.295 
1251.62 
1251.155 
1251.415 
1251.51 
1251.745 
1251.34 
1251.685 
1251.255 
1251.505 
1251.21 
1251.47 
1250.585 
1250.84 
1250.515 
1250.74 
1250.41 
1250.6 
1250.29 
1250.595 
1250.625 
1250.9 
1250.5 
1250.745 
1250.44 
1250.745 
1250.36 
1250.65 
1249.87 
1250.13 
1249.73 
1250.05 
1249.635 
1249.95 
1249.59 
1249.77 
1249.84 
1250.275 
1249.775 
1250.08 
1249.815 
1249.995 
1249.66 
1249.98 
1249.15 
1249.45 
1249.065 
1249.315 
1248.935 
1249.305 
1248.86 
1249.165 
1249.225 
1249.525 
1249.1 
1249.51 
1249.095 
1249.395 
1249.02 
1249.335 
1248.575 
1248.92 
1248.545 
1248.82 
1248.535 
1248.73 
1248.415 
1248.72 
1248.775 
1249.115 
1248.75 
1249.06 
1248.67 
1249.03 
1248.62 
1248.95 
1248.205 
1248.485 
1248.105 
1248.45 
1248.055 
1248.425 
1248.03 
1248.255 
1248.38 
1248.76 
1248.355 
1248.685 
1248.395 
1248.665 
1248.335 
1248.7 
1247.935 
1248.165 
1247.795 
1248.185 
1247.825 
1248.19 
1247.805 
1248.08 
1248.23 
1248.5 
1248.11 
1248.51 
1248.115 
1248.455 
1248.14 
1248.45 
1247.67 
1248.115 
1247.705 
1248.045 
1247.745 
1248.035 
1247.665 
1248.085 
1248.175 
1248.445 
1248.125 
1248.395 
1248.09 
1248.425 
1248.095 
1248.455 
1247.76 
1247.99 
1247.71 
1248.095 
1247.72 
1248.025 
1247.695 
1248.04 
1248.035 
1248.46 
1248.025 
1248.39 
1248.075 
1248.355 
1248.035 
1248.39 
1247.57 
1247.85 
1247.565 
1247.83 
1247.485 
1247.825 
1247.515 
1247.735 
1247.91 
1248.21 
1247.84 
1248.175 
1247.815 
1248.1 
1247.77 
1248.085 
1247.32 
1247.645 
1247.25 
1247.585 
1247.255 
1247.455 
1247.135 
1247.475 
1247.53 
1247.895 
1247.53 
1247.78 
1247.53 
1247.755 
1247.395 
1247.74 
1246.98 
1247.255 
1246.875 
1247.18 
1246.75 
1247.135 
1246.76 
1247.045 
1247.105 
1247.47 
1247.015 
1247.375 
1247.005 
1247.295 
1246.8 
1247.27 
1246.515 
1246.81 
1246.46 
1246.775 
1246.38 
1246.675 
1246.3 
1246.595 
1246.695 
1246.895 
1246.545 
1246.935 
1246.575 
1246.85 
1246.52 
1246.79 
1246.035 
1246.39 
1245.96 
1246.26 
1245.965 
1246.175 
1245.825 
1246.165 
1246.225 
1246.53 
1246.18 
1246.455 
1246.15 
1246.455 
1246.065 
1246.415 
1245.67 
1245.95 
1245.51 
1245.865 
1245.53 
1245.83 
1245.425 
1245.685 
1245.76 
1246.125 
1245.675 
1246.02 
1245.69 
1245.965 
1245.59 
1246.005 
1245.17 
1245.415 
1245.035 
1245.36 
1244.92 
1245.265 
1244.83 
1245.1 
1245.245 
1245.525 
1245.08 
1245.445 
1245.11 
1245.38 
1244.995 
1245.32 
1244.6 
1244.885 
1244.485 
1244.785 
1244.49 
1244.73 
1244.325 
1244.67 
1244.71 
1245.03 
1244.65 
1244.92 
1244.575 
1244.915 
1244.49 
1244.825 
1244.09 
1244.36 
1243.925 
1244.34 
1243.905 
1244.24 
1243.9 
1244.125 
1244.215 
1244.58 
1244.175 
1244.46 
1244.205 
1244.385 
1244.055 
1244.425 
1243.64 
1243.945 
1243.6 
1243.895 
1243.535 
1243.895 
1243.525 
1243.83 
1243.955 
1244.21 
1243.865 
1244.265 
1243.93 
1244.24 
1243.86 
1244.19 
1243.485 
1243.81 
1243.475 
1243.8 
1243.47 
1243.83 
1243.485 
1243.885 
1243.915 
1244.245 
1243.97 
1244.235 
1243.945 
1244.415 
1244.025 
1244.295 
1243.735 
1244.08 
1243.715 
1244.155 
1243.78 
1244.13 
1243.875 
1244.12 
1244.255 
1244.59 
1244.24 
1244.595 
1244.305 
1244.595 
1244.305 
1244.71 
1243.895 
1244.185 
1243.91 
1244.22 
1243.855 
1244.285 
1243.885 
1244.235 
1244.335 
1244.67 
1244.28 
1244.725 
1244.315 
1244.705 
1244.355 
1244.655 
1243.885 
1244.25 
1243.875 
1244.22 
1243.895 
1244.14 
1243.785 
1244.21 
1244.265 
1244.59 
1244.265 
1244.585 
1244.26 
1244.535 
1244.195 
1244.525 
1243.815 
1244.035 
1243.675 
1244.09 
1243.7 
1244.035 
1243.65 
1243.945 
1244.055 
1244.41 
1243.955 
1244.31 
1244.025 
1244.275 
1243.945 
1244.275 
1243.48 
1243.78 
1243.425 
1243.77 
1243.375 
1243.76 
1243.4 
1243.695 
1243.76 
1244.03 
1243.67 
1244.05 
1243.68 
1243.995 
1243.68 
1243.965 
1243.19 
1243.51 
1243.095 
1243.455 
1243.15 
1243.435 
1243.06 
1243.495 
1243.475 
1243.845 
1243.46 
1243.795 
1243.475 
1243.79 
1243.365 
1243.74 
1242.98 
1243.26 
1242.895 
1243.25 
1242.905 
1243.175 
1242.815 
1243.08 
1243.205 
1243.61 
1243.095 
1243.45 
1243.18 
1243.475 
1243.06 
1243.47 
1242.67 
1242.97 
1242.525 
1242.885 
1242.49 
1242.88 
1242.445 
1242.805 
1242.865 
1243.17 
1242.79 
1243.195 
1242.77 
1243.155 
1242.75 
1242.97 
1242.285 
1242.58 
1242.24 
1242.52 
1242.17 
1242.445 
1242.07 
1242.42 
1242.5 
1242.765 
1242.505 
1242.725 
1242.36 
1242.765 
1242.345 
1242.7 
1241.935 
1242.14 
1241.79 
1242.2 
1241.795 
1242.16 
1241.765 
1242.095 
1242.12 
1242.45 
1242.065 
1242.425 
1242.15 
1242.415 
1242.005 
1242.41 
1241.625 
1241.93 
1241.605 
1241.935 
1241.495 
1241.87 
1241.53 
1241.84 
1241.965 
1242.295 
1241.89 
1242.27 
1241.965 
1242.275 
1241.965 
1242.29 
1241.545 
1241.925 
1241.495 
1241.905 
1241.585 
1241.9 
1241.525 
1241.985 
1242.04 
1242.435 
1242.055 
1242.395 
1242.08 
1242.5 
1242.075 
1242.535 
1241.82 
1242.055 
1241.785 
1242.205 
1241.81 
1242.125 
1241.845 
1242.195 
1242.25 
1242.635 
1242.3 
1242.69 
1242.385 
1242.65 
1242.28 
1242.72 
1242.01 
1242.34 
1241.93 
1242.345 
1241.98 
1242.35 
1241.955 
1242.365 
1242.51 
1242.865 
1242.425 
1242.84 
1242.53 
1242.83 
1242.515 
1242.78 
1242.07 
1242.505 
1242.075 
1242.505 
1242.16 
1242.495 
1242.065 
1242.505 
1242.555 
1242.905 
1242.605 
1242.975 
1242.59 
1243.05 
1242.55 
1243.015 
1242.245 
1242.56 
1242.175 
1242.545 
1242.205 
1242.595 
1242.27 
1242.535 
1242.61 
1242.99 
1242.64 
1242.965 
1242.695 
1242.96 
1242.56 
1242.98 
1242.28 
1242.62 
1242.245 
1242.625 
1242.24 
1242.66 
1242.165 
1242.52 
1242.7 
1242.99 
1242.575 
1242.965 
1242.64 
1242.965 
1242.585 
1242.99 
1242.185 
1242.56 
1242.205 
1242.575 
1242.25 
1242.525 
1242.165 
1242.575 
1242.62 
1242.965 
1242.62 
1242.91 
1242.615 
1242.975 
1242.545 
1242.955 
1242.215 
1242.5 
1242.065 
1242.445 
1242.125 
1242.47 
1242.06 
1242.38 
1242.45 
1242.81 
1242.365 
1242.775 
1242.48 
1242.73 
1242.34 
1242.67 
1241.86 
1242.215 
1241.82 
1242.055 
1241.73 
1242.125 
1241.64 
1241.935 
1242.06 
1242.305 
1241.93 
1242.26 
1241.905 
1242.24 
1241.835 
1242.13 
1241.415 
1241.79 
1241.325 
1241.625 
1241.32 
1241.595 
1241.12 
1241.505 
1241.495 
1241.89 
1241.485 
1241.775 
1241.43 
1241.785 
1241.335 
1241.755 
1240.925 
1241.23 
1240.82 
1241.205 
1240.81 
1241.09 
1240.715 
1241.065 
1241.1 
1241.425 
1241.06 
1241.405 
1241.025 
1241.37 
1240.925 
1241.345 
1240.585 
1240.91 
1240.56 
1240.885 
1240.515 
1240.88 
1240.48 
1240.855 
1240.96 
1241.235 
1240.89 
1241.27 
1240.905 
1241.265 
1240.9 
1241.275 
1240.54 
1240.885 
1240.505 
1240.915 
1240.525 
1240.875 
1240.535 
1240.935 
1241.06 
1241.39 
1240.98 
1241.365 
1241.06 
1241.42 
1241.015 
1241.4 
1240.81 
1241.085 
1240.735 
1241.13 
1240.805 
1241.165 
1240.78 
1241.105 
1241.235 
1241.655 
1241.25 
1241.615 
1241.3 
1241.63 
1241.19 
1241.615 
1240.85 
1241.215 
1240.91 
1241.17 
1240.88 
1241.255 
1240.88 
1241.185 
1241.355 
1241.62 
1241.23 
1241.745 
1241.29 
1241.675 
1241.27 
1241.64 
1240.94 
1241.295 
1240.92 
1241.25 
1240.945 
1241.215 
1240.855 
1241.275 
1241.315 
1241.735 
1241.33 
1241.655 
1241.265 
1241.735 
1241.255 
1241.695 
1241.005 
1241.295 
1240.915 
1241.295 
1240.92 
1241.26 
1240.84 
1241.205 
1241.33 
1241.695 
1241.24 
1241.665 
1241.35 
1241.685 
1241.275 
1241.61 
1240.955 
1241.295 
1240.895 
1241.305 
1240.91 
1241.345 
1240.975 
1241.31 
1241.445 
1241.745 
1241.425 
1241.825 
1241.48 
1241.845 
1241.44 
1241.76 
1241.06 
1241.45 
1241.07 
1241.415 
1241.1 
1241.52 
1241.025 
1241.52 
1241.57 
1241.935 
1241.56 
1241.94 
1241.6 
1241.96 
1241.585 
1241.965 
1241.295 
1241.595 
1241.16 
1241.58 
1241.255 
1241.555 
1241.225 
1241.525 
1241.625 
1242.07 
1241.585 
1241.945 
1241.685 
1241.94 
1241.55 
1241.985 
1241.15 
1241.53 
1241.125 
1241.4 
1241.01 
1241.405 
1241.015 
1241.355 
1241.43 
1241.715 
1241.325 
1241.71 
1241.335 
1241.645 
1241.26 
1241.58 
1240.935 
1241.26 
1240.89 
1241.22 
1240.89 
1241.095 
1240.69 
1241.11 
1241.13 
1241.42 
1241.05 
1241.4 
1240.955 
1241.38 
1240.88 
1241.285 
1240.475 
1240.82 
1240.395 
1240.785 
1240.36 
1240.68 
1240.275 
1240.57 
1240.615 
1241.05 
1240.58 
1240.945 
1240.6 
1240.885 
1240.55 
1240.93 
1240.135 
1240.455 
1240.075 
1240.37 
1239.99 
1240.39 
1239.955 
1240.345 
1240.395 
1240.725 
1240.32 
1240.765 
1240.37 
1240.77 
1240.33 
1240.675 
1239.945 
1240.305 
1239.935 
1240.275 
1239.99 
1240.26 
1239.94 
1240.39 
1240.39 
1240.76 
1240.41 
1240.745 
1240.385 
1240.845 
1240.425 
1240.825 
1240.19 
1240.46 
1240.05 
1240.51 
1240.17 
1240.505 
1240.11 
1240.39 
1240.56 
1240.96 
1240.585 
1240.945 
1240.66 
1240.91 
1240.535 
1241.015 
1240.235 
1240.525 
1240.175 
1240.47 
1240.085 
1240.625 
1240.14 
1240.535 
1240.63 
1240.965 
1240.505 
1240.97 
1240.645 
1240.96 
1240.575 
1240.95 
1240.2 
1240.59 
1240.175 
1240.525 
1240.22 
1240.525 
1240.13 
1240.575 
1240.64 
1240.905 
1240.615 
1240.98 
1240.57 
1240.96 
1240.54 
1240.895 
1240.16 
1240.545 
1240.1 
1240.52 
1240.15 
1240.44 
1240.105 
1240.435 
1240.48 
1240.91 
1240.52 
1240.845 
1240.57 
1240.905 
1240.435 
1240.925 
1240.255 
1240.58 
1240.275 
1240.63 
1240.19 
1240.605 
1240.22 
1240.54 
1240.735 
1241.005 
1240.63 
1241.015 
1240.7 
1241.03 
1240.725 
1241.1 
1240.31 
1240.735 
1240.31 
1240.695 
1240.455 
1240.725 
1240.41 
1240.81 
1240.9 
1241.265 
1240.89 
1241.285 
1240.925 
1241.39 
1240.925 
1241.37 
1240.66 
1240.95 
1240.575 
1241.035 
1240.675 
1241.04 
1240.66 
1241.025 
1241.1 
1241.51 
1241.085 
1241.48 
1241.145 
1241.5 
1241.05 
1241.465 
1240.715 
1241.04 
1240.7 
1241.035 
1240.685 
1241.045 
1240.61 
1240.99 
1241.155 
1241.425 
1241.015 
1241.4 
1241.04 
1241.43 
1241.0 
1241.28 
1240.605 
1240.99 
1240.605 
1240.88 
1240.645 
1240.91 
1240.54 
1240.915 
1240.975 
1241.275 
1240.955 
1241.265 
1240.875 
1241.285 
1240.875 
1241.185 
1240.47 
1240.705 
1240.3 
1240.73 
1240.345 
1240.615 
1240.305 
1240.585 
1240.655 
1241.135 
1240.63 
1240.93 
1240.655 
1240.955 
1240.53 
1240.93 
1240.165 
1240.58 
1240.16 
1240.48 
1240.185 
1240.52 
1240.08 
1240.415 
1240.54 
1240.835 
1240.45 
1240.935 
1240.515 
1240.86 
1240.475 
1240.84 
1240.075 
1240.485 
1240.045 
1240.365 
1240.075 
1240.41 
1240.045 
1240.465 
1240.58 
1240.895 
1240.5 
1240.845 
1240.49 
1240.885 
1240.565 
1240.88 
1240.36 
1240.575 
1240.28 
1240.655 
1240.265 
1240.575 
1240.235 
1240.55 
1240.655 
1241.05 
1240.625 
1241.005 
1240.675 
1240.995 
1240.665 
1241.05 
1240.295 
1240.615 
1240.27 
1240.575 
1240.245 
1240.575 
1240.155 
1240.575 
1240.68 
1240.99 
1240.625 
1241.035 
1240.69 
1241.065 
1240.66 
1241.025 
1240.32 
1240.76 
1240.305 
1240.665 
1240.37 
1240.65 
1240.22 
1240.725 
1240.78 
1241.1 
1240.78 
1241.12 
1240.835 
1241.185 
1240.77 
1241.145 
1240.445 
1240.74 
1240.33 
1240.795 
1240.405 
1240.755 
1240.385 
1240.68 
1240.87 
1241.29 
1240.86 
1241.215 
1240.94 
1241.215 
1240.815 
1241.23 
1240.61 
1240.88 
1240.58 
1240.915 
1240.575 
1241.0 
1240.575 
1240.99 
1241.075 
1241.415 
1241.05 
1241.5 
1241.13 
1241.485 
1241.2 
1241.515 
1240.785 
1241.165 
1240.845 
1241.15 
1240.89 
1241.215 
1240.81 
1241.285 
1241.365 
1241.695 
1241.34 
1241.755 
1241.425 
1241.775 
1241.36 
1241.75 
1241.13 
1241.37 
1241.025 
1241.435 
1241.08 
1241.405 
1241.08 
1241.35 
1241.52 
1241.9 
1241.395 
1241.79 
1241.525 
1241.755 
1241.38 
1241.82 
1241.04 
1241.35 
1241.03 
1241.33 
1240.92 
1241.345 
1240.91 
1241.24 
1241.435 
1241.64 
1241.245 
1241.665 
1241.26 
1241.54 
1241.175 
1241.54 
1240.82 
1241.17 
1240.765 
1241.09 
1240.745 
1241.08 
1240.695 
1241.075 
1241.11 
1241.425 
1241.015 
1241.365 
1240.95 
1241.37 
1240.875 
1241.25 
1240.53 
1240.75 
1240.365 
1240.745 
1240.41 
1240.715 
1240.295 
1240.605 
1240.635 
1241.035 
1240.61 
1240.895 
1240.665 
1240.925 
1240.505 
1240.875 
1240.105 
1240.445 
1240.055 
1240.345 
1240.0 
1240.32 
1239.905 
1240.255 
1240.35 
1240.635 
1240.25 
1240.61 
1240.275 
1240.66 
1240.24 
1240.565 
1239.85 
1240.205 
1239.765 
1240.155 
1239.83 
1240.07 
1239.71 
1240.11 
1240.235 
1240.54 
1240.185 
1240.53 
1240.195 
1240.52 
1240.165 
1240.52 
1239.82 
1240.14 
1239.73 
1240.105 
1239.78 
1240.065 
1239.745 
1240.03 
1240.205 
1240.505 
1240.075 
1240.465 
1240.115 
1240.465 
1240.08 
1240.51 
1239.685 
1240.05 
1239.69 
1239.97 
1239.62 
1240.015 
1239.55 
1239.945 
1240.105 
1240.365 
1240.005 
1240.405 
1240.085 
1240.365 
1240.085 
1240.36 
1239.6 
1240.035 
1239.6 
1239.97 
1239.64 
1239.95 
1239.6 
1239.98 
1240.045 
1240.375 
1240.07 
1240.355 
1240.055 
1240.42 
1240.045 
1240.46 
1239.7 
1240.01 
1239.65 
1240.06 
1239.655 
1239.965 
1239.675 
1240.01 
1240.13 
1240.45 
1240.11 
1240.45 
1240.21 
1240.455 
1240.145 
1240.58 
1239.89 
1240.205 
1240.0 
1240.3 
1239.94 
1240.33 
1239.97 
1240.28 
1240.475 
1240.815 
1240.445 
1240.865 
1240.57 
1240.82 
1240.555 
1240.885 
1240.205 
1240.595 
1240.225 
1240.585 
1240.325 
1240.65 
1240.25 
1240.755 
1240.83 
1241.2 
1240.935 
1241.225 
1240.935 
1241.385 
1240.995 
1241.33 
1240.67 
1240.975 
1240.575 
1241.015 
1240.695 
1241.025 
1240.78 
1241.055 
1241.195 
1241.575 
1241.17 
1241.56 
1241.3 
1241.61 
1241.225 
1241.69 
1240.86 
1241.27 
1240.92 
1241.205 
1240.865 
1241.305 
1240.845 
1241.27 
1241.45 
1241.705 
1241.36 
1241.745 
1241.415 
1241.745 
1241.385 
1241.695 
1240.985 
1241.375 
1241.01 
1241.355 
1241.045 
1241.31 
1240.935 
1241.355 
1241.425 
1241.705 
1241.335 
1241.69 
1241.37 
1241.75 
1241.335 
1241.75 
1240.985 
1241.285 
1240.86 
1241.245 
1240.81 
1241.145 
1240.81 
1241.12 
1241.2 
1241.62 
1241.155 
1241.51 
1241.13 
1241.465 
1241.115 
1241.485 
1240.695 
1241.035 
1240.65 
1240.97 
1240.635 
1241.0 
1240.55 
1240.85 
1241.005 
1241.315 
1240.87 
1241.315 
1240.97 
1241.26 
1240.905 
1241.22 
1240.515 
1240.92 
1240.495 
1240.85 
1240.5 
1240.805 
1240.36 
1240.805 
1240.895 
1241.23 
1240.915 
1241.215 
1240.815 
1241.22 
1240.855 
1241.19 
1240.61 
1240.82 
1240.485 
1240.89 
1240.55 
1240.815 
1240.46 
1240.795 
1240.825 
1241.295 
1240.81 
1241.28 
1240.965 
1241.28 
1240.845 
1241.33 
1240.53 
1240.78 
1240.52 
1240.82 
1240.405 
1240.81 
1240.365 
1240.72 
1240.855 
1241.2 
1240.795 
1241.16 
1240.83 
1241.15 
1240.77 
1241.12 
1240.4 
1240.79 
1240.38 
1240.68 
1240.395 
1240.675 
1240.325 
1240.68 
1240.72 
1241.085 
1240.715 
1241.035 
1240.695 
1241.145 
1240.705 
1241.005 
1240.36 
1240.625 
1240.275 
1240.59 
1240.3 
1240.665 
1240.21 
1240.495 
1240.655 
1241.055 
1240.58 
1240.985 
1240.64 
1240.925 
1240.55 
1240.97 
1240.235 
1240.53 
1240.2 
1240.52 
1240.155 
1240.525 
1240.115 
1240.465 
1240.585 
1240.86 
1240.56 
1240.895 
1240.575 
1240.91 
1240.63 
1240.855 
1240.135 
1240.57 
1240.13 
1240.565 
1240.245 
1240.475 
1240.145 
1240.55 
1240.625 
1240.99 
1240.625 
1240.945 
1240.65 
1241.05 
1240.615 
1240.97 
1240.265 
1240.595 
1240.275 
1240.64 
1240.275 
1240.58 
1240.245 
1240.555 
1240.69 
1241.055 
1240.65 
1240.99 
1240.74 
1241.025 
1240.61 
1241.045 
1240.31 
1240.63 
1240.28 
1240.6 
1240.275 
1240.575 
1240.18 
1240.565 
1240.675 
1240.96 
1240.585 
1241.01 
1240.635 
1240.985 
1240.645 
1240.9 
1240.27 
1240.655 
1240.215 
1240.615 
1240.26 
1240.57 
1240.17 
1240.59 
1240.605 
1240.97 
1240.56 
1240.9 
1240.53 
1240.98 
1240.49 
1240.95 
1240.16 
1240.41 
1240.04 
1240.44 
1240.05 
1240.4 
1239.99 
1240.37 
1240.385 
1240.745 
1240.35 
1240.675 
1240.39 
1240.7 
1240.25 
1240.68 
1239.865 
1240.17 
1239.85 
1240.2 
1239.76 
1240.12 
1239.695 
1240.125 
1240.23 
1240.46 
1240.105 
1240.55 
1240.185 
1240.425 
1240.07 
1240.4 
1239.705 
1240.06 
1239.665 
1239.925 
1239.665 
1239.94 
1239.61 
1239.955 
1240.025 
1240.375 
1239.955 
1240.325 
1239.98 
1240.345 
1239.915 
1240.28 
1239.635 
1239.885 
1239.47 
1239.915 
1239.535 
1239.825 
1239.505 
1239.79 
1239.865 
1240.275 
1239.8 
1240.24 
1239.855 
1240.16 
1239.735 
1240.17 
1239.395 
1239.73 
1239.325 
1239.625 
1239.27 
1239.645 
1239.265 
1239.605 
1239.73 
1239.955 
1239.555 
1239.94 
1239.585 
1239.92 
1239.55 
1239.885 
1239.12 
1239.515 
1239.095 
1239.455 
1239.14 
1239.405 
1239.055 
1239.39 
1239.525 
1239.81 
1239.495 
1239.775 
1239.455 
1239.905 
1239.405 
1239.775 
1239.06 
1239.335 
1239.0 
1239.315 
1239.025 
1239.325 
1238.95 
1239.305 
1239.45 
1239.79 
1239.45 
1239.73 
1239.485 
1239.79 
1239.41 
1239.85 
1239.14 
1239.535 
1239.215 
1239.56 
1239.185 
1239.6 
1239.19 
1239.58 
1239.73 
1240.01 
1239.65 
1240.095 
1239.765 
1240.16 
1239.825 
1240.125 
1239.42 
1239.82 
1239.445 
1239.84 
1239.6 
1239.89 
1239.56 
1240.005 
1240.1 
1240.43 
1240.1 
1240.45 
1240.195 
1240.56 
1240.16 
1240.58 
1239.92 
1240.255 
1239.92 
1240.34 
1239.895 
1240.285 
1239.99 
1240.32 
1240.475 
1240.915 
1240.475 
1240.855 
1240.525 
1240.855 
1240.495 
1240.945 
1240.245 
1240.545 
1240.245 
1240.54 
1240.235 
1240.67 
1240.23 
1240.595 
1240.775 
1241.055 
1240.7 
1241.09 
1240.69 
1241.035 
1240.76 
1241.075 
1240.42 
1240.78 
1240.405 
1240.75 
1240.43 
1240.755 
1240.395 
1240.745 
1240.88 
1241.17 
1240.86 
1241.205 
1240.865 
1241.24 
1240.86 
1241.225 
1240.5 
1240.835 
1240.405 
1240.73 
1240.425 
1240.74 
1240.335 
1240.635 
1240.8 
1241.155 
1240.85 
1241.14 
1240.815 
1241.135 
1240.785 
1241.185 
1240.425 
1240.695 
1240.36 
1240.665 
1240.33 
1240.675 
1240.325 
1240.645 
1240.81 
1241.155 
1240.725 
1241.08 
1240.76 
1241.085 
1240.785 
1241.05 
1240.35 
1240.745 
1240.255 
1240.6 
1240.33 
1240.62 
1240.265 
1240.655 
1240.715 
1241.08 
1240.715 
1241.02 
1240.695 
1241.055 
1240.66 
1241.035 
1240.465 
1240.73 
1240.37 
1240.72 
1240.315 
1240.715 
1240.33 
1240.56 
1240.665 
1241.03 
1240.59 
1240.965 
1240.645 
1240.92 
1240.49 
1240.9 
1240.09 
