Run 0 on 20200811 on sample T20-5d, LT thermometer,  dT/T0 = 0.02
Time per point = 3.125e-05 seconds
-1538.485 
-1538.93 
-1538.535 
-1538.735 
-1538.28 
-1538.49 
-1537.955 
-1538.49 
-1537.925 
-1537.995 
-1537.39 
-1537.345 
-1536.65 
-1536.625 
-1535.895 
-1535.34 
-1534.555 
-1534.47 
-1533.62 
-1533.45 
-1532.645 
-1532.45 
-1531.575 
-1531.815 
-1530.985 
-1530.805 
-1529.99 
-1529.85 
-1529.03 
-1528.92 
-1528.075 
-1527.525 
-1526.81 
-1526.66 
-1525.945 
-1525.87 
-1525.23 
-1525.23 
-1524.56 
-1524.985 
-1524.375 
-1524.52 
-1524.025 
-1524.18 
-1523.735 
-1523.985 
-1523.47 
-1523.33 
-1522.885 
-1523.365 
-1523.03 
-1523.36 
-1523.06 
-1523.56 
-1523.265 
-1524.23 
-1524.035 
-1524.59 
-1524.365 
-1524.885 
-1524.835 
-1525.5 
-1525.47 
-1525.545 
-1525.535 
-1526.195 
-1526.16 
-1526.84 
-1526.86 
-1527.54 
-1527.575 
-1528.65 
-1528.625 
-1529.385 
-1529.4 
-1530.105 
-1530.135 
-1530.865 
-1530.86 
-1531.015 
-1531.03 
-1531.725 
-1531.61 
-1532.2 
-1532.055 
-1532.64 
-1532.545 
-1533.505 
-1533.355 
-1533.745 
-1533.565 
-1533.94 
-1533.64 
-1534.02 
-1533.535 
-1533.45 
-1532.975 
-1533.225 
-1532.64 
-1532.74 
-1532.225 
-1532.245 
-1531.545 
-1532.035 
-1531.24 
-1531.25 
-1530.45 
-1530.38 
-1529.455 
-1529.355 
-1528.465 
-1527.815 
-1526.865 
-1526.635 
-1525.7 
-1525.415 
-1524.49 
-1524.24 
-1523.215 
-1523.415 
-1522.465 
-1522.18 
-1521.235 
-1521.0 
-1520.055 
-1519.835 
-1518.95 
-1518.33 
-1517.5 
-1517.33 
-1516.56 
-1516.38 
-1515.68 
-1515.545 
-1514.81 
-1515.25 
-1514.58 
-1514.705 
-1514.065 
-1514.14 
-1513.625 
-1513.815 
-1513.28 
-1513.055 
-1512.535 
-1512.975 
-1512.47 
-1512.825 
-1512.51 
-1512.885 
-1512.535 
-1513.46 
-1513.23 
-1513.715 
-1513.535 
-1513.995 
-1513.89 
-1514.44 
-1514.295 
-1514.53 
-1514.395 
-1515.05 
-1514.96 
-1515.56 
-1515.55 
-1516.27 
-1516.17 
-1517.19 
-1517.165 
-1517.94 
-1517.94 
-1518.61 
-1518.58 
-1519.3 
-1519.305 
-1519.505 
-1519.445 
-1520.115 
-1520.045 
-1520.605 
-1520.52 
-1521.075 
-1520.885 
-1521.905 
-1521.65 
-1522.125 
-1521.91 
-1522.27 
-1521.94 
-1522.33 
-1521.925 
-1521.76 
-1521.285 
-1521.495 
-1520.995 
-1521.095 
-1520.5 
-1520.57 
-1519.89 
-1520.21 
-1519.5 
-1519.485 
-1518.68 
-1518.555 
-1517.71 
-1517.605 
-1516.69 
-1516.03 
-1515.045 
-1514.87 
-1513.92 
-1513.56 
-1512.62 
-1512.385 
-1511.35 
-1511.425 
-1510.525 
-1510.18 
-1509.25 
-1508.93 
-1507.95 
-1507.795 
-1506.785 
-1506.09 
-1505.245 
-1505.095 
-1504.175 
-1503.99 
-1503.18 
-1503.07 
-1502.285 
-1502.595 
-1501.88 
-1501.915 
-1501.205 
-1501.235 
-1500.68 
-1500.765 
-1500.165 
-1499.865 
-1499.34 
-1499.59 
-1499.065 
-1499.275 
-1498.84 
-1499.135 
-1498.765 
-1499.53 
-1499.2 
-1499.625 
-1499.345 
-1499.75 
-1499.5 
-1500.015 
-1499.795 
-1499.79 
-1499.62 
-1500.2 
-1499.985 
-1500.59 
-1500.545 
-1501.02 
-1500.905 
-1501.965 
-1501.855 
-1502.535 
-1502.405 
-1503.11 
-1503.025 
-1503.65 
-1503.545 
-1503.72 
-1503.635 
-1504.265 
-1504.195 
-1504.685 
-1504.605 
-1505.24 
-1505.03 
-1506.02 
-1505.76 
-1506.295 
-1506.095 
-1506.435 
-1506.215 
-1506.61 
-1506.265 
-1506.12 
-1505.75 
-1506.03 
-1505.54 
-1505.755 
-1505.275 
-1505.475 
-1504.86 
-1505.32 
-1504.715 
-1504.84 
-1504.07 
-1504.13 
-1503.385 
-1503.455 
-1502.63 
-1502.205 
-1501.315 
-1501.28 
-1500.47 
-1500.37 
-1499.56 
-1499.465 
-1498.57 
-1498.905 
-1498.105 
-1498.02 
-1497.245 
-1497.125 
-1496.345 
-1496.27 
-1495.515 
-1494.945 
-1494.255 
-1494.24 
-1493.475 
-1493.515 
-1492.9 
-1492.915 
-1492.205 
-1492.69 
-1492.16 
-1492.325 
-1491.74 
-1491.845 
-1491.375 
-1491.555 
-1491.0 
-1490.88 
-1490.39 
-1490.7 
-1490.3 
-1490.525 
-1490.135 
-1490.495 
-1490.06 
-1490.83 
-1490.53 
-1490.87 
-1490.55 
-1490.87 
-1490.545 
-1490.925 
-1490.745 
-1490.605 
-1490.255 
-1490.71 
-1490.32 
-1490.605 
-1490.365 
-1490.715 
-1490.365 
-1491.145 
-1490.74 
-1491.06 
-1490.68 
-1490.87 
-1490.465 
-1490.715 
-1490.235 
-1489.965 
-1489.37 
-1489.49 
-1488.885 
-1488.865 
-1488.145 
-1488.1 
-1487.315 
-1487.595 
-1486.695 
-1486.525 
-1485.53 
-1485.09 
-1483.985 
-1483.53 
-1482.345 
-1481.235 
-1479.965 
-1479.245 
-1477.74 
-1476.88 
-1475.26 
-1474.3 
-1472.565 
-1471.825 
-1469.955 
-1468.805 
-1466.835 
-1465.42 
-1463.27 
-1461.775 
-1459.61 
-1457.565 
-1455.175 
-1453.5 
-1451.02 
-1449.165 
-1446.55 
-1444.69 
-1441.985 
-1440.395 
-1437.655 
-1435.5 
-1432.71 
-1430.445 
-1427.55 
-1425.295 
-1422.3 
-1419.455 
-1416.415 
-1414.05 
-1410.855 
-1408.355 
-1405.16 
-1402.64 
-1399.34 
-1397.085 
-1393.785 
-1391.075 
-1387.82 
-1385.06 
-1381.57 
-1378.915 
-1375.38 
-1372.08 
-1368.555 
-1365.74 
-1362.105 
-1359.195 
-1355.485 
-1352.595 
-1348.8 
-1346.16 
-1342.395 
-1339.315 
-1335.5 
-1332.305 
-1328.39 
-1325.215 
-1321.28 
-1317.53 
-1313.51 
-1310.205 
-1306.145 
-1302.675 
-1298.52 
-1295.06 
-1290.83 
-1287.655 
-1283.355 
-1279.73 
-1275.43 
-1271.675 
-1267.195 
-1263.435 
-1258.85 
-1254.575 
-1250.02 
-1246.05 
-1241.32 
-1237.23 
-1232.425 
-1228.31 
-1223.425 
-1219.52 
-1214.54 
-1210.27 
-1205.125 
-1200.74 
-1195.545 
-1191.0 
-1185.725 
-1180.615 
-1175.165 
-1170.39 
-1164.955 
-1160.085 
-1154.5 
-1149.625 
-1143.83 
-1139.3 
-1133.51 
-1128.445 
-1122.61 
-1117.355 
-1111.43 
-1106.23 
-1100.275 
-1094.505 
-1088.42 
-1083.105 
-1076.975 
-1071.57 
-1065.445 
-1060.065 
-1053.86 
-1048.745 
-1042.645 
-1037.145 
-1030.985 
-1025.45 
-1019.3 
-1013.81 
-1007.645 
-1001.635 
-995.42 
-990.04 
-983.88 
-978.385 
-972.235 
-966.725 
-960.67 
-955.66 
-949.515 
-944.095 
-938.06 
-932.65 
-926.55 
-921.275 
-915.28 
-909.49 
-903.535 
-898.25 
-892.25 
-887.1 
-881.17 
-875.94 
-870.03 
-865.25 
-859.405 
-854.35 
-848.51 
-843.4 
-837.565 
-832.55 
-826.84 
-821.26 
-815.53 
-810.485 
-804.785 
-799.73 
-794.1 
-789.155 
-783.44 
-778.825 
-773.16 
-768.25 
-762.565 
-757.66 
-752.0 
-747.145 
-741.445 
-736.07 
-730.465 
-725.525 
-719.825 
-714.895 
-709.25 
-704.3 
-698.565 
-693.965 
-688.25 
-683.225 
-677.52 
-672.465 
-666.7 
-661.75 
-655.875 
-650.255 
-644.445 
-639.365 
-633.47 
-628.215 
-622.385 
-617.225 
-611.33 
-606.43 
-600.495 
-595.27 
-589.305 
-584.14 
-578.135 
-572.825 
-566.935 
-561.185 
-555.25 
-549.94 
-544.055 
-538.73 
-532.835 
-527.625 
-521.72 
-516.88 
-511.035 
-505.83 
-500.07 
-494.9 
-489.125 
-484.035 
-478.32 
-472.84 
-467.235 
-462.245 
-456.525 
-451.61 
-446.07 
-441.265 
-435.72 
-431.355 
-425.84 
-421.215 
-415.79 
-411.11 
-405.81 
-401.265 
-395.985 
-391.07 
-385.87 
-381.42 
-376.255 
-371.84 
-366.78 
-362.505 
-357.415 
-353.525 
-348.605 
-344.375 
-339.465 
-335.34 
-330.515 
-326.35 
-321.54 
-316.995 
-312.285 
-308.25 
-303.48 
-299.475 
-294.81 
-290.86 
-286.155 
-282.61 
-277.94 
-273.985 
-269.475 
-265.585 
-261.035 
-257.11 
-252.505 
-248.125 
-243.555 
-239.68 
-235.05 
-231.11 
-226.535 
-222.67 
-218.015 
-214.54 
-209.91 
-205.975 
-201.36 
-197.3 
-192.61 
-188.605 
-183.95 
-179.405 
-174.69 
-170.675 
-165.915 
-161.82 
-157.0 
-152.95 
-148.145 
-144.39 
-139.53 
-135.47 
-130.59 
-126.535 
-121.665 
-117.525 
-112.69 
-108.065 
-103.29 
-99.12 
-94.35 
-90.145 
-85.375 
-81.33 
-76.51 
-72.91 
-68.085 
-64.095 
-59.39 
-55.425 
-50.75 
-46.775 
-42.125 
-37.83 
-33.305 
-29.425 
-24.94 
-21.065 
-16.635 
-12.945 
-8.56 
-5.21 
-0.925 
2.615 
6.855 
10.47 
14.725 
18.155 
22.34 
26.2 
30.3 
33.61 
37.715 
41.03 
44.975 
48.245 
52.195 
54.975 
58.825 
61.985 
65.78 
68.94 
72.67 
75.785 
79.52 
82.975 
86.65 
89.62 
93.33 
96.295 
99.995 
102.85 
106.47 
108.97 
112.53 
115.46 
118.985 
121.865 
125.48 
128.285 
131.91 
135.26 
138.74 
141.6 
145.205 
148.13 
151.745 
154.615 
158.215 
160.675 
164.365 
167.285 
170.9 
173.98 
177.605 
180.585 
184.25 
187.785 
191.465 
194.56 
198.285 
201.405 
205.145 
208.295 
212.085 
214.735 
218.485 
221.595 
225.4 
228.565 
232.345 
235.47 
239.31 
242.82 
246.58 
249.67 
253.425 
256.595 
260.22 
263.27 
267.0 
269.585 
273.2 
276.185 
279.755 
282.755 
286.22 
289.135 
292.7 
295.905 
299.305 
302.09 
305.48 
308.22 
311.535 
314.155 
317.425 
319.645 
322.845 
325.33 
328.52 
331.015 
334.08 
336.38 
339.53 
342.31 
345.29 
347.575 
350.475 
352.785 
355.65 
357.805 
360.735 
362.415 
365.255 
367.37 
370.095 
372.245 
374.98 
377.01 
379.695 
382.26 
384.895 
386.91 
389.565 
391.59 
394.24 
396.175 
398.89 
400.495 
403.12 
405.08 
407.77 
409.765 
412.475 
414.415 
417.135 
419.655 
422.36 
424.37 
427.165 
429.355 
432.09 
434.125 
437.06 
438.76 
441.64 
443.835 
446.8 
449.03 
451.945 
454.265 
457.32 
460.02 
463.04 
465.42 
468.53 
470.935 
473.995 
476.465 
479.625 
481.625 
484.81 
487.235 
490.435 
492.985 
496.12 
498.615 
501.78 
504.705 
507.92 
510.36 
513.52 
516.035 
519.135 
521.61 
524.71 
526.675 
529.77 
532.135 
535.155 
537.495 
540.525 
542.82 
545.715 
548.43 
551.35 
553.44 
556.29 
558.5 
561.265 
563.345 
566.03 
567.635 
570.325 
572.305 
574.875 
576.76 
579.325 
581.16 
583.695 
585.905 
588.38 
590.07 
592.47 
594.25 
596.6 
598.27 
600.54 
601.755 
603.98 
605.585 
607.815 
609.395 
611.59 
613.175 
615.335 
617.265 
619.36 
620.925 
623.07 
624.535 
626.645 
628.115 
630.23 
631.43 
633.515 
635.02 
637.13 
638.625 
640.815 
642.225 
644.43 
646.415 
648.62 
650.125 
652.445 
654.03 
656.295 
657.825 
660.16 
661.465 
663.845 
665.48 
667.97 
669.69 
672.155 
673.85 
676.365 
678.665 
681.17 
683.065 
685.65 
687.655 
690.205 
692.18 
694.805 
696.415 
699.04 
701.035 
703.715 
705.735 
708.415 
710.395 
713.12 
715.535 
718.255 
720.185 
722.91 
724.875 
727.475 
729.455 
732.055 
733.62 
736.2 
738.055 
740.585 
742.385 
744.885 
746.645 
749.125 
751.28 
753.715 
755.355 
757.73 
759.375 
761.615 
763.245 
765.45 
766.625 
768.73 
770.115 
772.24 
773.625 
775.705 
777.015 
779.02 
780.805 
782.72 
783.935 
785.905 
787.015 
788.94 
790.065 
791.895 
792.57 
794.315 
795.365 
797.09 
798.165 
799.865 
800.845 
802.5 
803.92 
805.545 
806.545 
808.195 
809.145 
810.78 
811.685 
813.33 
813.875 
815.475 
816.39 
818.06 
819.0 
820.64 
821.57 
823.27 
824.71 
826.425 
827.36 
829.15 
830.195 
831.975 
833.05 
834.8 
835.58 
837.36 
838.48 
840.365 
841.64 
843.575 
844.765 
846.76 
848.475 
850.485 
851.755 
853.81 
855.2 
857.23 
858.625 
860.715 
861.82 
863.85 
865.215 
867.375 
868.87 
871.015 
872.345 
874.48 
876.345 
878.48 
879.91 
881.965 
883.425 
885.51 
886.895 
888.905 
889.88 
891.775 
893.18 
895.1 
896.39 
898.31 
899.545 
901.485 
903.01 
904.815 
906.005 
907.845 
908.905 
910.62 
911.645 
913.315 
913.9 
915.46 
916.34 
917.955 
918.745 
920.29 
921.01 
922.5 
923.735 
925.16 
925.79 
927.195 
927.825 
929.185 
929.77 
931.04 
931.21 
932.43 
932.925 
934.18 
934.675 
935.78 
936.3 
937.415 
938.285 
939.445 
939.83 
940.98 
941.42 
942.445 
942.895 
943.96 
944.0 
945.09 
945.5 
946.555 
947.035 
948.115 
948.54 
949.69 
950.635 
951.76 
952.255 
953.455 
954.025 
955.225 
955.78 
957.065 
957.26 
958.605 
959.27 
960.585 
961.295 
962.69 
963.475 
964.88 
966.12 
967.59 
968.46 
969.935 
970.895 
972.44 
973.32 
974.91 
975.46 
977.095 
978.035 
979.67 
980.63 
982.3 
983.235 
984.895 
986.39 
988.04 
988.925 
990.675 
991.625 
993.22 
994.135 
995.82 
996.35 
997.91 
998.77 
1000.365 
1001.24 
1002.725 
1003.55 
1005.055 
1006.26 
1007.72 
1008.435 
1009.85 
1010.575 
1012.01 
1012.61 
1013.895 
1014.23 
1015.485 
1016.125 
1017.315 
1017.91 
1019.105 
1019.56 
1020.78 
1021.7 
1022.825 
1023.245 
1024.32 
1024.745 
1025.865 
1026.235 
1027.3 
1027.21 
1028.235 
1028.56 
1029.54 
1029.875 
1030.89 
1031.19 
1032.12 
1032.93 
1033.74 
1034.115 
1035.045 
1035.45 
1036.38 
1036.675 
1037.69 
1037.61 
1038.575 
1038.88 
1039.91 
1040.3 
1041.345 
1041.68 
1042.775 
1043.61 
1044.715 
1045.07 
1046.3 
1046.835 
1048.025 
1048.5 
1049.81 
1049.965 
1051.245 
1051.895 
1053.19 
1053.885 
1055.245 
1055.91 
1057.395 
1058.515 
1060.04 
1060.77 
1062.325 
1063.19 
1064.69 
1065.525 
1067.145 
1067.575 
1069.165 
1069.975 
1071.595 
1072.51 
1074.095 
1075.0 
1076.525 
1077.85 
1079.395 
1080.285 
1081.825 
1082.655 
1084.2 
1084.885 
1086.445 
1086.775 
1088.245 
1088.965 
1090.375 
1091.025 
1092.42 
1093.04 
1094.31 
1095.325 
1096.6 
1097.005 
1098.285 
1098.8 
1099.97 
1100.305 
1101.415 
1101.35 
1102.385 
1102.65 
1103.63 
1103.955 
1104.78 
1105.025 
1105.895 
1106.465 
1107.34 
1107.4 
1108.255 
1108.285 
1109.08 
1109.07 
1109.925 
1109.46 
1110.115 
1110.125 
1110.79 
1110.795 
1111.44 
1111.38 
1112.01 
1112.46 
1113.025 
1113.015 
1113.625 
1113.62 
1114.215 
1114.205 
1114.815 
1114.475 
1115.105 
1115.045 
1115.74 
1115.72 
1116.45 
1116.48 
1117.215 
1117.745 
1118.615 
1118.6 
1119.58 
1119.695 
1120.56 
1120.745 
1121.705 
1121.515 
1122.485 
1122.775 
1123.76 
1124.125 
1125.22 
1125.605 
1126.725 
1127.66 
1128.755 
1129.22 
1130.405 
1130.945 
1132.13 
1132.675 
1133.94 
1134.11 
1135.375 
1135.915 
1137.225 
1137.77 
1139.075 
1139.63 
1140.785 
1141.82 
1143.11 
1143.62 
1144.86 
1145.375 
1146.63 
1147.07 
1148.23 
1148.365 
1149.435 
1149.79 
1150.905 
1151.295 
1152.295 
1152.645 
1153.625 
1154.375 
1155.33 
1155.475 
1156.415 
1156.59 
1157.42 
1157.61 
1158.375 
1158.07 
1158.815 
1158.795 
1159.595 
1159.53 
1160.205 
1160.18 
1160.785 
1161.115 
1161.765 
1161.69 
1162.215 
1162.16 
1162.635 
1162.49 
1163.085 
1162.48 
1162.93 
1162.76 
1163.225 
1163.095 
1163.59 
1163.45 
1163.95 
1164.17 
1164.67 
1164.52 
1165.045 
1164.97 
1165.41 
1165.25 
1165.835 
1165.325 
1165.82 
1165.775 
1166.365 
1166.31 
1167.04 
1167.0 
1167.65 
1168.145 
1168.82 
1168.965 
1169.695 
1169.895 
1170.745 
1170.825 
1171.74 
1171.59 
1172.555 
1172.77 
1173.785 
1174.08 
1175.09 
1175.51 
1176.54 
1177.34 
1178.49 
1178.905 
1180.035 
1180.56 
1181.69 
1182.265 
1183.345 
1183.57 
1184.795 
1185.265 
1186.515 
1187.03 
1188.255 
1188.735 
1189.93 
1190.855 
1192.0 
1192.42 
1193.61 
1194.085 
1195.24 
1195.59 
1196.7 
1196.635 
1197.6 
1197.925 
1198.97 
1199.25 
1200.195 
1200.4 
1201.325 
1201.93 
1202.76 
1202.935 
1203.745 
1203.78 
1204.545 
1204.605 
1205.27 
1204.86 
1205.55 
1205.51 
1206.1 
1206.055 
1206.55 
1206.495 
1207.07 
1207.28 
1207.85 
1207.665 
1208.17 
1207.92 
1208.37 
1208.105 
1208.705 
1207.975 
1208.38 
1208.13 
1208.525 
1208.36 
1208.775 
1208.47 
1208.88 
1209.09 
1209.515 
1209.24 
1209.69 
1209.445 
1209.96 
1209.635 
1210.215 
1209.595 
1210.09 
1209.915 
1210.43 
1210.255 
1210.925 
1210.775 
1211.39 
1211.79 
1212.415 
1212.325 
1213.075 
1213.085 
1213.88 
1213.855 
1214.635 
1214.385 
1215.195 
1215.34 
1216.165 
1216.425 
1217.3 
1217.515 
1218.49 
1219.11 
1220.14 
1220.405 
1221.44 
1221.715 
1222.765 
1223.035 
1224.01 
1223.985 
1225.03 
1225.285 
1226.345 
1226.715 
1227.645 
1227.97 
1228.975 
1229.72 
1230.645 
1230.895 
1231.85 
1232.12 
1232.95 
1233.105 
1233.95 
1233.71 
1234.475 
1234.6 
1235.31 
1235.335 
1236.05 
1235.97 
1236.71 
1237.035 
1237.705 
1237.47 
1238.075 
1237.935 
1238.425 
1238.175 
1238.65 
1238.02 
1238.44 
1238.11 
1238.465 
1238.125 
1238.43 
1238.065 
1238.405 
1238.405 
1238.69 
1238.235 
1238.53 
1238.085 
1238.3 
1237.78 
1238.025 
1237.125 
1237.325 
1236.785 
1237.015 
1236.54 
1236.785 
1236.195 
1236.515 
1236.41 
1236.625 
1236.115 
1236.51 
1235.97 
1236.25 
1235.75 
1236.075 
1235.305 
1235.575 
1235.235 
1235.575 
1235.345 
1235.695 
1235.4 
1235.85 
1236.115 
1236.585 
1236.405 
1237.0 
1236.905 
1237.465 
1237.39 
1238.095 
1237.74 
1238.37 
1238.465 
1239.245 
1239.345 
1240.215 
1240.29 
1241.25 
1241.89 
1242.805 
1242.97 
1243.94 
1244.245 
1245.235 
1245.54 
1246.53 
1246.525 
1247.525 
1247.845 
1248.93 
1249.245 
1250.345 
1250.64 
1251.7 
1252.48 
1253.445 
1253.75 
1254.8 
1255.14 
1256.085 
1256.205 
1257.25 
1257.095 
1257.98 
1258.14 
1258.985 
1259.125 
1259.955 
1260.02 
1260.855 
1261.325 
1262.065 
1262.0 
1262.725 
1262.64 
1263.33 
1263.135 
1263.7 
1263.24 
1263.7 
1263.54 
1264.035 
1263.855 
1264.25 
1263.87 
1264.38 
1264.53 
1264.92 
1264.465 
1264.885 
1264.56 
1264.81 
1264.415 
1264.695 
1263.95 
1264.145 
1263.63 
1263.95 
1263.53 
1263.785 
1263.3 
1263.55 
1263.465 
1263.7 
1263.22 
1263.465 
1263.04 
1263.305 
1262.8 
1263.115 
1262.36 
1262.67 
1262.22 
1262.48 
1262.145 
1262.515 
1262.18 
1262.49 
1262.7 
1263.08 
1262.73 
1263.25 
1262.995 
1263.555 
1263.29 
1263.875 
1263.37 
1264.035 
1263.85 
1264.525 
1264.48 
1265.13 
1265.135 
1265.86 
1266.405 
1267.125 
1267.145 
1267.995 
1268.1 
1269.005 
1269.075 
1269.955 
1269.8 
1270.64 
1270.765 
1271.685 
1271.845 
1272.73 
1272.825 
1273.7 
1274.35 
1275.245 
1275.33 
1276.26 
1276.405 
1277.215 
1277.27 
1278.07 
1277.82 
1278.565 
1278.6 
1279.345 
1279.35 
1280.0 
1280.0 
1280.705 
1281.095 
1281.68 
1281.52 
1282.135 
1281.97 
1282.595 
1282.325 
1282.82 
1282.22 
1282.73 
1282.42 
1282.885 
1282.585 
1282.885 
1282.525 
1282.925 
1283.02 
1283.32 
1282.855 
1283.175 
1282.795 
1283.105 
1282.535 
1282.875 
1282.025 
1282.185 
1281.72 
1281.945 
1281.47 
1281.635 
1281.145 
1281.345 
1281.285 
1281.505 
1280.965 
1281.17 
1280.71 
1280.975 
1280.41 
1280.695 
1279.83 
1280.1 
1279.715 
1279.92 
1279.51 
1279.845 
1279.46 
1279.815 
1279.935 
1280.325 
1279.93 
1280.395 
1280.205 
1280.63 
1280.435 
1280.955 
1280.36 
1280.88 
1280.765 
1281.37 
1281.255 
1281.91 
1281.89 
1282.59 
1283.01 
1283.72 
1283.765 
1284.475 
1284.535 
1285.33 
1285.345 
1286.15 
1285.99 
1286.72 
1286.795 
1287.645 
1287.71 
1288.465 
1288.575 
1289.35 
1289.89 
1290.675 
1290.715 
1291.43 
1291.43 
1292.255 
1292.165 
1292.915 
1292.445 
1293.135 
1293.0 
1293.615 
1293.505 
1294.085 
1293.855 
1294.455 
1294.67 
1295.19 
1294.9 
1295.34 
1295.17 
1295.53 
1295.18 
1295.515 
1294.78 
1295.095 
1294.685 
1294.99 
1294.61 
1294.75 
1294.295 
1294.49 
1294.47 
1294.66 
1294.135 
1294.255 
1293.69 
1293.85 
1293.24 
1293.39 
1292.46 
1292.505 
1291.87 
1291.99 
1291.455 
1291.5 
1290.945 
1291.025 
1290.865 
1290.955 
1290.355 
1290.495 
1289.995 
1290.025 
1289.465 
1289.685 
1288.81 
1289.04 
1288.465 
1288.715 
1288.265 
1288.57 
1288.14 
1288.445 
1288.51 
1288.875 
1288.505 
1288.975 
1288.695 
1289.165 
1289.01 
1289.515 
1288.94 
1289.58 
1289.4 
1290.03 
1289.965 
1290.65 
1290.57 
1291.325 
1291.865 
1292.605 
1292.615 
1293.435 
1293.55 
1294.42 
1294.56 
1295.395 
1295.135 
1295.905 
1296.04 
1296.96 
1297.03 
1297.885 
1298.11 
1298.895 
1299.455 
1300.31 
1300.305 
1301.135 
1301.18 
1302.0 
1301.96 
1302.655 
1302.25 
1302.975 
1302.845 
1303.515 
1303.415 
1303.955 
1303.82 
1304.355 
1304.62 
1305.045 
1304.795 
1305.23 
1304.92 
1305.31 
1304.94 
1305.29 
1304.59 
1304.79 
1304.375 
1304.58 
1304.135 
1304.29 
1303.68 
1303.9 
1303.775 
1303.865 
1303.2 
1303.31 
1302.645 
1302.74 
1302.02 
1302.07 
1301.055 
1300.995 
1300.275 
1300.315 
1299.58 
1299.62 
1298.86 
1298.875 
1298.65 
1298.655 
1297.885 
1297.915 
1297.26 
1297.285 
1296.56 
1296.67 
1295.69 
1295.75 
1295.09 
1295.205 
1294.675 
1294.825 
1294.26 
1294.535 
1294.48 
1294.715 
1294.275 
1294.595 
1294.265 
1294.605 
1294.27 
1294.75 
1294.03 
1294.51 
1294.315 
1294.82 
1294.675 
1295.325 
1295.14 
1295.75 
1296.215 
1296.85 
1296.825 
1297.565 
1297.58 
1298.34 
1298.395 
1299.23 
1298.88 
1299.68 
1299.72 
1300.565 
1300.65 
1301.48 
1301.52 
1302.31 
1302.83 
1303.655 
1303.675 
1304.48 
1304.565 
1305.305 
1305.235 
1306.02 
1305.63 
1306.385 
1306.265 
1306.845 
1306.835 
1307.445 
1307.345 
1307.925 
1308.24 
1308.82 
1308.475 
1309.055 
1308.81 
1309.23 
1309.085 
1309.47 
1308.72 
1309.14 
1308.73 
1309.08 
1308.735 
1309.02 
1308.555 
1308.88 
1308.885 
1309.135 
1308.615 
1308.82 
1308.355 
1308.505 
1307.995 
1308.205 
1307.285 
1307.42 
1306.84 
1306.98 
1306.385 
1306.61 
1306.085 
1306.15 
1306.035 
1306.115 
1305.575 
1305.765 
1305.255 
1305.34 
1304.805 
1304.98 
1304.15 
1304.39 
1303.87 
1304.065 
1303.64 
1303.89 
1303.44 
1303.68 
1303.76 
1304.12 
1303.66 
1304.135 
1303.85 
1304.245 
1303.89 
1304.405 
1303.785 
1304.305 
1304.14 
1304.66 
1304.535 
1305.16 
1305.02 
1305.655 
1306.065 
1306.7 
1306.65 
1307.35 
1307.37 
1308.1 
1308.085 
1308.88 
1308.525 
1309.265 
1309.29 
1309.98 
1310.05 
1310.8 
1310.81 
1311.52 
1311.945 
1312.725 
1312.705 
1313.41 
1313.4 
1314.03 
1313.99 
1314.6 
1314.155 
1314.72 
1314.63 
1315.17 
1315.05 
1315.55 
1315.325 
1315.765 
1316.075 
1316.505 
1316.17 
1316.595 
1316.375 
1316.695 
1316.345 
1316.685 
1315.84 
1316.19 
1315.675 
1315.93 
1315.51 
1315.735 
1315.15 
1315.39 
1315.26 
1315.44 
1314.84 
1314.995 
1314.41 
1314.45 
1313.955 
1313.985 
1313.025 
1313.075 
1312.39 
1312.45 
1311.805 
1311.825 
1311.2 
1311.14 
1311.005 
1311.015 
1310.36 
1310.41 
1309.835 
1309.815 
1309.155 
1309.3 
1308.225 
1308.345 
1307.735 
1307.77 
1307.27 
1307.35 
1306.82 
1307.08 
1307.02 
1307.24 
1306.77 
1307.02 
1306.715 
1306.92 
1306.55 
1306.88 
1306.1 
1306.635 
1306.275 
1306.73 
1306.495 
1306.96 
1306.7 
1307.235 
1307.575 
1308.125 
1308.05 
1308.6 
1308.49 
1309.1 
1309.045 
1309.64 
1309.265 
1309.93 
1309.805 
1310.545 
1310.46 
1311.16 
1311.015 
1311.695 
1312.075 
1312.72 
1312.59 
1313.255 
1313.19 
1313.81 
1313.62 
1314.18 
1313.665 
1314.25 
1314.02 
1314.51 
1314.28 
1314.82 
1314.555 
1314.945 
1315.245 
1315.57 
1315.205 
1315.65 
1315.29 
1315.645 
1315.23 
1315.58 
1314.845 
1315.17 
1314.665 
1314.955 
1314.535 
1314.725 
1314.145 
1314.37 
1314.325 
1314.52 
1313.995 
1314.125 
1313.6 
1313.815 
1313.2 
1313.39 
1312.42 
1312.55 
1311.955 
1312.1 
1311.51 
1311.66 
1311.08 
1311.21 
1311.1 
1311.295 
1310.665 
1310.835 
1310.325 
1310.495 
1309.915 
1310.155 
1309.295 
1309.505 
1309.085 
1309.3 
1308.91 
1309.22 
1308.79 
1309.1 
1309.225 
1309.64 
1309.255 
1309.78 
1309.53 
1310.05 
1309.76 
1310.385 
1309.8 
1310.445 
1310.28 
1310.925 
1310.865 
1311.56 
1311.57 
1312.27 
1312.78 
1313.52 
1313.615 
1314.375 
1314.555 
1315.365 
1315.465 
1316.35 
1316.04 
1316.905 
1317.005 
1317.88 
1318.075 
1318.88 
1319.02 
1319.895 
1320.43 
1321.295 
1321.36 
1322.19 
1322.32 
1323.055 
1323.07 
1323.82 
1323.495 
1324.13 
1324.17 
1324.8 
1324.76 
1325.345 
1325.255 
1325.83 
1326.15 
1326.59 
1326.355 
1326.945 
1326.75 
1327.145 
1326.835 
1327.14 
1326.505 
1326.85 
1326.45 
1326.785 
1326.345 
1326.535 
1326.035 
1326.355 
1326.215 
1326.425 
1325.8 
1326.05 
1325.435 
1325.505 
1324.87 
1325.05 
1324.035 
1324.08 
1323.4 
1323.43 
1322.765 
1322.775 
1322.115 
1322.15 
1321.935 
1322.005 
1321.25 
1321.3 
1320.705 
1320.615 
1320.03 
1320.105 
1319.085 
1319.2 
1318.465 
1318.585 
1318.0 
1318.15 
1317.62 
1317.79 
1317.78 
1317.95 
1317.46 
1317.785 
1317.435 
1317.69 
1317.32 
1317.685 
1316.945 
1317.345 
1317.07 
1317.575 
1317.315 
1317.885 
1317.625 
1318.21 
1318.53 
1319.065 
1318.915 
1319.57 
1319.545 
1320.19 
1320.105 
1320.715 
1320.325 
1320.935 
1320.865 
1321.535 
1321.52 
1322.195 
1322.105 
1322.805 
1323.16 
1323.79 
1323.68 
1324.3 
1324.225 
1324.75 
1324.61 
1325.25 
1324.605 
1325.105 
1324.89 
1325.34 
1325.11 
1325.53 
1325.19 
1325.605 
1325.65 
1326.055 
1325.57 
1325.905 
1325.515 
1325.715 
1325.265 
1325.44 
1324.485 
1324.67 
1324.125 
1324.275 
1323.63 
1323.735 
1323.085 
1323.18 
1323.0 
1323.07 
1322.39 
1322.305 
1321.66 
1321.655 
1320.97 
1320.945 
1319.77 
1319.68 
1318.995 
1318.975 
1318.3 
1318.215 
1317.51 
1317.515 
1317.245 
1317.22 
1316.545 
1316.55 
1315.96 
1315.95 
1315.34 
1315.44 
1314.525 
1314.665 
1314.04 
1314.2 
1313.685 
1313.91 
1313.48 
1313.74 
1313.855 
1314.16 
1313.73 
1314.18 
1313.93 
1314.305 
1314.06 
1314.575 
1314.115 
1314.68 
1314.57 
1315.17 
1315.1 
1315.79 
1315.75 
1316.445 
1316.98 
1317.765 
1317.745 
1318.57 
1318.69 
1319.545 
1319.665 
1320.555 
1320.25 
1321.17 
1321.285 
1322.13 
1322.27 
1323.14 
1323.2 
1324.05 
1324.635 
1325.42 
1325.53 
1326.31 
1326.345 
1327.08 
1327.04 
1327.78 
1327.31 
1328.04 
1327.875 
1328.445 
1328.305 
1328.895 
1328.67 
1329.14 
1329.415 
1329.785 
1329.47 
1329.925 
1329.58 
1329.865 
1329.43 
1329.735 
1328.975 
1329.175 
1328.685 
1328.885 
1328.395 
1328.465 
1327.92 
1328.055 
1327.865 
1327.93 
1327.245 
1327.335 
1326.715 
1326.715 
1325.93 
1326.005 
1324.955 
1324.91 
1324.17 
1324.145 
1323.49 
1323.485 
1322.75 
1322.745 
1322.49 
1322.57 
1321.825 
1321.91 
1321.285 
1321.365 
1320.66 
1320.8 
1319.865 
1320.01 
1319.515 
1319.68 
1319.185 
1319.36 
1318.955 
1319.305 
1319.38 
1319.675 
1319.355 
1319.795 
1319.595 
1320.03 
1319.775 
1320.335 
1319.8 
1320.4 
1320.28 
1320.945 
1320.9 
1321.625 
1321.655 
1322.35 
1322.885 
1323.665 
1323.72 
1324.575 
1324.655 
1325.475 
1325.6 
1326.48 
1326.31 
1327.12 
1327.23 
1328.085 
1328.275 
1329.075 
1329.115 
1329.91 
1330.445 
1331.245 
1331.22 
1332.02 
1332.045 
1332.7 
1332.655 
1333.315 
1332.79 
1333.445 
1333.275 
1333.85 
1333.605 
1334.08 
1333.775 
1334.24 
1334.445 
1334.8 
1334.37 
1334.765 
1334.35 
1334.56 
1334.09 
1334.32 
1333.45 
1333.635 
1333.02 
1333.145 
1332.58 
1332.665 
1332.035 
1332.015 
1331.83 
1331.825 
1331.105 
1331.12 
1330.44 
1330.42 
1329.62 
1329.575 
1328.46 
1328.395 
1327.63 
1327.56 
1326.8 
1326.73 
1325.99 
1325.955 
1325.65 
1325.615 
1324.905 
1324.875 
1324.215 
1324.22 
1323.51 
1323.67 
1322.625 
1322.71 
1322.07 
1322.265 
1321.75 
1321.885 
1321.36 
1321.605 
1321.665 
1321.965 
1321.5 
1321.905 
1321.615 
1322.095 
1321.745 
1322.215 
1321.635 
1322.2 
1322.01 
1322.575 
1322.495 
1323.12 
1323.05 
1323.73 
1324.145 
1324.93 
1324.86 
1325.675 
1325.69 
1326.485 
1326.58 
1327.305 
1327.005 
1327.85 
1327.82 
1328.635 
1328.775 
1329.515 
1329.585 
1330.35 
1330.825 
1331.545 
1331.56 
1332.245 
1332.315 
1332.92 
1332.85 
1333.515 
1333.03 
1333.55 
1333.455 
1333.88 
1333.795 
1334.27 
1333.975 
1334.475 
1334.55 
1335.03 
1334.59 
1334.93 
1334.64 
1334.91 
1334.445 
1334.69 
1333.975 
1334.175 
1333.615 
1333.81 
1333.25 
1333.39 
1332.765 
1332.86 
1332.73 
1332.79 
1332.095 
1332.155 
1331.535 
1331.56 
1330.89 
1330.95 
1329.8 
1329.88 
1329.135 
1329.105 
1328.44 
1328.47 
1327.735 
1327.76 
1327.605 
1327.58 
1327.035 
1326.995 
1326.465 
1326.48 
1325.9 
1326.055 
1325.09 
1325.275 
1324.74 
1324.885 
1324.465 
1324.73 
1324.295 
1324.575 
1324.71 
1325.05 
1324.67 
1325.115 
1324.905 
1325.3 
1325.11 
1325.635 
1325.08 
1325.625 
1325.58 
1326.105 
1326.14 
1326.77 
1326.775 
1327.455 
1327.93 
1328.66 
1328.67 
1329.51 
1329.535 
1330.305 
1330.42 
1331.15 
1330.92 
1331.675 
1331.63 
1332.475 
1332.57 
1333.315 
1333.29 
1334.045 
1334.5 
1335.27 
1335.15 
1335.88 
1335.875 
1336.47 
1336.315 
1336.935 
1336.355 
1336.875 
1336.695 
1337.185 
1336.94 
1337.37 
1337.075 
1337.42 
1337.51 
1337.86 
1337.415 
1337.705 
1337.32 
1337.565 
1336.995 
1337.135 
1336.24 
1336.3 
1335.705 
1335.82 
1335.2 
1335.235 
1334.525 
1334.52 
1334.26 
1334.23 
1333.54 
1333.49 
1332.68 
1332.665 
1331.86 
1331.775 
1330.615 
1330.455 
1329.62 
1329.48 
1328.715 
1328.61 
1327.77 
1327.655 
1327.38 
1327.25 
1326.475 
1326.4 
1325.75 
1325.57 
1324.905 
1324.905 
1323.885 
1323.89 
1323.185 
1323.255 
1322.59 
1322.83 
1322.225 
1322.39 
1322.355 
1322.575 
1322.07 
1322.39 
1322.045 
1322.355 
1321.965 
1322.445 
1321.78 
1322.195 
1321.955 
1322.4 
1322.345 
1322.855 
1322.665 
1323.345 
1323.695 
1324.33 
1324.295 
1325.005 
1324.965 
1325.675 
1325.68 
1326.41 
1326.145 
1326.76 
1326.725 
1327.56 
1327.58 
1328.27 
1328.235 
1328.97 
1329.36 
1330.115 
1330.04 
1330.74 
1330.71 
1331.33 
1331.23 
1331.83 
1331.32 
1331.865 
1331.68 
1332.205 
1331.98 
1332.525 
1332.155 
1332.625 
1332.77 
1333.165 
1332.775 
1333.115 
1332.86 
1333.08 
1332.665 
1332.85 
1331.995 
1332.22 
1331.73 
1331.88 
1331.32 
1331.46 
1330.815 
1331.01 
1330.81 
1330.82 
1330.215 
1330.255 
1329.595 
1329.605 
1328.885 
1328.955 
1327.775 
1327.78 
1327.085 
1326.98 
1326.34 
1326.275 
1325.63 
1325.595 
1325.325 
1325.32 
1324.61 
1324.6 
1323.95 
1323.97 
1323.325 
1323.385 
1322.405 
1322.365 
1321.8 
1321.935 
1321.37 
1321.55 
1321.05 
1321.275 
1321.255 
1321.5 
1321.015 
1321.385 
1321.04 
1321.395 
1321.045 
1321.465 
1320.8 
1321.26 
1321.025 
1321.48 
1321.35 
1321.85 
1321.75 
1322.345 
1322.665 
1323.265 
1323.13 
1323.845 
1323.8 
1324.43 
1324.41 
1325.09 
1324.74 
1325.385 
1325.285 
1325.96 
1326.015 
1326.605 
1326.56 
1327.12 
1327.51 
1328.085 
1327.91 
1328.58 
1328.37 
1328.95 
1328.74 
1329.25 
1328.675 
