Run 0 on 20200811 on sample T20-5d, LT thermometer,  dT/T0 = 0.02
Time per point = 3.125e-05 seconds
-1101.645 
-1102.095 
-1101.695 
-1101.985 
-1101.665 
-1102.035 
-1101.6 
-1102.385 
-1102.115 
-1102.47 
-1102.135 
-1102.485 
-1102.205 
-1102.595 
-1102.35 
-1102.275 
-1102.07 
-1102.51 
-1102.275 
-1102.67 
-1102.435 
-1102.92 
-1102.69 
-1103.65 
-1103.45 
-1103.93 
-1103.765 
-1104.18 
-1104.1 
-1104.665 
-1104.5 
-1104.565 
-1104.405 
-1104.94 
-1104.74 
-1105.33 
-1105.2 
-1105.68 
-1105.575 
-1106.43 
-1106.31 
-1106.91 
-1106.755 
-1107.29 
-1107.07 
-1107.705 
-1107.505 
-1107.62 
-1107.44 
-1107.935 
-1107.755 
-1108.29 
-1108.03 
-1108.565 
-1108.415 
-1109.2 
-1109.03 
-1109.505 
-1109.225 
-1109.625 
-1109.445 
-1109.84 
-1109.635 
-1109.575 
-1109.245 
-1109.595 
-1109.34 
-1109.69 
-1109.4 
-1109.83 
-1109.465 
-1110.1 
-1109.805 
-1110.16 
-1109.785 
-1110.12 
-1109.71 
-1110.0 
-1109.665 
-1109.445 
-1109.065 
-1109.435 
-1108.92 
-1109.205 
-1108.815 
-1109.05 
-1108.59 
-1109.3 
-1108.84 
-1109.125 
-1108.68 
-1108.88 
-1108.475 
-1108.72 
-1108.285 
-1108.04 
-1107.67 
-1107.865 
-1107.47 
-1107.67 
-1107.205 
-1107.52 
-1107.125 
-1107.815 
-1107.375 
-1107.71 
-1107.22 
-1107.495 
-1107.16 
-1107.47 
-1107.05 
-1106.955 
-1106.54 
-1106.905 
-1106.53 
-1106.875 
-1106.485 
-1106.83 
-1106.57 
-1107.25 
-1106.955 
-1107.295 
-1107.0 
-1107.315 
-1107.13 
-1107.41 
-1107.11 
-1106.99 
-1106.735 
-1107.045 
-1106.805 
-1107.085 
-1106.83 
-1107.175 
-1106.81 
-1107.625 
-1107.29 
-1107.695 
-1107.44 
-1107.7 
-1107.365 
-1107.71 
-1107.42 
-1107.265 
-1106.97 
-1107.285 
-1106.94 
-1107.195 
-1106.815 
-1107.135 
-1106.705 
-1107.395 
-1107.05 
-1107.315 
-1106.905 
-1107.095 
-1106.71 
-1106.925 
-1106.45 
-1106.245 
-1105.765 
-1105.925 
-1105.485 
-1105.66 
-1105.11 
-1105.35 
-1104.825 
-1105.225 
-1104.8 
-1104.92 
-1104.34 
-1104.49 
-1103.88 
-1104.025 
-1103.545 
-1103.14 
-1102.57 
-1102.65 
-1102.045 
-1102.15 
-1101.52 
-1101.625 
-1100.985 
-1101.48 
-1100.945 
-1101.02 
-1100.46 
-1100.505 
-1099.84 
-1099.94 
-1099.37 
-1098.965 
-1098.365 
-1098.47 
-1097.83 
-1097.86 
-1097.335 
-1097.45 
-1096.835 
-1097.36 
-1096.795 
-1096.935 
-1096.375 
-1096.425 
-1096.045 
-1096.065 
-1095.585 
-1095.31 
-1094.77 
-1094.95 
-1094.505 
-1094.605 
-1094.175 
-1094.355 
-1093.86 
-1094.53 
-1094.03 
-1094.315 
-1093.84 
-1094.0 
-1093.635 
-1093.86 
-1093.455 
-1093.21 
-1092.835 
-1093.125 
-1092.675 
-1092.895 
-1092.565 
-1092.76 
-1092.285 
-1093.075 
-1092.555 
-1092.91 
-1092.45 
-1092.675 
-1092.225 
-1092.5 
-1092.08 
-1091.835 
-1091.44 
-1091.665 
-1091.14 
-1091.36 
-1090.94 
-1091.145 
-1090.67 
-1091.225 
-1090.76 
-1090.965 
-1090.47 
-1090.58 
-1090.125 
-1090.235 
-1089.765 
-1089.42 
-1088.865 
-1088.99 
-1088.51 
-1088.54 
-1087.985 
-1088.115 
-1087.53 
-1088.01 
-1087.515 
-1087.505 
-1086.905 
-1086.925 
-1086.325 
-1086.44 
-1085.815 
-1085.43 
-1084.81 
-1084.795 
-1084.14 
-1084.18 
-1083.47 
-1083.58 
-1082.935 
-1083.345 
-1082.775 
-1082.805 
-1082.17 
-1082.14 
-1081.465 
-1081.555 
-1080.935 
-1080.505 
-1079.92 
-1079.96 
-1079.29 
-1079.31 
-1078.785 
-1078.8 
-1078.24 
-1078.665 
-1078.065 
-1078.235 
-1077.65 
-1077.765 
-1077.25 
-1077.375 
-1076.825 
-1076.54 
-1076.05 
-1076.22 
-1075.765 
-1075.91 
-1075.425 
-1075.71 
-1075.2 
-1075.885 
-1075.475 
-1075.66 
-1075.285 
-1075.55 
-1075.09 
-1075.325 
-1075.055 
-1074.835 
-1074.445 
-1074.785 
-1074.38 
-1074.61 
-1074.355 
-1074.635 
-1074.31 
-1074.94 
-1074.615 
-1074.95 
-1074.62 
-1074.865 
-1074.565 
-1074.88 
-1074.485 
-1074.455 
-1074.07 
-1074.365 
-1074.05 
-1074.26 
-1073.92 
-1074.235 
-1073.895 
-1074.595 
-1074.26 
-1074.505 
-1074.15 
-1074.415 
-1074.03 
-1074.325 
-1073.985 
-1073.765 
-1073.35 
-1073.565 
-1073.17 
-1073.39 
-1073.04 
-1073.245 
-1072.75 
-1073.43 
-1073.0 
-1073.24 
-1072.775 
-1072.935 
-1072.495 
-1072.715 
-1072.275 
-1072.025 
-1071.51 
-1071.72 
-1071.22 
-1071.41 
-1070.945 
-1071.085 
-1070.56 
-1071.165 
-1070.695 
-1070.86 
-1070.425 
-1070.51 
-1070.07 
-1070.26 
-1069.73 
-1069.435 
-1069.04 
-1069.205 
-1068.64 
-1068.755 
-1068.32 
-1068.53 
-1068.02 
-1068.655 
-1068.135 
-1068.36 
-1067.87 
-1068.06 
-1067.66 
-1067.805 
-1067.41 
-1067.175 
-1066.7 
-1066.865 
-1066.465 
-1066.645 
-1066.235 
-1066.385 
-1065.98 
-1066.52 
-1066.12 
-1066.32 
-1065.865 
-1066.005 
-1065.56 
-1065.695 
-1065.245 
-1064.955 
-1064.425 
-1064.545 
-1063.965 
-1064.025 
-1063.51 
-1063.61 
-1062.995 
-1063.345 
-1062.725 
-1062.76 
-1062.08 
-1062.065 
-1061.35 
-1061.335 
-1060.545 
-1059.9 
-1059.205 
-1059.005 
-1058.16 
-1057.915 
-1057.045 
-1056.795 
-1055.82 
-1055.86 
-1054.76 
-1054.405 
-1053.38 
-1052.895 
-1051.72 
-1051.28 
-1050.09 
-1048.97 
-1047.685 
-1047.03 
-1045.715 
-1045.02 
-1043.555 
-1042.74 
-1041.29 
-1040.79 
-1039.235 
-1038.375 
-1036.715 
-1035.7 
-1033.99 
-1032.955 
-1031.235 
-1029.56 
-1027.785 
-1026.57 
-1024.715 
-1023.385 
-1021.46 
-1020.145 
-1018.1 
-1017.115 
-1015.025 
-1013.6 
-1011.42 
-1009.915 
-1007.765 
-1006.22 
-1003.885 
-1001.825 
-999.54 
-997.925 
-995.495 
-993.725 
-991.375 
-989.645 
-987.155 
-985.75 
-983.265 
-981.44 
-978.905 
-977.04 
-974.45 
-972.635 
-969.99 
-967.535 
-964.935 
-963.045 
-960.3 
-958.26 
-955.555 
-953.565 
-950.885 
-949.2 
-946.425 
-944.345 
-941.565 
-939.435 
-936.64 
-934.49 
-931.585 
-928.965 
-926.11 
-923.93 
-921.025 
-918.72 
-915.845 
-913.565 
-910.575 
-908.65 
-905.59 
-903.3 
-900.305 
-897.855 
-894.75 
-892.405 
-889.375 
-886.43 
-883.295 
-880.84 
-877.68 
-875.16 
-871.97 
-869.44 
-866.18 
-864.015 
-860.79 
-858.215 
-854.91 
-852.28 
-849.04 
-846.35 
-843.03 
-839.87 
-836.575 
-833.915 
-830.455 
-827.815 
-824.385 
-821.665 
-818.22 
-815.8 
-812.46 
-809.71 
-806.23 
-803.46 
-799.985 
-797.345 
-793.85 
-790.59 
-787.135 
-784.37 
-780.905 
-778.145 
-774.75 
-772.0 
-768.495 
-766.16 
-762.675 
-759.94 
-756.575 
-753.85 
-750.44 
-747.73 
-744.325 
-741.18 
-737.825 
-735.155 
-731.8 
-729.13 
-725.805 
-723.235 
-720.045 
-717.72 
-714.53 
-711.955 
-708.78 
-706.25 
-703.13 
-700.61 
-697.53 
-694.59 
-691.465 
-689.11 
-686.095 
-683.64 
-680.675 
-678.32 
-675.36 
-673.45 
-670.52 
-668.31 
-665.35 
-663.085 
-660.21 
-658.09 
-655.18 
-652.59 
-649.75 
-647.61 
-644.755 
-642.605 
-639.91 
-637.725 
-634.915 
-633.29 
-630.5 
-628.48 
-625.73 
-623.64 
-620.87 
-618.84 
-616.095 
-613.64 
-610.915 
-608.785 
-606.105 
-604.0 
-601.295 
-599.215 
-596.485 
-594.845 
-592.115 
-590.035 
-587.395 
-585.26 
-582.51 
-580.41 
-577.745 
-575.125 
-572.385 
-570.33 
-567.645 
-565.52 
-562.73 
-560.63 
-557.91 
-556.175 
-553.41 
-551.32 
-548.595 
-546.5 
-543.765 
-541.695 
-538.925 
-536.36 
-533.605 
-531.54 
-528.81 
-526.745 
-523.99 
-521.915 
-519.19 
-517.56 
-514.845 
-512.82 
-510.165 
-508.125 
-505.445 
-503.535 
-500.825 
-498.42 
-495.79 
-493.885 
-491.295 
-489.3 
-486.715 
-484.915 
-482.37 
-480.815 
-478.26 
-476.57 
-474.095 
-472.295 
-469.84 
-468.135 
-465.69 
-463.52 
-461.11 
-459.45 
-457.205 
-455.47 
-453.225 
-451.61 
-449.32 
-448.15 
-445.995 
-444.44 
-442.2 
-440.615 
-438.46 
-436.95 
-434.825 
-432.905 
-430.69 
-429.345 
-427.165 
-425.675 
-423.595 
-422.115 
-420.01 
-419.01 
-416.93 
-415.46 
-413.46 
-411.915 
-409.805 
-408.475 
-406.33 
-404.565 
-402.45 
-401.02 
-398.89 
-397.385 
-395.33 
-393.855 
-391.785 
-390.695 
-388.645 
-387.135 
-385.085 
-383.585 
-381.475 
-379.965 
-377.82 
-375.835 
-373.67 
-372.21 
-370.065 
-368.5 
-366.325 
-364.88 
-362.685 
-361.585 
-359.39 
-357.9 
-355.725 
-354.16 
-352.015 
-350.515 
-348.365 
-346.405 
-344.21 
-342.75 
-340.575 
-339.05 
-336.905 
-335.37 
-333.325 
-332.23 
-330.08 
-328.675 
-326.545 
-325.06 
-323.025 
-321.57 
-319.515 
-317.71 
-315.655 
-314.315 
-312.265 
-310.89 
-308.95 
-307.625 
-305.665 
-304.765 
-302.9 
-301.63 
-299.77 
-298.495 
-296.74 
-295.53 
-293.68 
-292.135 
-290.37 
-289.25 
-287.48 
-286.41 
-284.735 
-283.67 
-281.89 
-281.405 
-279.76 
-278.725 
-277.13 
-276.1 
-274.55 
-273.59 
-271.97 
-270.625 
-269.065 
-268.155 
-266.545 
-265.625 
-264.105 
-263.23 
-261.59 
-261.105 
-259.48 
-258.65 
-257.065 
-256.16 
-254.585 
-253.725 
-252.11 
-250.73 
-249.1 
-248.2 
-246.565 
-245.62 
-244.01 
-243.085 
-241.395 
-240.78 
-239.2 
-238.125 
-236.535 
-235.43 
-233.76 
-232.735 
-231.03 
-229.505 
-227.78 
-226.71 
-224.985 
-223.84 
-222.105 
-221.005 
-219.205 
-218.46 
-216.745 
-215.61 
-213.79 
-212.64 
-210.895 
-209.72 
-208.015 
-206.32 
-204.545 
-203.44 
-201.63 
-200.455 
-198.69 
-197.545 
-195.715 
-195.02 
-193.285 
-192.17 
-190.465 
-189.315 
-187.545 
-186.425 
-184.69 
-183.205 
-181.53 
-180.485 
-178.8 
-177.76 
-176.085 
-175.17 
-173.5 
-172.95 
-171.415 
-170.47 
-168.885 
-168.05 
-166.48 
-165.69 
-164.24 
-162.915 
-161.495 
-160.715 
-159.235 
-158.505 
-157.15 
-156.33 
-154.965 
-154.665 
-153.365 
-152.715 
-151.35 
-150.69 
-149.42 
-148.845 
-147.58 
-146.46 
-145.25 
-144.59 
-143.355 
-142.785 
-141.55 
-140.935 
-139.74 
-139.565 
-138.39 
-137.805 
-136.57 
-135.935 
-134.675 
-134.095 
-132.9 
-131.865 
-130.62 
-130.055 
-128.765 
-128.12 
-126.84 
-126.21 
-124.92 
-124.7 
-123.345 
-122.7 
-121.4 
-120.73 
-119.395 
-118.68 
-117.34 
-116.18 
-114.805 
-114.065 
-112.665 
-111.955 
-110.565 
-109.78 
-108.375 
-107.93 
-106.525 
-105.815 
-104.335 
-103.525 
-102.145 
-101.42 
-99.935 
-98.71 
-97.24 
-96.535 
-95.06 
-94.335 
-92.88 
-92.165 
-90.695 
-90.325 
-88.925 
-88.225 
-86.735 
-86.0 
-84.65 
-83.91 
-82.55 
-81.36 
-80.065 
-79.46 
-78.075 
-77.46 
-76.13 
-75.515 
-74.225 
-73.95 
-72.695 
-72.175 
-70.95 
-70.355 
-69.24 
-68.745 
-67.52 
-66.62 
-65.48 
-65.07 
-63.94 
-63.475 
-62.425 
-62.03 
-60.905 
-61.0 
-59.95 
-59.63 
-58.59 
-58.26 
-57.24 
-56.91 
-55.98 
-55.195 
-54.16 
-53.93 
-52.915 
-52.615 
-51.64 
-51.36 
-50.38 
-50.445 
-49.565 
-49.28 
-48.31 
-47.915 
-46.945 
-46.64 
-45.655 
-44.83 
-43.885 
-43.51 
-42.505 
-42.09 
-41.09 
-40.74 
-39.64 
-39.69 
-38.58 
-38.19 
-37.055 
-36.645 
-35.565 
-35.16 
-33.98 
-33.1 
-31.94 
-31.505 
-30.325 
-29.735 
-28.675 
-28.105 
-26.92 
-26.815 
-25.64 
-25.085 
-23.975 
-23.365 
-22.205 
-21.745 
-20.415 
-19.47 
-18.305 
-17.74 
-16.615 
-16.01 
-14.845 
-14.33 
-13.14 
-12.995 
-11.825 
-11.415 
-10.24 
-9.7 
-8.53 
-8.045 
-6.96 
-6.065 
-4.94 
-4.53 
-3.455 
-2.935 
-1.87 
-1.5 
-0.49 
-0.515 
0.475 
0.835 
1.8 
2.175 
3.07 
3.42 
4.325 
5.02 
5.94 
6.18 
7.045 
7.29 
8.15 
8.31 
9.165 
8.94 
9.7 
9.815 
10.67 
10.86 
11.575 
11.745 
12.49 
13.065 
13.845 
13.94 
14.695 
14.905 
15.56 
15.78 
16.5 
16.26 
16.975 
17.085 
17.81 
18.02 
18.78 
18.945 
19.65 
20.305 
21.07 
21.28 
22.065 
22.31 
23.175 
23.34 
24.16 
23.98 
24.82 
25.105 
26.005 
26.215 
27.135 
27.375 
28.285 
29.075 
29.925 
30.255 
31.2 
31.53 
32.475 
32.83 
33.825 
33.6 
34.595 
34.895 
35.88 
36.275 
37.28 
37.665 
38.575 
39.37 
40.38 
40.72 
41.705 
42.085 
43.08 
43.395 
44.415 
44.32 
45.26 
45.57 
46.49 
46.855 
47.74 
48.135 
49.04 
49.755 
50.56 
50.915 
51.79 
52.125 
52.915 
53.13 
54.005 
53.7 
54.54 
54.69 
55.57 
55.62 
56.43 
56.555 
57.275 
57.895 
58.535 
58.575 
59.325 
59.37 
60.025 
60.095 
60.775 
60.29 
60.945 
60.98 
61.59 
61.555 
62.195 
62.145 
62.785 
63.165 
63.79 
63.725 
64.375 
64.345 
64.94 
64.835 
65.55 
65.02 
65.625 
65.625 
66.22 
66.17 
66.855 
66.85 
67.515 
67.97 
68.625 
68.64 
69.395 
69.43 
70.185 
70.21 
70.915 
70.625 
71.37 
71.455 
72.175 
72.325 
73.075 
73.27 
74.11 
74.645 
75.42 
75.655 
76.39 
76.74 
77.49 
77.74 
78.63 
78.37 
79.215 
79.43 
80.33 
80.505 
81.405 
81.65 
82.505 
83.255 
84.1 
84.305 
85.205 
85.535 
86.345 
86.61 
87.415 
87.255 
88.075 
88.31 
89.1 
89.36 
90.27 
90.525 
91.33 
91.94 
92.725 
92.875 
93.695 
93.905 
94.66 
94.85 
95.545 
95.23 
95.985 
96.07 
96.75 
96.85 
97.525 
97.63 
98.255 
98.71 
99.415 
99.405 
100.065 
100.11 
100.73 
100.73 
101.305 
100.84 
101.365 
101.34 
101.915 
101.94 
102.435 
102.41 
102.945 
103.295 
103.82 
103.765 
104.315 
104.32 
104.755 
104.785 
105.35 
104.78 
105.35 
105.255 
105.89 
105.855 
106.38 
106.35 
106.895 
107.345 
107.935 
107.91 
108.54 
108.51 
109.225 
109.215 
109.84 
109.465 
110.09 
110.12 
110.795 
110.9 
111.51 
111.62 
112.335 
112.835 
113.525 
113.615 
114.35 
114.465 
115.2 
115.255 
116.025 
115.725 
116.445 
116.58 
117.335 
117.45 
118.17 
118.295 
119.025 
119.545 
120.385 
120.445 
121.16 
121.36 
122.06 
122.17 
122.91 
122.53 
123.235 
123.33 
124.035 
124.15 
124.82 
124.885 
125.575 
126.06 
126.64 
126.625 
127.33 
127.395 
127.965 
127.955 
128.55 
128.05 
128.58 
128.53 
129.09 
129.01 
129.55 
129.45 
129.955 
130.23 
130.705 
130.545 
131.015 
130.825 
131.295 
131.045 
131.54 
130.79 
131.16 
130.965 
131.44 
131.23 
131.56 
131.3 
131.695 
131.795 
132.195 
131.875 
132.29 
132.08 
132.455 
132.14 
132.59 
131.85 
132.18 
131.895 
132.265 
132.09 
132.445 
132.245 
132.635 
132.82 
133.215 
133.015 
133.525 
133.37 
133.81 
133.54 
134.04 
133.42 
133.8 
133.72 
134.18 
134.115 
134.5 
134.45 
134.97 
135.315 
135.81 
135.79 
136.395 
136.28 
136.76 
136.755 
137.28 
136.77 
137.285 
137.26 
137.845 
137.765 
138.405 
138.305 
138.885 
139.27 
139.86 
139.89 
140.485 
140.475 
141.045 
140.98 
141.65 
141.2 
141.74 
141.68 
142.335 
142.305 
142.8 
142.795 
143.395 
143.775 
144.345 
144.225 
144.83 
144.765 
145.295 
145.17 
145.76 
145.29 
145.85 
145.705 
146.235 
146.105 
146.645 
146.445 
146.9 
147.245 
147.725 
147.475 
147.955 
147.815 
148.245 
148.05 
148.465 
147.845 
148.15 
147.985 
148.415 
148.215 
148.615 
148.36 
148.79 
148.99 
149.385 
149.195 
149.58 
149.315 
149.765 
149.425 
149.925 
149.26 
149.655 
149.49 
149.925 
149.79 
150.2 
149.975 
150.43 
150.725 
151.16 
150.995 
151.465 
151.3 
151.87 
151.59 
152.155 
151.625 
152.17 
152.05 
152.56 
152.515 
153.015 
152.84 
153.475 
153.915 
154.455 
154.265 
154.94 
154.86 
155.44 
155.335 
156.015 
155.595 
156.145 
156.135 
156.765 
156.745 
157.35 
157.3 
157.945 
158.31 
158.95 
158.95 
159.59 
159.54 
160.145 
160.105 
160.735 
160.315 
160.875 
160.83 
161.46 
161.355 
161.975 
161.855 
162.48 
162.785 
163.4 
163.3 
163.91 
163.785 
164.29 
164.085 
164.695 
164.24 
164.685 
164.57 
165.03 
164.875 
165.36 
165.08 
165.55 
165.855 
166.325 
165.985 
166.45 
166.23 
166.755 
166.365 
166.84 
166.125 
166.51 
166.16 
166.585 
166.35 
166.705 
166.3 
166.74 
166.87 
167.215 
166.87 
167.23 
166.935 
167.28 
166.94 
167.34 
166.7 
167.06 
166.73 
167.18 
166.9 
167.255 
167.0 
167.375 
167.56 
167.915 
167.61 
168.11 
167.855 
168.29 
168.04 
168.435 
167.865 
168.27 
168.06 
168.485 
168.295 
168.795 
168.495 
169.045 
169.395 
169.895 
169.575 
170.15 
169.96 
170.505 
170.31 
170.825 
170.335 
170.865 
170.69 
171.245 
171.065 
171.675 
171.49 
171.975 
172.385 
172.96 
172.72 
173.39 
173.23 
173.715 
173.595 
174.18 
173.705 
174.225 
174.095 
174.56 
174.415 
174.955 
174.755 
175.345 
175.65 
176.11 
175.87 
176.475 
176.26 
176.81 
176.585 
177.06 
176.59 
176.955 
176.765 
177.23 
177.025 
177.345 
177.08 
177.6 
177.74 
178.14 
177.755 
178.18 
177.895 
178.305 
177.89 
178.28 
177.54 
177.915 
177.51 
177.835 
177.545 
177.84 
177.4 
177.73 
177.855 
178.205 
177.76 
178.17 
177.675 
177.97 
177.635 
177.965 
177.32 
177.58 
177.09 
177.455 
177.09 
177.455 
177.065 
177.455 
177.495 
177.825 
177.43 
177.9 
177.56 
177.935 
177.685 
177.99 
177.25 
177.645 
177.32 
177.71 
177.435 
177.845 
177.555 
177.99 
178.185 
178.655 
178.265 
178.705 
178.55 
178.97 
178.725 
179.205 
178.67 
179.05 
178.8 
179.27 
179.015 
179.48 
179.26 
179.695 
180.025 
180.43 
180.28 
180.715 
180.5 
180.935 
180.735 
181.195 
180.6 
181.09 
180.845 
181.31 
181.065 
181.525 
181.305 
181.705 
181.9 
182.345 
182.095 
182.545 
182.32 
182.705 
182.455 
182.84 
182.155 
182.525 
182.235 
182.57 
182.22 
182.585 
182.275 
182.55 
182.725 
183.065 
182.62 
182.89 
182.64 
182.89 
182.49 
182.795 
181.96 
182.285 
181.77 
182.115 
181.63 
181.955 
181.48 
181.79 
181.735 
182.05 
181.61 
181.885 
181.495 
181.7 
181.385 
181.575 
180.79 
181.035 
180.565 
180.855 
180.455 
180.805 
180.42 
180.695 
180.815 
181.095 
180.7 
181.035 
180.76 
181.05 
180.785 
181.125 
180.365 
180.82 
180.475 
180.82 
180.625 
180.99 
180.73 
181.045 
181.29 
181.735 
181.505 
181.92 
181.835 
182.2 
182.075 
182.555 
181.855 
182.325 
182.125 
182.605 
182.42 
182.895 
182.71 
183.24 
183.475 
184.015 
183.88 
184.365 
184.21 
184.67 
184.565 
185.035 
184.46 
184.965 
184.8 
185.26 
185.12 
185.63 
185.435 
185.905 
186.22 
186.615 
186.415 
186.915 
186.735 
187.165 
186.945 
187.4 
186.795 
187.235 
186.87 
187.29 
187.01 
187.37 
187.085 
187.51 
187.645 
187.93 
187.64 
187.945 
187.67 
188.04 
187.61 
187.905 
187.125 
187.44 
187.03 
187.33 
187.005 
187.21 
186.865 
187.06 
187.12 
187.375 
187.03 
187.305 
186.96 
187.205 
186.885 
187.14 
186.29 
186.595 
186.17 
186.495 
186.1 
186.465 
186.105 
186.4 
186.555 
186.855 
186.53 
186.9 
186.585 
186.925 
186.645 
187.06 
186.32 
186.785 
186.505 
186.915 
186.68 
187.05 
186.885 
187.315 
187.615 
188.03 
187.825 
188.345 
188.18 
188.685 
188.485 
188.975 
188.35 
188.865 
188.75 
189.265 
189.18 
189.69 
189.565 
189.985 
190.31 
190.875 
190.75 
191.345 
191.215 
191.655 
191.575 
192.085 
191.545 
192.045 
191.935 
192.405 
192.295 
192.825 
192.67 
193.14 
193.395 
193.91 
193.685 
194.17 
194.03 
194.41 
194.2 
194.665 
193.885 
194.3 
193.99 
194.4 
194.165 
194.525 
194.21 
194.575 
194.685 
194.97 
194.595 
194.915 
194.61 
194.86 
194.43 
194.745 
193.905 
194.095 
193.645 
193.91 
193.495 
193.765 
193.215 
193.495 
193.45 
193.665 
193.19 
193.48 
192.99 
193.185 
192.78 
193.0 
192.175 
192.43 
191.85 
192.1 
191.73 
191.95 
191.435 
191.72 
191.805 
192.055 
191.625 
191.9 
191.585 
191.815 
191.445 
191.735 
191.01 
191.37 
191.04 
191.31 
190.975 
191.355 
191.015 
191.36 
191.65 
191.96 
191.65 
192.09 
191.865 
192.24 
191.935 
192.415 
191.76 
192.2 
192.015 
192.375 
192.195 
192.635 
192.395 
192.83 
193.055 
193.53 
193.28 
193.74 
193.53 
193.985 
193.755 
194.155 
193.615 
194.05 
193.745 
194.16 
193.975 
194.335 
194.065 
194.495 
194.625 
195.055 
194.735 
195.145 
194.86 
195.18 
194.895 
195.175 
194.44 
194.77 
194.37 
194.61 
194.3 
194.505 
194.11 
194.35 
194.31 
194.55 
194.04 
194.245 
193.83 
193.99 
193.495 
193.66 
192.79 
192.895 
192.35 
192.495 
192.005 
192.095 
191.575 
191.695 
191.605 
191.69 
191.19 
191.3 
190.83 
190.9 
190.435 
190.62 
189.62 
189.76 
189.205 
189.375 
189.015 
189.125 
188.605 
188.845 
188.77 
189.045 
188.6 
188.845 
188.455 
188.685 
188.3 
188.525 
187.8 
188.045 
187.67 
188.03 
187.72 
188.035 
187.665 
188.115 
188.25 
188.62 
188.32 
188.72 
188.51 
188.915 
188.655 
189.145 
188.52 
189.02 
188.705 
189.19 
188.995 
189.455 
189.275 
189.7 
189.985 
190.465 
190.25 
190.72 
190.59 
190.99 
190.85 
191.325 
190.815 
191.23 
190.95 
191.34 
191.295 
191.64 
191.475 
191.925 
192.14 
192.495 
192.215 
192.71 
192.45 
192.87 
192.52 
192.91 
192.24 
192.605 
192.215 
192.61 
192.245 
192.585 
192.17 
192.47 
192.585 
192.82 
192.465 
192.695 
192.27 
192.54 
192.09 
192.315 
191.445 
191.635 
191.17 
191.435 
190.99 
191.19 
190.685 
190.9 
190.895 
191.135 
190.64 
190.825 
190.43 
190.615 
190.125 
190.435 
189.61 
189.795 
189.3 
189.605 
189.165 
189.505 
189.105 
189.41 
189.47 
189.735 
189.425 
189.795 
189.505 
189.76 
189.5 
189.92 
189.23 
189.635 
189.345 
189.76 
189.57 
189.985 
189.79 
190.25 
190.52 
190.95 
190.84 
191.25 
191.185 
191.67 
191.585 
192.085 
191.49 
192.015 
191.895 
192.44 
192.32 
192.905 
192.77 
193.335 
193.66 
194.17 
194.045 
194.61 
194.59 
195.095 
194.995 
195.555 
194.995 
195.585 
195.43 
195.82 
195.76 
196.23 
196.11 
196.575 
196.84 
197.295 
197.06 
197.575 
197.385 
197.765 
197.56 
197.845 
197.205 
197.625 
197.245 
197.68 
197.32 
197.56 
197.185 
197.505 
197.565 
197.875 
197.41 
197.67 
197.245 
197.465 
197.015 
197.235 
196.39 
196.585 
196.075 
196.305 
195.82 
195.935 
195.415 
195.52 
195.53 
195.695 
195.225 
195.345 
194.85 
195.085 
194.545 
194.76 
193.89 
194.11 
193.575 
193.865 
193.33 
193.55 
193.165 
193.4 
193.345 
193.65 
193.245 
193.57 
193.19 
193.44 
193.135 
193.445 
192.63 
193.015 
192.68 
193.005 
192.775 
193.12 
192.82 
193.215 
193.39 
193.86 
193.565 
193.965 
193.81 
194.235 
194.01 
194.47 
193.91 
194.335 
194.065 
194.53 
194.4 
194.81 
194.665 
195.13 
195.385 
195.86 
195.635 
196.16 
196.02 
196.445 
196.255 
196.72 
196.1 
196.545 
196.315 
196.76 
196.55 
196.975 
196.74 
197.14 
197.33 
197.665 
197.42 
197.845 
197.555 
197.88 
197.565 
197.875 
197.125 
197.44 
197.075 
197.35 
196.99 
197.225 
196.81 
197.035 
197.065 
197.325 
196.83 
197.055 
196.605 
196.8 
196.3 
196.45 
195.495 
195.69 
195.24 
195.325 
194.86 
195.015 
194.565 
194.64 
194.63 
194.7 
194.275 
194.365 
193.955 
194.085 
193.645 
193.82 
192.995 
193.215 
192.645 
192.875 
192.425 
192.685 
192.195 
192.51 
192.49 
192.79 
192.385 
192.685 
192.3 
192.745 
192.35 
192.665 
191.945 
192.32 
191.975 
192.31 
192.1 
192.405 
192.225 
192.61 
192.835 
193.22 
192.97 
193.395 
193.225 
193.685 
193.515 
193.925 
193.325 
193.735 
193.545 
193.995 
193.855 
194.325 
194.11 
194.605 
194.805 
195.33 
195.14 
195.665 
195.435 
195.84 
195.675 
196.09 
195.53 
195.91 
195.64 
196.075 
195.9 
196.305 
196.015 
196.38 
196.6 
196.875 
196.635 
196.975 
196.68 
196.985 
196.71 
196.965 
196.165 
196.4 
195.995 
196.305 
195.875 
196.11 
195.66 
195.825 
195.845 
196.02 
195.555 
195.73 
195.335 
195.47 
194.98 
195.1 
194.125 
194.245 
193.74 
193.875 
193.41 
193.5 
192.99 
193.08 
193.055 
193.16 
192.67 
192.79 
192.32 
192.445 
191.955 
192.14 
191.255 
191.38 
190.87 
191.105 
190.705 
190.91 
190.48 
190.75 
190.77 
190.985 
190.65 
190.96 
190.58 
190.945 
190.55 
190.905 
190.15 
190.44 
190.235 
190.56 
190.36 
190.685 
190.425 
190.925 
191.125 
191.52 
191.31 
191.765 
191.65 
192.035 
191.825 
192.32 
191.885 
192.3 
192.07 
192.59 
192.39 
192.97 
192.66 
193.195 
193.53 
194.02 
193.835 
194.31 
194.125 
194.6 
194.43 
194.96 
194.345 
194.785 
194.585 
195.07 
194.815 
195.315 
195.035 
195.53 
195.725 
196.085 
195.84 
196.265 
195.995 
196.365 
196.105 
196.41 
195.79 
196.235 
195.735 
196.06 
195.77 
195.975 
195.645 
195.905 
196.0 
196.305 
195.79 
196.11 
195.7 
195.975 
195.49 
195.775 
194.915 
195.15 
194.685 
194.84 
194.47 
194.71 
194.26 
194.42 
194.49 
194.72 
194.28 
194.54 
194.09 
194.345 
193.955 
194.255 
193.48 
193.755 
193.33 
193.6 
193.255 
193.645 
193.15 
193.59 
193.68 
194.015 
193.735 
194.13 
193.845 
194.245 
193.945 
194.395 
193.73 
194.19 
193.935 
194.4 
194.17 
194.645 
194.405 
194.89 
195.2 
195.655 
195.555 
195.995 
195.855 
196.385 
196.255 
196.735 
196.135 
196.75 
196.58 
197.11 
196.965 
197.535 
197.35 
197.9 
198.215 
198.715 
198.575 
199.075 
198.9 
199.4 
199.21 
199.74 
199.135 
199.695 
199.38 
199.84 
199.735 
200.065 
199.785 
200.265 
200.495 
200.83 
200.55 
200.885 
200.725 
200.985 
200.655 
201.02 
200.31 
200.65 
200.25 
200.52 
200.17 
200.42 
199.965 
200.235 
200.255 
200.47 
200.0 
200.19 
199.72 
199.93 
199.415 
199.615 
198.685 
198.875 
198.29 
198.52 
198.0 
198.135 
197.64 
197.715 
197.64 
197.9 
197.31 
197.51 
197.025 
197.15 
196.65 
196.85 
196.02 
196.19 
195.635 
195.81 
195.395 
195.635 
195.185 
195.365 
195.42 
195.64 
195.2 
195.535 
195.19 
195.37 
195.025 
195.28 
194.5 
194.82 
194.45 
194.79 
194.495 
194.78 
194.515 
194.87 
194.955 
195.29 
195.085 
195.37 
195.17 
195.495 
195.23 
195.64 
194.99 
195.365 
195.03 
195.425 
195.24 
195.605 
195.32 
195.695 
195.885 
196.3 
196.095 
196.455 
196.18 
196.525 
196.285 
196.695 
196.03 
196.385 
196.05 
196.46 
196.19 
196.535 
196.27 
196.575 
196.72 
197.025 
196.685 
197.04 
196.73 
197.015 
196.67 
196.905 
196.105 
196.385 
195.955 
196.205 
195.83 
196.07 
195.585 
195.81 
195.855 
195.975 
195.525 
195.805 
195.37 
195.51 
195.01 
195.195 
194.335 
194.495 
193.91 
194.13 
193.66 
193.81 
193.325 
193.455 
193.445 
193.6 
193.17 
193.325 
192.92 
193.03 
192.555 
192.82 
191.995 
192.215 
191.675 
191.91 
191.49 
191.72 
191.32 
191.525 
191.57 
191.845 
191.475 
191.735 
191.37 
191.705 
191.34 
191.61 
190.92 
191.225 
190.845 
191.16 
190.855 
191.225 
190.925 
191.28 
191.44 
191.825 
191.47 
191.845 
191.61 
192.055 
191.76 
192.155 
191.515 
191.88 
191.59 
191.995 
191.785 
192.225 
191.885 
192.315 
192.485 
192.965 
192.695 
193.095 
192.82 
193.265 
192.9 
193.31 
192.68 
193.03 
192.725 
193.09 
192.825 
193.19 
192.925 
193.25 
193.41 
193.755 
193.43 
193.75 
193.445 
193.755 
193.405 
193.645 
192.875 
193.255 
192.805 
193.085 
192.72 
192.94 
192.53 
192.75 
192.815 
193.13 
192.565 
192.755 
192.435 
192.66 
192.175 
192.36 
191.505 
191.69 
191.3 
191.49 
191.125 
191.245 
190.8 
190.97 
191.03 
191.17 
190.75 
190.985 
190.64 
190.79 
190.47 
190.63 
189.805 
190.065 
189.655 
189.93 
189.485 
189.815 
189.475 
189.75 
189.855 
190.1 
189.795 
190.13 
189.825 
190.21 
189.855 
190.195 
189.48 
189.86 
189.6 
189.93 
189.72 
190.1 
189.82 
190.245 
190.495 
190.895 
190.665 
191.09 
190.855 
191.335 
191.105 
191.565 
190.96 
191.4 
191.185 
191.6 
191.4 
191.86 
191.63 
192.125 
192.395 
192.9 
192.67 
193.15 
192.915 
193.415 
193.255 
193.64 
193.025 
193.405 
193.225 
193.745 
193.53 
193.965 
193.785 
194.135 
194.39 
194.785 
194.53 
194.925 
194.68 
195.11 
194.855 
195.22 
194.495 
194.89 
194.52 
194.875 
194.61 
194.925 
194.615 
194.93 
195.03 
195.315 
194.985 
195.285 
194.99 
195.3 
194.85 
195.17 
194.375 
194.665 
194.25 
194.56 
194.14 
194.43 
194.065 
194.335 
194.395 
194.69 
194.325 
194.6 
194.25 
194.52 
194.09 
194.505 
193.7 
193.99 
193.64 
193.935 
193.625 
193.93 
193.645 
193.96 
194.115 
194.385 
194.125 
194.505 
194.33 
194.65 
194.315 
194.715 
194.045 
194.38 
194.185 
194.58 
194.33 
194.7 
194.525 
194.925 
195.205 
195.565 
195.43 
195.825 
195.68 
196.065 
195.89 
196.33 
195.675 
196.085 
195.915 
196.425 
196.285 
196.66 
196.485 
196.87 
197.17 
197.595 
197.435 
197.915 
197.75 
198.125 
197.94 
198.395 
197.765 
198.17 
198.01 
198.415 
198.14 
198.595 
198.34 
198.74 
198.975 
199.29 
199.025 
199.45 
199.185 
199.52 
199.205 
199.555 
198.93 
199.225 
198.88 
199.125 
198.76 
199.085 
198.64 
198.97 
199.055 
199.305 
198.81 
199.08 
198.65 
198.955 
198.445 
198.745 
197.885 
