Run 0 on 20200811 on sample T20-5d, LT thermometer,  dT/T0 = 0.02
Time per point = 3.125e-05 seconds
2144.0 
2143.61 
2143.98 
2143.605 
2143.95 
2143.605 
2143.98 
2143.31 
2143.625 
2143.135 
2143.52 
2143.145 
2143.49 
2143.12 
2143.48 
2143.525 
2143.865 
2143.435 
2143.845 
2143.48 
2143.78 
2143.4 
2143.72 
2142.95 
2143.34 
2142.94 
2143.25 
2142.84 
2143.205 
2142.76 
2143.17 
2143.265 
2143.57 
2143.155 
2143.48 
2143.105 
2143.535 
2143.115 
2143.43 
2142.725 
2143.06 
2142.765 
2143.075 
2142.72 
2143.095 
2142.635 
2142.97 
2143.105 
2143.41 
2143.07 
2143.375 
2143.1 
2143.405 
2143.07 
2143.445 
2142.68 
2143.085 
2142.65 
2143.065 
2142.67 
2143.075 
2142.715 
2143.14 
2143.2 
2143.575 
2143.24 
2143.585 
2143.31 
2143.605 
2143.24 
2143.63 
2143.0 
2143.395 
2142.93 
2143.365 
2143.065 
2143.395 
2143.075 
2143.445 
2143.51 
2143.9 
2143.49 
2143.895 
2143.495 
2143.97 
2143.515 
2143.95 
2143.225 
2143.515 
2143.175 
2143.54 
2143.245 
2143.56 
2143.165 
2143.555 
2143.63 
2143.94 
2143.595 
2143.94 
2143.62 
2143.95 
2143.49 
2143.945 
2143.22 
2143.585 
2143.185 
2143.51 
2143.155 
2143.555 
2143.155 
2143.48 
2143.535 
2143.82 
2143.485 
2143.79 
2143.47 
2143.82 
2143.415 
2143.74 
2142.97 
2143.35 
2142.96 
2143.235 
2142.95 
2143.24 
2142.85 
2143.155 
2143.285 
2143.525 
2143.2 
2143.495 
2143.235 
2143.535 
2143.21 
2143.45 
2142.705 
2143.06 
2142.62 
2142.995 
2142.65 
2142.98 
2142.6 
2142.885 
2143.075 
2143.32 
2143.075 
2143.38 
2143.05 
2143.335 
2143.01 
2143.4 
2142.665 
2143.01 
2142.595 
2143.01 
2142.68 
2143.03 
2142.695 
2143.075 
2143.165 
2143.58 
2143.105 
2143.55 
2143.22 
2143.56 
2143.22 
2143.585 
2143.01 
2143.375 
2142.99 
2143.445 
2143.07 
2143.355 
2143.075 
2143.46 
2143.515 
2143.91 
2143.505 
2143.89 
2143.645 
2143.955 
2143.61 
2143.925 
2143.24 
2143.565 
2143.23 
2143.545 
2143.18 
2143.56 
2143.15 
2143.48 
2143.72 
2144.05 
2143.6 
2143.975 
2143.635 
2143.93 
2143.565 
2143.96 
2143.22 
2143.595 
2143.125 
2143.445 
2143.155 
2143.475 
2143.12 
2143.435 
2143.56 
2143.8 
2143.475 
2143.8 
2143.47 
2143.77 
2143.375 
2143.68 
2142.965 
2143.28 
2142.91 
2143.24 
2142.87 
2143.18 
2142.815 
2143.115 
2143.205 
2143.56 
2143.07 
2143.455 
2143.16 
2143.48 
2143.075 
2143.38 
2142.66 
2143.05 
2142.635 
2142.95 
2142.66 
2142.965 
2142.555 
2142.92 
2143.085 
2143.395 
2143.02 
2143.355 
2142.965 
2143.315 
2143.04 
2143.405 
2142.68 
2142.97 
2142.56 
2142.985 
2142.635 
2143.1 
2142.695 
2142.98 
2143.13 
2143.455 
2143.2 
2143.475 
2143.22 
2143.56 
2143.24 
2143.655 
2142.855 
2143.32 
2142.915 
2143.285 
2142.97 
2143.315 
2142.97 
2143.3 
2143.485 
2143.81 
2143.365 
2143.805 
2143.45 
2143.865 
2143.47 
2143.84 
2143.105 
2143.435 
2143.12 
2143.5 
2143.135 
2143.51 
2143.01 
2143.39 
2143.545 
2143.885 
2143.5 
2143.84 
2143.515 
2143.86 
2143.48 
2143.835 
2143.17 
2143.48 
2143.07 
2143.42 
2143.125 
2143.445 
2143.03 
2143.41 
2143.455 
2143.83 
2143.31 
2143.745 
2143.415 
2143.735 
2143.315 
2143.68 
2142.925 
2143.26 
2142.885 
2143.16 
2142.84 
2143.15 
2142.815 
2143.08 
2143.175 
2143.48 
2143.085 
2143.475 
2143.105 
2143.45 
2143.065 
2143.365 
2142.65 
2142.965 
2142.55 
2142.93 
2142.605 
2142.895 
2142.505 
2142.865 
2143.005 
2143.33 
2143.0 
2143.3 
2142.945 
2143.305 
2142.91 
2143.32 
2142.57 
2142.97 
2142.59 
2142.89 
2142.68 
2143.0 
2142.645 
2143.02 
2143.11 
2143.485 
2143.13 
2143.495 
2143.2 
2143.525 
2143.175 
2143.565 
2142.93 
2143.31 
2142.925 
2143.29 
2142.94 
2143.28 
2143.02 
2143.315 
2143.505 
2143.77 
2143.445 
2143.86 
2143.505 
2143.86 
2143.51 
2143.935 
2143.14 
2143.45 
2143.14 
2143.505 
2143.105 
2143.455 
2143.055 
2143.46 
2143.54 
2143.9 
2143.54 
2143.875 
2143.565 
2143.8 
2143.46 
2143.845 
2143.085 
2143.425 
2143.005 
2143.37 
2142.985 
2143.36 
2143.0 
2143.295 
2143.41 
2143.71 
2143.32 
2143.75 
2143.33 
2143.65 
2143.205 
2143.585 
2142.875 
2143.17 
2142.76 
2143.16 
2142.725 
2143.115 
2142.67 
2143.035 
2143.08 
2143.435 
2142.98 
2143.365 
2143.04 
2143.35 
2142.955 
2143.295 
2142.565 
2142.96 
2142.57 
2142.92 
2142.575 
2142.895 
2142.555 
2142.87 
2142.98 
2143.295 
2142.94 
2143.31 
2142.91 
2143.26 
2142.875 
2143.325 
2142.535 
2142.955 
2142.54 
2142.925 
2142.595 
2142.92 
2142.555 
2142.935 
2143.005 
2143.395 
2143.04 
2143.495 
2143.15 
2143.485 
2143.065 
2143.425 
2142.74 
2143.135 
2142.8 
2143.215 
2142.795 
2143.145 
2142.835 
2143.245 
2143.35 
2143.655 
2143.275 
2143.62 
2143.265 
2143.695 
2143.235 
2143.65 
2142.935 
2143.25 
2142.85 
2143.26 
2142.945 
2143.24 
2142.78 
2143.135 
2143.285 
2143.675 
2143.225 
2143.59 
2143.13 
2143.545 
2143.12 
2143.495 
2142.735 
2143.11 
2142.685 
2143.0 
2142.65 
2143.065 
2142.625 
2142.94 
2143.0 
2143.32 
2142.89 
2143.29 
2142.925 
2143.27 
2142.77 
2143.115 
2142.37 
2142.755 
2142.27 
2142.635 
2142.165 
2142.545 
2142.09 
2142.44 
2142.555 
2142.85 
2142.38 
2142.755 
2142.4 
2142.74 
2142.33 
2142.725 
2141.905 
2142.275 
2141.825 
2142.17 
2141.83 
2142.13 
2141.7 
2142.045 
2142.095 
2142.505 
2142.095 
2142.475 
2142.125 
2142.46 
2142.145 
2142.49 
2141.65 
2142.045 
2141.58 
2141.915 
2141.655 
2141.94 
2141.625 
2141.97 
2142.095 
2142.39 
2142.085 
2142.475 
2142.215 
2142.455 
2142.09 
2142.505 
2141.775 
2142.13 
2141.79 
2142.14 
2141.78 
2142.12 
2141.755 
2142.14 
2142.28 
2142.585 
2142.135 
2142.59 
2142.15 
2142.63 
2142.085 
2142.52 
2141.745 
2142.01 
2141.665 
2142.03 
2141.7 
2141.975 
2141.585 
2141.95 
2142.045 
2142.39 
2141.985 
2142.29 
2141.98 
2142.25 
2141.91 
2142.24 
2141.495 
2141.855 
2141.34 
2141.69 
2141.35 
2141.71 
2141.31 
2141.56 
2141.645 
2141.935 
2141.56 
2141.91 
2141.56 
2141.815 
2141.445 
2141.78 
2140.95 
2141.29 
2140.885 
2141.195 
2140.905 
2141.14 
2140.74 
2141.09 
2141.12 
2141.41 
2141.03 
2141.36 
2141.03 
2141.27 
2140.875 
2141.17 
2140.445 
2140.79 
2140.335 
2140.675 
2140.385 
2140.63 
2140.245 
2140.585 
2140.695 
2141.0 
2140.635 
2140.95 
2140.655 
2140.915 
2140.54 
2140.925 
2140.215 
2140.515 
2140.115 
2140.46 
2140.175 
2140.45 
2140.21 
2140.51 
2140.62 
2140.945 
2140.545 
2140.91 
2140.655 
2140.94 
2140.57 
2140.99 
2140.23 
2140.58 
2140.265 
2140.615 
2140.225 
2140.585 
2140.265 
2140.59 
2140.685 
2140.96 
2140.645 
2141.04 
2140.7 
2141.0 
2140.655 
2141.0 
2140.275 
2140.545 
2140.19 
2140.6 
2140.27 
2140.53 
2140.17 
2140.505 
2140.6 
2140.87 
2140.535 
2140.845 
2140.465 
2140.805 
2140.42 
2140.8 
2140.095 
2140.4 
2139.96 
2140.3 
2139.935 
2140.295 
2139.865 
2140.21 
2140.255 
2140.5 
2140.135 
2140.505 
2140.175 
2140.46 
2139.99 
2140.365 
2139.655 
2139.94 
2139.485 
2139.875 
2139.48 
2139.75 
2139.33 
2139.705 
2139.76 
2140.085 
2139.705 
2140.01 
2139.635 
2139.965 
2139.625 
2139.895 
2139.11 
2139.43 
2139.06 
2139.37 
2139.075 
2139.37 
2138.985 
2139.36 
2139.43 
2139.725 
2139.365 
2139.765 
2139.38 
2139.69 
2139.33 
2139.685 
2138.955 
2139.305 
2138.915 
2139.15 
2138.93 
2139.285 
2139.0 
2139.27 
2139.36 
2139.755 
2139.4 
2139.75 
2139.48 
2139.75 
2139.36 
2139.74 
2139.065 
2139.405 
2139.09 
2139.425 
2139.025 
2139.43 
2139.02 
2139.385 
2139.51 
2139.86 
2139.46 
2139.795 
2139.525 
2139.86 
2139.49 
2139.86 
2139.015 
2139.4 
2139.06 
2139.375 
2139.025 
2139.33 
2138.95 
2139.315 
2139.425 
2139.715 
2139.365 
2139.715 
2139.335 
2139.695 
2139.31 
2139.65 
2138.82 
2139.115 
2138.785 
2139.1 
2138.73 
2139.065 
2138.725 
2139.02 
2139.115 
2139.38 
2139.08 
2139.38 
2139.085 
2139.33 
2138.905 
2139.22 
2138.38 
2138.76 
2138.425 
2138.765 
2138.35 
2138.685 
2138.265 
2138.65 
2138.665 
2138.96 
2138.545 
2138.93 
2138.545 
2138.86 
2138.525 
2138.84 
2138.04 
2138.33 
2137.955 
2138.25 
2137.975 
2138.285 
2137.905 
2138.225 
2138.355 
2138.68 
2138.32 
2138.63 
2138.375 
2138.6 
2138.3 
2138.71 
2137.895 
2138.215 
2137.815 
2138.175 
2137.905 
2138.22 
2137.885 
2138.175 
2138.345 
2138.65 
2138.32 
2138.735 
2138.45 
2138.755 
2138.35 
2138.745 
2137.97 
2138.39 
2138.06 
2138.4 
2138.055 
2138.405 
2138.02 
2138.445 
2138.585 
2138.82 
2138.47 
2138.855 
2138.53 
2138.85 
2138.5 
2138.855 
2138.085 
2138.395 
2138.03 
2138.425 
2138.085 
2138.39 
2138.015 
2138.305 
2138.43 
2138.775 
2138.39 
2138.795 
2138.395 
2138.715 
2138.31 
2138.785 
2137.92 
2138.235 
2137.79 
2138.125 
2137.795 
2138.09 
2137.745 
2138.075 
2138.08 
2138.42 
2138.07 
2138.41 
2138.07 
2138.34 
2137.955 
2138.28 
2137.555 
2137.8 
2137.45 
2137.79 
2137.405 
2137.655 
2137.31 
2137.67 
2137.795 
2138.005 
2137.63 
2138.02 
2137.605 
2137.955 
2137.555 
2137.905 
2137.15 
2137.4 
2137.11 
2137.44 
2137.075 
2137.405 
2136.995 
2137.395 
2137.43 
2137.795 
2137.455 
2137.815 
2137.45 
2137.785 
2137.395 
2137.82 
2137.08 
2137.33 
2137.005 
2137.35 
2137.06 
2137.34 
2137.01 
2137.415 
2137.485 
2137.865 
2137.52 
2137.92 
2137.575 
2137.885 
2137.5 
2137.875 
2137.215 
2137.545 
2137.22 
2137.56 
2137.195 
2137.53 
2137.18 
2137.56 
2137.7 
2138.025 
2137.61 
2137.955 
2137.64 
2138.09 
2137.605 
2137.985 
2137.205 
2137.54 
2137.2 
2137.51 
2137.165 
2137.595 
2137.145 
2137.485 
2137.615 
2137.9 
2137.53 
2137.95 
2137.575 
2137.81 
2137.54 
2137.855 
2137.155 
2137.345 
2137.02 
2137.32 
2137.04 
2137.325 
2137.025 
2137.26 
2137.36 
2137.675 
2137.275 
2137.65 
2137.265 
2137.56 
2137.155 
2137.565 
2136.745 
2137.05 
2136.74 
2137.04 
2136.675 
2136.925 
2136.595 
2136.935 
2136.995 
2137.28 
2136.925 
2137.265 
2136.86 
2137.21 
2136.82 
2137.16 
2136.34 
2136.665 
2136.3 
2136.605 
2136.33 
2136.59 
2136.25 
2136.54 
2136.665 
2136.975 
2136.71 
2136.96 
2136.675 
2136.965 
2136.64 
2137.045 
2136.245 
2136.545 
2136.21 
2136.55 
2136.275 
2136.63 
2136.33 
2136.64 
2136.73 
2137.095 
2136.77 
2137.1 
2136.895 
2137.15 
2136.84 
2137.205 
2136.475 
2136.77 
2136.545 
2136.85 
2136.505 
2136.835 
2136.525 
2136.855 
2137.005 
2137.27 
2137.0 
2137.29 
2137.015 
2137.355 
2136.955 
2137.395 
2136.515 
2136.82 
2136.575 
2136.9 
2136.625 
2136.845 
2136.435 
2136.87 
2136.98 
2137.265 
2136.92 
2137.285 
2136.915 
2137.235 
2136.8 
2137.25 
2136.43 
2136.715 
2136.34 
2136.705 
2136.28 
2136.65 
2136.28 
2136.58 
2136.685 
2137.01 
2136.61 
2136.955 
2136.63 
2136.935 
2136.515 
2136.8 
2136.12 
2136.37 
2136.015 
2136.3 
2136.025 
2136.26 
2135.9 
2136.195 
2136.315 
2136.625 
2136.275 
2136.535 
2136.275 
2136.54 
2136.195 
2136.545 
2135.77 
2136.03 
2135.78 
2136.1 
2135.8 
2136.04 
2135.685 
2135.995 
2136.145 
2136.46 
2136.125 
2136.465 
2136.145 
2136.48 
2136.13 
2136.5 
2135.75 
2136.075 
2135.74 
2136.065 
2135.75 
2136.13 
2135.77 
2136.135 
2136.235 
2136.605 
2136.25 
2136.635 
2136.32 
2136.65 
2136.305 
2136.665 
2135.885 
2136.295 
2135.88 
2136.215 
2135.93 
2136.255 
2135.935 
2136.28 
2136.44 
2136.73 
2136.35 
2136.67 
2136.445 
2136.78 
2136.435 
2136.815 
2135.975 
2136.3 
2136.05 
2136.3 
2136.03 
2136.34 
2135.99 
2136.3 
2136.455 
2136.71 
2136.425 
2136.74 
2136.38 
2136.68 
2136.365 
2136.755 
2136.025 
2136.25 
2135.87 
2136.19 
2135.9 
2136.22 
2135.875 
2136.14 
2136.25 
2136.505 
2136.145 
2136.495 
2136.11 
2136.54 
2136.005 
2136.415 
2135.635 
2135.9 
2135.575 
2135.85 
2135.575 
2135.875 
2135.48 
2135.84 
2135.88 
2136.235 
2135.755 
2136.15 
2135.765 
2136.14 
2135.71 
2136.03 
2135.325 
2135.6 
2135.285 
2135.545 
2135.265 
2135.585 
2135.21 
2135.51 
2135.625 
2135.925 
2135.54 
2135.93 
2135.71 
2135.985 
2135.65 
2136.025 
2135.27 
2135.62 
2135.27 
2135.545 
2135.31 
2135.645 
2135.32 
2135.7 
2135.745 
2136.075 
2135.795 
2136.105 
2135.895 
2136.2 
2135.84 
2136.28 
2135.515 
2135.84 
2135.535 
2135.88 
2135.565 
2135.895 
2135.54 
2135.975 
2136.075 
2136.355 
2136.005 
2136.385 
2136.095 
2136.415 
2136.085 
2136.475 
2135.7 
2135.955 
2135.705 
2135.945 
2135.7 
2135.97 
2135.595 
2135.955 
2136.1 
2136.38 
2136.015 
2136.32 
2135.975 
2136.3 
2135.895 
2136.31 
2135.545 
2135.8 
2135.435 
2135.77 
2135.41 
2135.715 
2135.41 
2135.65 
2135.71 
2136.025 
2135.71 
2135.985 
2135.685 
2135.98 
2135.655 
2135.96 
2135.13 
2135.47 
2135.21 
2135.43 
2135.085 
2135.355 
2135.055 
2135.395 
2135.39 
2135.675 
2135.37 
2135.695 
2135.365 
2135.67 
2135.325 
2135.64 
2134.895 
2135.155 
2134.86 
2135.175 
2134.935 
2135.215 
2134.775 
2135.195 
2135.28 
2135.575 
2135.22 
2135.59 
2135.265 
2135.56 
2135.21 
2135.645 
2134.945 
2135.195 
2134.88 
2135.24 
2134.95 
2135.3 
2134.92 
2135.265 
2135.355 
2135.735 
2135.425 
2135.815 
2135.46 
2135.755 
2135.42 
2135.82 
2135.095 
2135.425 
2135.025 
2135.43 
2135.165 
2135.465 
2135.14 
2135.535 
2135.615 
2135.89 
2135.595 
2135.93 
2135.7 
2136.075 
2135.675 
2136.005 
2135.165 
2135.54 
2135.205 
2135.57 
2135.225 
2135.515 
2135.24 
2135.55 
2135.665 
2135.96 
2135.66 
2135.95 
2135.65 
2135.97 
2135.525 
2135.905 
2135.2 
2135.405 
2135.185 
2135.42 
2135.125 
2135.405 
2135.065 
2135.425 
2135.47 
2135.775 
2135.4 
2135.75 
2135.455 
2135.695 
2135.225 
2135.575 
2134.895 
2135.21 
2134.86 
2135.195 
2134.875 
2135.155 
2134.68 
2135.125 
2135.165 
2135.505 
2135.03 
2135.425 
2135.08 
2135.415 
2135.015 
2135.34 
2134.53 
2134.83 
2134.555 
2134.91 
2134.53 
2134.765 
2134.47 
2134.81 
2134.97 
2135.215 
2134.975 
2135.28 
2134.97 
2135.33 
2134.99 
2135.37 
2134.585 
2134.925 
2134.59 
2134.895 
2134.655 
2134.97 
2134.675 
2135.005 
2135.085 
2135.46 
2135.13 
2135.51 
2135.245 
2135.535 
2135.155 
2135.555 
2134.87 
2135.17 
2134.865 
2135.245 
2134.88 
2135.28 
2134.91 
2135.305 
2135.37 
2135.72 
2135.32 
2135.71 
2135.35 
2135.775 
2135.305 
2135.71 
2135.005 
2135.335 
2134.975 
2135.33 
2134.99 
2135.315 
2134.845 
2135.28 
2135.35 
2135.685 
2135.28 
2135.63 
2135.27 
2135.62 
2135.2 
2135.645 
2134.955 
2135.245 
2134.88 
2135.2 
2134.915 
2135.23 
2134.87 
2135.21 
2135.2 
2135.47 
2135.145 
2135.49 
2135.14 
2135.49 
2135.065 
2135.445 
2134.64 
2134.995 
2134.61 
2134.955 
2134.56 
2134.955 
2134.54 
2134.9 
2134.885 
2135.235 
2134.805 
2135.245 
2134.84 
2135.2 
2134.82 
2135.225 
2134.305 
2134.715 
2134.345 
2134.68 
2134.3 
2134.645 
2134.25 
2134.575 
2134.665 
2135.075 
2134.665 
2135.015 
2134.73 
2135.08 
2134.69 
2135.075 
2134.4 
2134.815 
2134.335 
2134.7 
2134.35 
2134.74 
2134.37 
2134.745 
2134.86 
2135.255 
2134.88 
2135.215 
2134.93 
2135.375 
2134.935 
2135.335 
2134.665 
2135.0 
2134.655 
2135.0 
2134.68 
2135.09 
2134.695 
2135.135 
2135.16 
2135.535 
2135.13 
2135.575 
2135.22 
2135.58 
2135.17 
2135.6 
2134.765 
2135.105 
2134.835 
2135.135 
2134.84 
2135.145 
2134.675 
2135.15 
2135.215 
2135.58 
2135.185 
2135.505 
2135.11 
2135.485 
2135.03 
2135.48 
2134.72 
2135.12 
2134.57 
2134.97 
2134.56 
2134.99 
2134.48 
2134.87 
2134.92 
2135.25 
2134.855 
2135.23 
2134.905 
2135.18 
2134.775 
2135.145 
2134.41 
2134.76 
2134.305 
2134.645 
2134.24 
2134.555 
2134.255 
2134.53 
2134.625 
2134.96 
2134.55 
2134.89 
2134.545 
2134.85 
2134.45 
2134.815 
2134.155 
2134.49 
2134.16 
2134.515 
2134.175 
2134.51 
2134.14 
2134.485 
2134.56 
2134.92 
2134.545 
2134.955 
2134.57 
2134.915 
2134.57 
2134.96 
2134.23 
2134.57 
2134.18 
2134.55 
2134.25 
2134.66 
2134.255 
2134.71 
2134.73 
2135.135 
2134.755 
2135.11 
2134.77 
2135.18 
2134.77 
2135.185 
2134.46 
2134.865 
2134.455 
2134.84 
2134.405 
2134.845 
2134.465 
2134.865 
2134.96 
2135.375 
2134.905 
2135.205 
2134.915 
2135.33 
2134.94 
2135.32 
2134.58 
2134.93 
2134.535 
2134.88 
2134.58 
2134.905 
2134.485 
2134.805 
2134.955 
2135.28 
2134.87 
2135.29 
2134.895 
2135.205 
2134.84 
2135.22 
2134.58 
2134.955 
2134.48 
2134.85 
2134.44 
2134.8 
2134.415 
2134.775 
2134.78 
2135.16 
2134.74 
2135.145 
2134.755 
2135.015 
2134.605 
2134.975 
2134.28 
2134.655 
2134.175 
2134.49 
2134.115 
2134.435 
2134.015 
2134.39 
2134.475 
2134.815 
2134.335 
2134.785 
2134.355 
2134.68 
2134.34 
2134.715 
2133.92 
2134.25 
2133.885 
2134.2 
2133.865 
2134.175 
2133.81 
2134.095 
2134.24 
2134.6 
2134.29 
2134.625 
2134.325 
2134.65 
2134.28 
2134.69 
2133.935 
2134.305 
2133.935 
2134.23 
2134.0 
2134.345 
2134.025 
2134.395 
2134.485 
2134.785 
2134.475 
2134.88 
2134.535 
2134.93 
2134.63 
2134.95 
2134.32 
2134.68 
2134.315 
2134.64 
2134.3 
2134.66 
2134.33 
2134.735 
2134.84 
2135.19 
2134.77 
2135.175 
2134.79 
2135.22 
2134.815 
2135.185 
2134.395 
2134.795 
2134.38 
2134.765 
2134.365 
2134.725 
2134.355 
2134.765 
2134.8 
2135.135 
2134.74 
2135.145 
2134.765 
2135.075 
2134.72 
2135.045 
2134.365 
2134.62 
2134.29 
2134.57 
2134.235 
2134.565 
2134.21 
2134.515 
2134.64 
2134.955 
2134.62 
2134.885 
2134.615 
2134.85 
2134.43 
2134.85 
2134.03 
2134.325 
2134.035 
2134.315 
2133.975 
2134.3 
2133.98 
2134.26 
2134.345 
2134.615 
2134.275 
2134.605 
2134.3 
2134.605 
2134.25 
2134.64 
2133.785 
2134.05 
2133.785 
2134.135 
2133.805 
2134.07 
2133.765 
2134.075 
2134.185 
2134.53 
2134.17 
2134.535 
2134.195 
2134.51 
2134.16 
2134.615 
2133.865 
2134.195 
2133.85 
2134.185 
2133.89 
2134.25 
2133.98 
2134.285 
2134.35 
2134.755 
2134.395 
2134.76 
2134.475 
2134.84 
2134.43 
2134.83 
2134.135 
2134.5 
2134.14 
2134.485 
2134.185 
2134.5 
2134.26 
2134.595 
2134.695 
2135.005 
2134.63 
2134.97 
2134.73 
2135.095 
2134.73 
2135.015 
2134.32 
2134.6 
2134.32 
2134.615 
2134.35 
2134.615 
2134.315 
2134.61 
2134.745 
2134.98 
2134.645 
2135.01 
2134.67 
2135.005 
2134.635 
2135.01 
2134.37 
2134.565 
2134.195 
2134.53 
2134.2 
2134.515 
2134.155 
2134.39 
2134.455 
2134.765 
2134.445 
2134.82 
2134.435 
2134.82 
2134.36 
2134.7 
2133.975 
2134.335 
2133.92 
2134.17 
2133.82 
2134.19 
2133.785 
2134.1 
2134.115 
2134.535 
2134.115 
2134.49 
2134.15 
2134.49 
2134.18 
2134.425 
2133.665 
2133.99 
2133.685 
2133.935 
2133.705 
2133.96 
2133.705 
2133.965 
2134.14 
2134.45 
2134.12 
2134.47 
2134.16 
2134.48 
2134.17 
2134.54 
2133.825 
2134.105 
2133.785 
2134.1 
2133.88 
2134.19 
2133.885 
2134.3 
2134.375 
2134.66 
2134.35 
2134.725 
2134.45 
2134.76 
2134.4 
2134.765 
2134.1 
2134.425 
2134.055 
2134.415 
2134.035 
2134.425 
2134.09 
2134.475 
2134.58 
2134.93 
2134.505 
2134.91 
2134.59 
2134.94 
2134.57 
2134.94 
2134.16 
2134.55 
2134.105 
2134.49 
2134.195 
2134.52 
2134.185 
2134.5 
2134.61 
2134.835 
2134.585 
2134.905 
2134.62 
2134.885 
2134.52 
2134.93 
2134.105 
2134.445 
2134.09 
2134.4 
2134.105 
2134.325 
2134.13 
2134.365 
2134.395 
2134.74 
2134.41 
2134.725 
2134.435 
2134.695 
2134.325 
2134.625 
2133.89 
2134.155 
2133.82 
2134.15 
2133.82 
2134.06 
2133.71 
2134.115 
2134.09 
2134.43 
2133.97 
2134.425 
2134.03 
2134.395 
2134.01 
2134.325 
2133.675 
2133.97 
2133.65 
2133.935 
2133.61 
2133.97 
2133.59 
2133.895 
2134.06 
2134.39 
2134.05 
2134.405 
2134.04 
2134.39 
2134.05 
2134.445 
2133.69 
2134.06 
2133.68 
2134.05 
2133.705 
2134.11 
2133.8 
2134.145 
2134.265 
2134.57 
2134.285 
2134.6 
2134.32 
2134.65 
2134.27 
2134.64 
2133.945 
2134.405 
2133.99 
2134.35 
2133.955 
2134.365 
2134.03 
2134.395 
2134.475 
2134.89 
2134.41 
2134.845 
2134.525 
2134.86 
2134.51 
2134.84 
2134.135 
2134.475 
2134.075 
2134.415 
2134.175 
2134.44 
2134.09 
2134.415 
2134.485 
2134.815 
2134.515 
2134.775 
2134.47 
2134.82 
2134.48 
2134.825 
2134.125 
2134.385 
2133.99 
2134.31 
2133.99 
2134.285 
2133.935 
2134.245 
2134.27 
2134.65 
2134.195 
2134.645 
2134.265 
2134.56 
2134.2 
2134.495 
2133.725 
2134.12 
2133.745 
2134.045 
2133.585 
2133.975 
2133.555 
2133.885 
2134.015 
2134.335 
2133.94 
2134.26 
2133.91 
2134.235 
2133.975 
2134.235 
2133.495 
2133.81 
2133.47 
2133.785 
2133.505 
2133.755 
2133.455 
2133.755 
2133.92 
2134.24 
2133.985 
2134.285 
2133.905 
2134.295 
2133.995 
2134.34 
2133.62 
2133.95 
2133.575 
2133.94 
2133.68 
2133.98 
2133.675 
2134.04 
2134.16 
2134.51 
2134.205 
2134.535 
2134.32 
2134.62 
2134.29 
2134.625 
2133.995 
2134.32 
2134.005 
2134.355 
2134.015 
2134.355 
2133.94 
2134.34 
2134.48 
2134.825 
2134.435 
2134.8 
2134.49 
2134.86 
2134.44 
2134.79 
2134.095 
2134.405 
2134.05 
2134.41 
2134.03 
2134.365 
2134.005 
2134.32 
2134.495 
2134.81 
2134.4 
2134.78 
2134.44 
2134.74 
2134.405 
2134.76 
2134.0 
2134.33 
2133.94 
2134.2 
2133.885 
2134.245 
2133.875 
2134.22 
2134.265 
2134.595 
2134.225 
2134.565 
2134.275 
2134.575 
2134.2 
2134.475 
2133.705 
2134.01 
2133.68 
2133.965 
2133.61 
2133.935 
2133.59 
2133.96 
2134.01 
2134.355 
2133.955 
2134.255 
2133.955 
2134.25 
2134.01 
2134.265 
2133.445 
2133.835 
2133.34 
2133.82 
2133.455 
2133.79 
2133.385 
2133.695 
2133.895 
2134.27 
2133.86 
2134.25 
2133.87 
2134.25 
2133.865 
2134.275 
2133.52 
2133.87 
2133.48 
2133.875 
2133.61 
2133.905 
2133.635 
2133.935 
2134.05 
2134.415 
2134.11 
2134.53 
2134.23 
2134.54 
2134.235 
2134.53 
2133.86 
2134.205 
2133.91 
2134.25 
2133.94 
2134.275 
2133.91 
2134.29 
2134.455 
2134.72 
2134.37 
2134.735 
2134.45 
2134.765 
2134.475 
2134.79 
2134.045 
2134.295 
2134.095 
2134.345 
2134.08 
2134.355 
2134.0 
2134.34 
2134.45 
2134.765 
2134.415 
2134.765 
2134.41 
2134.705 
2134.35 
2134.72 
2133.99 
2134.37 
2133.955 
2134.3 
2133.92 
2134.19 
2133.885 
2134.17 
2134.235 
2134.53 
2134.1 
2134.53 
2134.14 
2134.445 
2134.12 
2134.395 
2133.71 
2134.0 
2133.62 
2133.96 
2133.555 
2133.925 
2133.485 
2133.88 
2133.955 
2134.225 
2133.815 
2134.21 
2133.88 
2134.215 
2133.87 
2134.185 
2133.42 
2133.75 
2133.405 
2133.74 
2133.425 
2133.755 
2133.415 
2133.69 
2133.86 
2134.155 
2133.915 
2134.185 
2133.95 
2134.255 
2133.93 
2134.33 
2133.58 
2133.9 
2133.495 
2133.87 
2133.59 
2133.9 
2133.65 
2133.955 
2134.125 
2134.44 
2134.12 
2134.49 
2134.23 
2134.58 
2134.235 
2134.635 
2133.845 
2134.22 
2133.82 
2134.195 
2133.855 
2134.25 
2133.87 
2134.255 
2134.34 
2134.725 
2134.235 
2134.66 
2134.305 
2134.72 
2134.37 
2134.655 
2133.94 
2134.265 
2133.91 
2134.255 
2133.94 
2134.255 
2133.915 
2134.235 
2134.35 
2134.71 
2134.325 
2134.625 
2134.33 
2134.58 
2134.265 
2134.63 
2133.875 
2134.16 
2133.76 
2134.055 
2133.8 
2134.095 
2133.81 
2134.09 
2134.18 
2134.395 
2134.125 
2134.47 
2134.14 
2134.425 
2134.02 
2134.36 
2133.585 
2133.915 
2133.575 
2133.83 
2133.48 
2133.84 
2133.475 
2133.81 
2133.89 
2134.15 
2133.825 
2134.19 
2133.835 
2134.135 
2133.745 
2134.1 
2133.425 
2133.665 
2133.33 
2133.64 
2133.385 
2133.64 
2133.285 
2133.62 
2133.8 
2134.16 
2133.8 
2134.14 
2133.825 
2134.145 
2133.83 
2134.245 
2133.49 
2133.83 
2133.45 
2133.845 
2133.54 
2133.905 
2133.59 
2133.92 
2134.01 
2134.395 
2134.065 
2134.445 
2134.14 
2134.475 
2134.16 
2134.52 
2133.81 
2134.145 
2133.83 
2134.18 
2133.89 
2134.17 
2133.9 
2134.21 
2134.37 
2134.69 
2134.335 
2134.685 
2134.355 
2134.75 
2134.415 
2134.8 
2134.0 
2134.29 
2133.915 
2134.305 
2133.995 
2134.28 
2133.95 
2134.3 
2134.345 
2134.645 
2134.345 
2134.635 
2134.305 
2134.62 
2134.285 
2134.655 
2133.815 
2134.135 
2133.76 
2134.09 
2133.735 
2134.08 
2133.68 
2134.015 
2134.06 
2134.42 
2134.06 
2134.4 
2134.04 
2134.35 
2134.005 
2134.29 
2133.575 
2133.825 
2133.49 
2133.785 
2133.425 
2133.775 
2133.405 
2133.685 
2133.795 
2134.075 
2133.82 
2134.095 
2133.83 
2134.11 
2133.79 
2134.14 
2133.365 
2133.68 
2133.365 
2133.705 
2133.43 
2133.675 
2133.355 
2133.69 
2133.78 
2134.125 
2133.81 
2134.205 
2133.85 
2134.215 
2133.83 
2134.245 
2133.545 
2133.81 
2133.515 
2133.84 
2133.54 
2133.93 
2133.66 
2133.945 
2134.09 
2134.425 
2134.105 
2134.51 
2134.21 
2134.515 
2134.095 
2134.485 
2133.885 
2134.26 
2133.89 
2134.24 
2133.91 
2134.27 
2133.865 
2134.27 
2134.37 
2134.73 
2134.315 
2134.705 
2134.36 
2134.765 
2134.335 
2134.735 
2133.96 
2134.335 
2133.975 
2134.27 
2133.975 
2134.3 
2133.86 
2134.19 
2134.335 
2134.66 
2134.34 
2134.685 
2134.28 
2134.61 
2134.235 
2134.595 
2133.83 
2134.14 
2133.75 
2134.09 
2133.715 
2134.06 
2133.7 
2134.055 
2134.125 
2134.365 
2134.045 
2134.36 
2134.075 
2134.31 
2134.03 
2134.335 
2133.495 
2133.805 
2133.485 
2133.78 
2133.445 
2133.75 
2133.395 
2133.75 
2133.83 
2134.175 
2133.79 
2134.09 
2133.825 
2134.075 
2133.785 
2134.095 
2133.36 
2133.725 
2133.28 
2133.7 
2133.355 
2133.69 
2133.28 
2133.645 
2133.8 
2134.11 
2133.755 
2134.16 
2133.76 
2134.14 
2133.835 
2134.16 
2133.43 
2133.83 
2133.41 
2133.8 
2133.515 
2133.86 
2133.53 
2133.885 
2133.97 
2134.4 
2133.975 
2134.35 
2134.1 
2134.44 
2134.06 
2134.435 
2133.78 
2134.135 
2133.8 
2134.155 
2133.77 
2134.17 
2133.845 
2134.205 
2134.285 
2134.55 
2134.295 
2134.615 
2134.32 
2134.645 
2134.335 
2134.63 
2133.85 
2134.275 
2133.86 
2134.245 
2133.89 
2134.185 
2133.85 
2134.16 
2134.33 
2134.595 
2134.24 
2134.565 
2134.31 
2134.555 
2134.21 
2134.58 
2133.865 
2134.2 
2133.715 
2134.12 
2133.76 
2134.1 
2133.68 
2134.025 
2134.105 
2134.385 
2134.04 
2134.39 
2134.055 
2134.35 
2133.92 
2134.25 
2133.55 
2133.865 
2133.485 
2133.805 
2133.36 
2133.76 
2133.31 
2133.635 
2133.795 
2134.11 
2133.695 
2134.095 
2133.705 
2134.035 
2133.72 
2134.04 
2133.245 
2133.615 
2133.27 
2133.62 
2133.325 
2133.66 
2133.22 
2133.59 
2133.71 
2134.02 
2133.76 
2134.13 
2133.81 
2134.085 
2133.845 
2134.225 
2133.435 
2133.785 
2133.38 
2133.79 
2133.52 
2133.825 
2133.52 
2133.87 
2133.955 
2134.295 
2134.045 
2134.415 
2134.155 
2134.47 
2134.145 
2134.5 
2133.735 
2134.165 
2133.72 
2134.075 
2133.735 
2134.105 
2133.745 
2134.1 
2134.235 
2134.53 
2134.2 
2134.555 
2134.24 
2134.61 
2134.215 
2134.535 
2133.85 
2134.215 
2133.81 
2134.2 
2133.81 
2134.12 
2133.74 
2134.09 
2134.18 
2134.515 
2134.195 
2134.505 
2134.2 
2134.46 
2134.095 
2134.465 
2133.745 
2134.04 
2133.655 
2133.945 
2133.665 
2134.01 
2133.67 
2133.985 
2134.03 
2134.26 
2133.98 
2134.33 
2134.02 
2134.255 
2133.955 
2134.23 
2133.39 
2133.73 
2133.395 
2133.735 
2133.395 
2133.69 
2133.38 
2133.7 
2133.79 
2134.065 
2133.74 
2134.055 
2133.735 
2134.055 
2133.68 
2134.09 
2133.3 
2133.595 
2133.235 
2133.58 
2133.31 
2133.66 
2133.225 
2133.555 
2133.67 
2134.11 
2133.71 
2134.1 
2133.73 
2134.05 
2133.72 
2134.115 
2133.425 
2133.795 
2133.4 
2133.79 
2133.475 
2133.825 
2133.445 
2133.8 
2133.935 
2134.32 
2133.97 
2134.31 
2134.06 
2134.37 
2134.05 
2134.44 
2133.735 
2134.035 
2133.755 
2134.085 
2133.78 
2134.16 
2133.825 
2134.18 
2134.24 
2134.545 
2134.27 
2134.555 
2134.275 
2134.625 
2134.31 
2134.64 
2133.815 
2134.195 
2133.88 
2134.165 
2133.91 
2134.22 
2133.77 
2134.215 
2134.285 
2134.57 
2134.29 
2134.58 
2134.245 
2134.575 
2134.245 
2134.56 
2133.82 
2134.14 
2133.665 
2134.01 
2133.665 
2134.045 
2133.65 
2133.93 
2133.965 
2134.355 
2133.98 
2134.31 
2133.945 
2134.295 
2133.915 
2134.17 
2133.45 
2133.79 
2133.35 
2133.75 
2133.345 
2133.645 
2133.32 
2133.65 
2133.7 
2134.03 
2133.675 
2134.03 
2133.76 
2134.005 
2133.71 
2134.025 
2133.255 
2133.555 
2133.27 
2133.635 
2133.315 
2133.6 
2133.285 
2133.595 
2133.755 
2134.04 
2133.765 
2134.115 
2133.805 
2134.16 
2133.8 
2134.21 
2133.435 
2133.785 
2133.455 
2133.755 
2133.475 
2133.875 
2133.54 
2133.895 
2134.025 
2134.385 
2134.065 
2134.43 
2134.155 
2134.46 
2134.055 
2134.505 
2133.77 
2134.11 
2133.72 
2134.145 
2133.78 
2134.12 
2133.805 
2134.095 
2134.22 
2134.585 
2134.23 
2134.58 
2134.355 
2134.61 
2134.305 
2134.62 
2133.845 
2134.175 
2133.79 
2134.165 
2133.855 
2134.23 
2133.785 
2134.12 
2134.255 
2134.52 
2134.245 
2134.57 
2134.225 
2134.485 
2134.19 
2134.545 
2133.77 
2134.095 
2133.665 
2134.02 
2133.695 
2134.085 
2133.665 
2133.975 
2134.07 
2134.29 
2134.005 
2134.37 
2133.945 
2134.355 
2133.925 
2134.21 
2133.475 
2133.745 
2133.43 
2133.725 
2133.385 
2133.67 
2133.355 
2133.7 
2133.775 
2134.085 
2133.725 
2134.06 
2133.67 
2134.09 
2133.725 
2134.035 
2133.195 
2133.54 
2133.21 
2133.535 
2133.26 
2133.535 
2133.135 
2133.53 
2133.615 
2134.055 
2133.615 
2134.005 
2133.755 
2134.025 
2133.74 
2134.155 
2133.33 
2133.685 
2133.39 
2133.695 
2133.505 
2133.795 
2133.51 
2133.825 
2133.915 
2134.235 
2134.0 
2134.355 
2134.025 
2134.405 
2134.035 
2134.395 
2133.73 
2134.07 
2133.75 
2134.065 
2133.745 
2134.085 
2133.745 
2134.155 
2134.22 
2134.585 
2134.19 
2134.515 
2134.3 
2134.58 
2134.225 
2134.59 
2133.82 
2134.14 
2133.845 
2134.165 
2133.855 
2134.155 
2133.79 
2134.085 
2134.255 
2134.6 
2134.175 
2134.55 
2134.11 
2134.48 
2134.07 
2134.47 
2133.795 
2134.15 
2133.66 
2134.04 
2133.66 
2134.03 
2133.62 
2133.965 
2133.985 
2134.315 
2133.935 
2134.295 
2133.955 
2134.285 
2133.875 
2134.17 
2133.42 
