Run 0 on 20200811 on sample T20-5d, LT thermometer,  dT/T0 = 0.02
Time per point = 3.125e-05 seconds
1605.51 
1605.21 
1605.55 
1605.215 
1605.57 
1605.2 
1605.55 
1604.66 
1605.035 
1604.605 
1605.0 
1604.585 
1604.965 
1604.555 
1604.87 
1604.88 
1605.29 
1604.835 
1605.275 
1604.855 
1605.195 
1604.785 
1605.135 
1604.34 
1604.65 
1604.255 
1604.6 
1604.235 
1604.525 
1604.16 
1604.51 
1604.635 
1604.925 
1604.48 
1604.87 
1604.555 
1604.88 
1604.57 
1604.81 
1604.105 
1604.425 
1604.07 
1604.385 
1604.11 
1604.38 
1604.06 
1604.34 
1604.455 
1604.8 
1604.465 
1604.765 
1604.505 
1604.88 
1604.54 
1604.825 
1604.065 
1604.395 
1604.06 
1604.45 
1604.06 
1604.405 
1604.105 
1604.45 
1604.585 
1604.925 
1604.635 
1604.965 
1604.75 
1605.02 
1604.675 
1605.135 
1604.28 
1604.625 
1604.235 
1604.705 
1604.43 
1604.835 
1604.505 
1604.885 
1605.05 
1605.435 
1605.06 
1605.485 
1605.24 
1605.615 
1605.295 
1605.72 
1604.97 
1605.355 
1604.995 
1605.42 
1605.04 
1605.45 
1605.16 
1605.53 
1605.6 
1605.955 
1605.71 
1606.045 
1605.66 
1605.99 
1605.67 
1605.98 
1605.29 
1605.595 
1605.28 
1605.58 
1605.24 
1605.52 
1605.17 
1605.4 
1605.47 
1605.755 
1605.435 
1605.785 
1605.405 
1605.675 
1605.33 
1605.655 
1604.81 
1605.04 
1604.68 
1604.935 
1604.615 
1604.91 
1604.495 
1604.775 
1604.82 
1605.065 
1604.69 
1605.065 
1604.665 
1604.93 
1604.525 
1604.87 
1603.905 
1604.185 
1603.755 
1604.07 
1603.74 
1604.02 
1603.59 
1603.965 
1604.0 
1604.315 
1603.89 
1604.265 
1603.81 
1604.125 
1603.755 
1604.12 
1603.325 
1603.61 
1603.235 
1603.575 
1603.25 
1603.535 
1603.235 
1603.545 
1603.655 
1603.93 
1603.64 
1603.985 
1603.67 
1603.975 
1603.76 
1604.065 
1603.38 
1603.72 
1603.415 
1603.705 
1603.475 
1603.86 
1603.555 
1603.935 
1604.065 
1604.38 
1604.145 
1604.595 
1604.33 
1604.655 
1604.435 
1604.75 
1603.995 
1604.34 
1604.115 
1604.455 
1604.17 
1604.48 
1604.265 
1604.58 
1604.75 
1604.995 
1604.72 
1605.095 
1604.755 
1605.105 
1604.765 
1605.1 
1604.22 
1604.605 
1604.235 
1604.58 
1604.235 
1604.485 
1604.08 
1604.43 
1604.52 
1604.865 
1604.5 
1604.715 
1604.43 
1604.71 
1604.315 
1604.7 
1603.855 
1604.17 
1603.82 
1604.095 
1603.735 
1604.085 
1603.665 
1604.01 
1604.085 
1604.375 
1603.995 
1604.3 
1603.97 
1604.235 
1603.87 
1604.17 
1603.415 
1603.735 
1603.455 
1603.66 
1603.385 
1603.67 
1603.32 
1603.615 
1603.66 
1603.99 
1603.725 
1603.935 
1603.635 
1604.02 
1603.625 
1604.015 
1603.125 
1603.43 
1603.14 
1603.465 
1603.19 
1603.515 
1603.18 
1603.58 
1603.615 
1603.94 
1603.66 
1604.065 
1603.675 
1604.045 
1603.68 
1604.17 
1603.275 
1603.615 
1603.285 
1603.705 
1603.35 
1603.78 
1603.425 
1603.805 
1603.955 
1604.285 
1603.975 
1604.405 
1604.11 
1604.47 
1604.185 
1604.61 
1603.775 
1604.245 
1603.835 
1604.225 
1603.9 
1604.325 
1603.945 
1604.325 
1604.405 
1604.71 
1604.355 
1604.77 
1604.415 
1604.76 
1604.405 
1604.72 
1604.045 
1604.345 
1603.915 
1604.24 
1603.915 
1604.19 
1603.81 
1604.08 
1604.13 
1604.405 
1604.035 
1604.395 
1604.04 
1604.28 
1603.91 
1604.17 
1603.285 
1603.49 
1603.265 
1603.475 
1603.155 
1603.445 
1602.96 
1603.27 
1603.325 
1603.55 
1603.205 
1603.57 
1603.145 
1603.425 
1602.97 
1603.24 
1602.32 
1602.64 
1602.205 
1602.51 
1602.115 
1602.36 
1601.925 
1602.285 
1602.315 
1602.57 
1602.185 
1602.46 
1602.045 
1602.52 
1602.035 
1602.33 
1601.56 
1601.855 
1601.37 
1601.755 
1601.375 
1601.7 
1601.31 
1601.65 
1601.695 
1602.06 
1601.7 
1602.025 
1601.69 
1601.985 
1601.625 
1602.015 
1601.315 
1601.615 
1601.365 
1601.685 
1601.425 
1601.75 
1601.39 
1601.81 
1601.845 
1602.17 
1601.905 
1602.345 
1601.975 
1602.31 
1601.96 
1602.395 
1601.53 
1601.895 
1601.625 
1601.97 
1601.65 
1601.94 
1601.51 
1601.965 
1601.995 
1602.315 
1601.935 
1602.335 
1601.89 
1602.27 
1601.79 
1602.2 
1601.33 
1601.55 
1601.14 
1601.495 
1601.12 
1601.37 
1601.035 
1601.29 
1601.305 
1601.6 
1601.22 
1601.52 
1601.1 
1601.35 
1600.985 
1601.25 
1600.35 
1600.65 
1600.22 
1600.555 
1600.135 
1600.455 
1600.01 
1600.27 
1600.325 
1600.49 
1600.08 
1600.4 
1600.005 
1600.265 
1599.805 
1600.07 
1599.24 
1599.54 
1599.05 
1599.25 
1598.815 
1599.16 
1598.7 
1598.91 
1598.895 
1599.105 
1598.655 
1598.93 
1598.515 
1598.685 
1598.275 
1598.545 
1597.585 
1597.84 
1597.315 
1597.59 
1597.135 
1597.36 
1596.91 
1597.11 
1597.035 
1597.22 
1596.81 
1597.05 
1596.59 
1596.735 
1596.26 
1596.48 
1595.495 
1595.745 
1595.15 
1595.365 
1594.88 
1595.06 
1594.41 
1594.66 
1594.47 
1594.66 
1594.02 
1594.28 
1593.65 
1593.8 
1593.225 
1593.325 
1592.275 
1592.425 
1591.74 
1591.8 
1591.155 
1591.18 
1590.505 
1590.515 
1590.295 
1590.305 
1589.545 
1589.535 
1588.755 
1588.735 
1587.925 
1587.795 
1586.63 
1586.54 
1585.665 
1585.58 
1584.74 
1584.52 
1583.645 
1583.48 
1583.0 
1582.795 
1581.92 
1581.605 
1580.725 
1580.45 
1579.485 
1579.24 
1577.775 
1577.455 
1576.45 
1576.09 
1575.065 
1574.72 
1573.67 
1573.23 
1572.6 
1572.195 
1571.14 
1570.705 
1569.645 
1569.12 
1567.99 
1567.565 
1565.89 
1565.485 
1564.215 
1563.73 
1562.49 
1561.99 
1560.695 
1560.16 
1559.335 
1558.785 
1557.43 
1556.945 
1555.645 
1555.015 
1553.655 
1553.025 
1551.305 
1550.71 
1549.255 
1548.675 
1547.275 
1546.67 
1545.25 
1544.605 
1543.6 
1542.915 
1541.555 
1540.84 
1539.465 
1538.73 
1537.23 
1536.58 
1534.81 
1534.13 
1532.675 
1531.94 
1530.495 
1529.74 
1528.305 
1527.575 
1526.585 
1525.805 
1524.245 
1523.545 
1522.11 
1521.315 
1519.815 
1519.08 
1517.165 
1516.365 
1514.83 
1514.02 
1512.595 
1511.775 
1510.195 
1509.42 
1508.305 
1507.51 
1505.875 
1505.105 
1503.59 
1502.76 
1501.19 
1500.385 
1498.395 
1497.545 
1495.925 
1495.075 
1493.575 
1492.65 
1491.045 
1490.22 
1489.08 
1488.19 
1486.605 
1485.745 
1484.165 
1483.22 
1481.63 
1480.83 
1478.835 
1477.97 
1476.36 
1475.485 
1473.915 
1473.045 
1471.445 
1470.595 
1469.445 
1468.565 
1466.925 
1466.165 
1464.48 
1463.675 
1462.1 
1461.21 
1459.26 
1458.38 
1456.79 
1455.925 
1454.41 
1453.525 
1451.95 
1451.11 
1449.905 
1449.105 
1447.52 
1446.64 
1445.205 
1444.32 
1442.785 
1441.955 
1440.04 
1439.16 
1437.63 
1436.815 
1435.275 
1434.465 
1432.985 
1432.22 
1431.15 
1430.265 
1428.77 
1428.06 
1426.62 
1425.79 
1424.335 
1423.575 
1421.675 
1420.885 
1419.39 
1418.61 
1417.215 
1416.445 
1415.045 
1414.3 
1413.295 
1412.58 
1411.19 
1410.545 
1409.03 
1408.38 
1406.94 
1406.295 
1404.415 
1403.735 
1402.295 
1401.6 
1400.27 
1399.565 
1398.09 
1397.48 
1396.47 
1395.855 
1394.455 
1393.77 
1392.425 
1391.68 
1390.325 
1389.685 
1387.975 
1387.31 
1385.845 
1385.21 
1383.78 
1383.135 
1381.685 
1381.09 
1380.16 
1379.56 
1378.115 
1377.455 
1376.145 
1375.47 
1374.11 
1373.52 
1371.71 
1371.08 
1369.73 
1369.045 
1367.715 
1367.13 
1365.73 
1365.135 
1364.235 
1363.64 
1362.29 
1361.65 
1360.405 
1359.77 
1358.44 
1357.785 
1356.135 
1355.575 
1354.175 
1353.575 
1352.265 
1351.64 
1350.295 
1349.73 
1348.855 
1348.27 
1346.945 
1346.375 
1345.09 
1344.555 
1343.26 
1342.675 
1340.975 
1340.335 
1339.085 
1338.485 
1337.22 
1336.665 
1335.405 
1334.775 
1333.985 
1333.475 
1332.21 
1331.72 
1330.45 
1329.955 
1328.665 
1328.22 
1326.515 
1326.03 
1324.71 
1324.205 
1322.955 
1322.515 
1321.25 
1320.71 
1319.975 
1319.51 
1318.21 
1317.725 
1316.59 
1316.06 
1314.89 
1314.35 
1312.795 
1312.295 
1311.035 
1310.545 
1309.37 
1308.87 
1307.675 
1307.15 
1306.435 
1305.83 
1304.73 
1304.22 
1303.05 
1302.575 
1301.4 
1300.8 
1299.205 
1298.71 
1297.43 
1296.985 
1295.825 
1295.24 
1294.045 
1293.54 
1292.775 
1292.235 
1291.07 
1290.46 
1289.325 
1288.835 
1287.675 
1287.17 
1285.575 
1284.99 
1283.805 
1283.305 
1282.16 
1281.64 
1280.385 
1279.96 
1279.18 
1278.66 
1277.47 
1277.045 
1275.835 
1275.385 
1274.16 
1273.67 
1272.12 
1271.71 
1270.4 
1269.965 
1268.83 
1268.395 
1267.135 
1266.67 
1265.975 
1265.53 
1264.355 
1263.89 
1262.8 
1262.345 
1261.125 
1260.765 
1259.165 
1258.735 
1257.6 
1257.235 
1256.065 
1255.58 
1254.52 
1254.09 
1253.405 
1252.99 
1251.925 
1251.585 
1250.485 
1250.055 
1249.035 
1248.67 
1247.225 
1246.88 
1245.725 
1245.38 
1244.34 
1244.04 
1242.945 
1242.605 
1241.965 
1241.71 
1240.625 
1240.295 
1239.265 
1238.965 
1237.92 
1237.625 
1236.185 
1235.835 
1234.845 
1234.505 
1233.56 
1233.22 
1232.18 
1231.86 
1231.325 
1230.985 
1230.0 
1229.675 
1228.655 
1228.35 
1227.345 
1227.015 
1225.59 
1225.32 
1224.27 
1223.975 
1222.915 
1222.605 
1221.63 
1221.295 
1220.7 
1220.425 
1219.405 
1219.145 
1218.15 
1217.81 
1216.81 
1216.525 
1215.075 
1214.765 
1213.79 
1213.495 
1212.5 
1212.21 
1211.21 
1210.915 
1210.385 
1210.075 
1209.06 
1208.865 
1207.91 
1207.605 
1206.66 
1206.33 
1204.945 
1204.76 
1203.72 
1203.475 
1202.52 
1202.175 
1201.18 
1200.97 
1200.49 
1200.235 
1199.23 
1199.015 
1198.02 
1197.815 
1196.845 
1196.565 
1195.245 
1194.925 
1193.995 
1193.77 
1192.825 
1192.595 
1191.655 
1191.38 
1190.925 
1190.755 
1189.855 
1189.6 
1188.7 
1188.55 
1187.545 
1187.38 
1186.14 
1185.94 
1185.0 
1184.78 
1183.89 
1183.79 
1182.835 
1182.7 
1182.18 
1182.015 
1181.04 
1180.915 
1180.03 
1179.83 
1178.89 
1178.775 
1177.4 
1177.275 
1176.33 
1176.115 
1175.305 
1175.045 
1174.105 
1173.96 
1173.5 
1173.3 
1172.37 
1172.15 
1171.26 
1171.055 
1170.125 
1169.945 
1168.68 
1168.435 
1167.395 
1167.25 
1166.33 
1166.135 
1165.14 
1164.85 
1164.4 
1164.2 
1163.22 
1163.05 
1162.095 
1161.9 
1160.865 
1160.67 
1159.33 
1159.07 
1158.135 
1157.96 
1156.995 
1156.785 
1155.78 
1155.59 
1155.15 
1154.88 
1153.885 
1153.71 
1152.775 
1152.56 
1151.575 
1151.385 
1150.135 
1149.88 
1148.925 
1148.755 
1147.825 
1147.525 
1146.575 
1146.44 
1145.98 
1145.715 
1144.79 
1144.56 
1143.645 
1143.54 
1142.525 
1142.375 
1141.105 
1140.825 
1139.935 
1139.795 
1138.93 
1138.7 
1137.775 
1137.64 
1137.245 
1137.035 
1136.145 
1136.07 
1135.145 
1135.035 
1134.13 
1134.07 
1132.86 
1132.725 
1131.86 
1131.68 
1130.85 
1130.79 
1129.895 
1129.825 
1129.4 
1129.295 
1128.435 
1128.425 
1127.565 
1127.51 
1126.62 
1126.585 
1125.31 
1125.21 
1124.385 
1124.265 
1123.49 
1123.36 
1122.48 
1122.48 
1122.08 
1121.98 
1121.11 
1121.045 
1120.205 
1120.145 
1119.235 
1119.195 
1118.05 
1117.995 
1117.11 
1116.995 
1116.195 
1116.055 
1115.26 
1115.165 
1114.77 
1114.6 
1113.83 
1113.73 
1112.9 
1112.835 
1111.98 
1111.93 
1110.675 
1110.635 
1109.755 
1109.7 
1108.86 
1108.755 
1107.975 
1107.85 
1107.495 
1107.445 
1106.575 
1106.535 
1105.735 
1105.675 
1104.81 
1104.825 
1103.665 
1103.54 
1102.74 
1102.72 
1101.925 
1101.86 
1101.06 
1100.995 
1100.655 
1100.57 
1099.735 
1099.755 
1098.915 
1098.945 
1098.02 
1098.06 
1096.935 
1096.82 
1096.08 
1096.01 
1095.375 
1095.33 
1094.47 
1094.535 
1094.2 
1094.215 
1093.47 
1093.5 
1092.785 
1092.775 
1091.995 
1092.02 
1090.955 
1090.96 
1090.225 
1090.235 
1089.57 
1089.59 
1088.845 
1088.88 
1088.685 
1088.66 
1087.94 
1088.005 
1087.32 
1087.355 
1086.64 
1086.65 
1085.63 
1085.66 
1084.925 
1085.02 
1084.325 
1084.38 
1083.57 
1083.685 
1083.415 
1083.44 
1082.7 
1082.765 
1082.115 
1082.16 
1081.39 
1081.52 
1080.4 
1080.395 
1079.645 
1079.75 
1079.07 
1079.075 
1078.325 
1078.35 
1078.08 
1078.175 
1077.415 
1077.46 
1076.795 
1076.77 
1076.02 
1076.12 
1074.955 
1075.065 
1074.255 
1074.39 
1073.66 
1073.655 
1072.92 
1072.93 
1072.685 
1072.715 
1071.945 
1072.05 
1071.33 
1071.27 
1070.67 
1070.615 
1069.68 
1069.72 
1069.055 
1069.025 
1068.335 
1068.35 
1067.595 
1067.605 
1067.385 
1067.385 
1066.7 
1066.745 
1066.02 
1066.065 
1065.345 
1065.41 
1064.345 
1064.35 
1063.64 
1063.675 
1063.045 
1063.065 
1062.345 
1062.395 
1062.19 
1062.265 
1061.485 
1061.605 
1060.95 
1061.08 
1060.345 
1060.465 
1059.485 
1059.55 
1058.84 
1058.965 
1058.36 
1058.45 
1057.735 
1057.81 
1057.695 
1057.82 
1057.06 
1057.27 
1056.62 
1056.75 
1056.065 
1056.205 
1055.185 
1055.295 
1054.65 
1054.735 
1054.13 
1054.245 
1053.62 
1053.755 
1053.6 
1053.67 
1052.995 
1053.12 
1052.49 
1052.655 
1051.965 
1052.1 
1051.1 
1051.155 
1050.545 
1050.645 
1050.075 
1050.145 
1049.455 
1049.64 
1049.45 
1049.525 
1048.83 
1048.975 
1048.35 
1048.475 
1047.81 
1047.965 
1046.93 
1046.985 
1046.345 
1046.445 
1045.835 
1046.01 
1045.29 
1045.405 
1045.23 
1045.32 
1044.645 
1044.835 
1044.23 
1044.26 
1043.6 
1043.765 
1042.805 
1042.885 
1042.155 
1042.28 
1041.7 
1041.815 
1041.11 
1041.245 
1041.085 
1041.12 
1040.465 
1040.64 
1040.02 
1040.13 
1039.455 
1039.595 
1038.545 
1038.665 
1037.975 
1038.105 
1037.48 
1037.56 
1036.935 
1037.075 
1036.885 
1036.96 
1036.365 
1036.52 
1035.865 
1036.02 
1035.34 
1035.605 
1034.605 
1034.685 
1034.115 
1034.26 
1033.735 
1033.77 
1033.18 
1033.345 
1033.16 
1033.31 
1032.63 
1032.835 
1032.255 
1032.37 
1031.785 
1031.91 
1030.93 
1031.065 
1030.43 
1030.635 
1029.995 
1030.11 
1029.525 
1029.69 
1029.52 
1029.68 
1029.0 
1029.125 
1028.555 
1028.71 
1028.05 
1028.15 
1027.205 
1027.315 
1026.685 
1026.83 
1026.265 
1026.34 
1025.68 
1025.805 
1025.615 
1025.74 
1025.155 
1025.265 
1024.71 
1024.835 
1024.175 
1024.335 
1023.305 
1023.465 
1022.77 
1022.885 
1022.32 
1022.485 
1021.8 
1021.935 
1021.79 
1021.915 
1021.305 
1021.445 
1020.835 
1020.95 
1020.3 
1020.46 
1019.475 
1019.625 
1019.005 
1019.145 
1018.595 
1018.685 
1018.07 
1018.215 
1018.1 
1018.145 
1017.635 
1017.69 
1017.2 
1017.28 
1016.66 
1016.86 
1015.8 
1015.965 
1015.445 
1015.54 
1015.045 
1015.145 
1014.63 
1014.71 
1014.635 
1014.73 
1014.155 
1014.365 
1013.84 
1013.975 
1013.39 
1013.585 
1012.62 
1012.805 
1012.235 
1012.43 
1011.92 
1012.09 
1011.55 
1011.75 
1011.68 
1011.845 
1011.29 
1011.54 
1011.01 
1011.2 
1010.665 
1010.85 
1009.985 
1010.215 
1009.595 
1009.82 
1009.24 
1009.43 
1008.94 
1009.11 
1009.035 
1009.245 
1008.655 
1008.955 
1008.42 
1008.605 
1008.06 
1008.26 
1007.38 
1007.565 
1007.085 
1007.22 
1006.77 
1006.9 
1006.4 
1006.595 
1006.43 
1006.655 
1006.155 
1006.36 
1005.89 
1006.04 
1005.485 
1005.73 
1004.775 
1004.92 
1004.405 
1004.57 
1004.055 
1004.225 
1003.67 
1003.88 
1003.89 
1004.05 
1003.52 
1003.765 
1003.24 
1003.435 
1002.765 
1003.03 
1002.055 
1002.31 
1001.74 
1001.99 
1001.44 
1001.615 
1001.215 
1001.355 
1001.27 
1001.46 
1000.95 
1001.235 
1000.655 
1000.88 
1000.36 
1000.59 
999.64 
999.8 
999.35 
999.59 
999.095 
999.29 
998.79 
998.985 
998.995 
999.145 
998.685 
998.91 
998.465 
998.64 
998.115 
998.41 
997.45 
997.635 
997.29 
997.475 
997.065 
997.225 
996.82 
997.1 
996.99 
997.23 
996.725 
997.035 
996.55 
996.795 
996.205 
996.505 
995.7 
995.855 
995.415 
995.64 
995.175 
995.405 
994.815 
995.09 
995.07 
995.29 
994.725 
994.995 
994.46 
994.695 
994.145 
994.355 
993.49 
993.66 
993.24 
993.405 
992.955 
993.135 
992.635 
992.825 
992.81 
992.985 
992.47 
992.75 
992.25 
992.44 
991.88 
992.15 
991.205 
991.39 
990.915 
991.115 
990.645 
990.865 
990.285 
990.505 
990.51 
990.725 
990.225 
990.375 
989.96 
990.095 
989.62 
989.885 
988.99 
989.19 
988.745 
988.92 
988.55 
988.68 
988.21 
988.48 
988.43 
988.585 
988.105 
988.375 
987.81 
988.055 
987.425 
987.775 
986.885 
987.03 
986.57 
986.825 
986.375 
986.605 
985.965 
986.27 
986.235 
986.49 
985.885 
986.215 
985.72 
985.925 
985.435 
985.66 
984.855 
985.085 
984.615 
984.895 
984.45 
984.685 
984.2 
984.37 
984.43 
984.67 
984.175 
984.455 
984.015 
984.26 
983.745 
984.04 
983.175 
983.325 
982.885 
983.12 
982.68 
982.895 
982.39 
982.615 
982.73 
982.9 
982.345 
982.635 
982.165 
982.38 
981.825 
982.155 
981.365 
981.45 
981.03 
981.275 
980.76 
981.04 
980.39 
980.75 
980.66 
980.995 
980.41 
980.78 
980.215 
980.495 
979.9 
980.235 
979.335 
979.595 
979.035 
979.315 
978.775 
979.17 
978.56 
978.85 
978.79 
979.155 
978.495 
978.84 
978.36 
978.635 
978.08 
978.375 
977.63 
977.82 
977.375 
977.62 
977.18 
977.38 
976.89 
977.15 
977.16 
977.405 
976.9 
977.165 
976.78 
977.035 
976.48 
976.825 
975.965 
976.23 
975.68 
975.995 
975.535 
975.785 
975.315 
975.65 
975.58 
975.885 
975.37 
975.635 
975.195 
975.46 
974.965 
975.335 
974.55 
974.87 
974.35 
974.65 
974.15 
974.515 
973.96 
974.315 
974.29 
974.61 
974.015 
974.44 
973.91 
974.205 
973.725 
973.995 
973.16 
973.52 
972.97 
973.3 
972.815 
973.065 
972.52 
972.87 
972.91 
973.135 
972.665 
972.915 
972.53 
972.705 
972.235 
972.54 
971.755 
971.975 
971.42 
971.77 
971.275 
971.6 
971.08 
971.325 
971.305 
971.6 
971.105 
971.365 
970.865 
971.155 
970.685 
970.995 
970.17 
970.425 
969.92 
970.175 
969.7 
970.0 
969.54 
969.785 
969.83 
970.075 
969.58 
969.905 
969.5 
969.725 
969.215 
969.535 
968.745 
969.075 
968.46 
968.755 
968.33 
968.685 
968.145 
968.495 
968.395 
968.765 
968.235 
968.545 
968.115 
968.465 
967.935 
968.285 
967.38 
967.72 
967.205 
967.53 
967.14 
967.425 
966.965 
967.265 
967.28 
967.63 
967.135 
967.515 
967.1 
967.385 
967.005 
967.345 
966.515 
966.84 
966.375 
966.715 
966.29 
966.615 
966.215 
966.56 
966.58 
966.885 
966.395 
966.755 
966.34 
966.66 
966.32 
966.64 
965.835 
966.125 
965.66 
965.97 
965.585 
965.885 
965.45 
965.795 
965.8 
966.11 
965.65 
965.965 
965.54 
965.84 
965.385 
965.77 
965.0 
965.335 
964.785 
965.065 
964.665 
965.015 
964.5 
964.78 
964.745 
965.15 
964.6 
964.96 
964.57 
964.82 
964.36 
964.72 
963.91 
964.2 
963.72 
963.965 
963.555 
963.865 
963.4 
963.715 
963.755 
963.975 
963.58 
963.885 
963.53 
963.72 
963.375 
963.585 
962.775 
963.12 
962.655 
962.905 
962.565 
962.84 
962.35 
962.7 
962.75 
962.96 
962.545 
962.855 
962.355 
962.7 
962.315 
962.59 
961.795 
962.08 
961.545 
961.91 
961.555 
961.84 
961.4 
961.75 
961.77 
962.055 
961.61 
961.94 
961.585 
961.865 
961.46 
961.835 
960.995 
961.34 
960.88 
961.215 
960.86 
961.245 
960.765 
961.045 
961.07 
961.495 
961.075 
961.425 
960.985 
961.375 
961.005 
961.33 
960.49 
960.79 
960.385 
960.795 
960.365 
960.695 
960.305 
960.605 
960.68 
960.95 
960.575 
960.875 
960.555 
960.795 
960.455 
960.72 
959.95 
960.235 
959.785 
960.09 
959.62 
959.945 
959.51 
959.81 
959.785 
960.18 
959.665 
959.955 
959.615 
959.89 
959.425 
959.755 
958.88 
959.17 
958.7 
959.015 
958.535 
958.885 
958.415 
958.645 
958.725 
959.005 
958.54 
958.87 
958.41 
958.68 
958.18 
958.535 
957.75 
958.1 
957.54 
957.82 
957.31 
957.665 
957.15 
957.49 
957.44 
957.79 
957.265 
957.5 
957.12 
957.475 
956.89 
957.245 
956.35 
956.635 
956.2 
956.44 
956.04 
956.345 
955.91 
956.205 
956.21 
956.48 
956.1 
956.375 
956.045 
956.285 
955.865 
956.195 
955.505 
955.72 
955.37 
955.65 
955.25 
955.58 
955.105 
955.495 
955.525 
955.8 
955.465 
955.83 
955.42 
955.74 
955.35 
955.66 
954.875 
955.28 
954.745 
955.145 
954.735 
955.07 
954.585 
955.015 
955.035 
955.36 
954.92 
955.31 
954.85 
955.18 
954.8 
955.09 
954.255 
954.62 
954.11 
954.515 
954.11 
954.45 
953.965 
954.3 
954.35 
954.675 
954.24 
954.6 
954.23 
954.575 
954.12 
954.425 
953.635 
953.91 
953.52 
953.86 
953.425 
953.75 
953.345 
953.67 
953.795 
954.04 
953.625 
953.975 
953.64 
953.885 
953.53 
953.845 
953.06 
953.36 
952.95 
953.265 
952.91 
953.205 
952.77 
953.09 
953.165 
953.495 
953.07 
953.465 
953.0 
953.39 
952.88 
953.29 
952.425 
952.8 
952.38 
952.725 
952.35 
952.65 
952.315 
952.63 
952.69 
953.11 
952.62 
952.985 
952.63 
952.99 
952.515 
952.985 
952.2 
952.64 
952.205 
952.49 
952.2 
952.55 
952.115 
952.55 
952.58 
952.995 
952.56 
952.965 
952.57 
952.91 
952.52 
952.955 
952.09 
952.51 
952.12 
952.42 
952.075 
952.39 
952.035 
952.365 
952.4 
952.755 
952.34 
952.665 
952.325 
952.65 
952.28 
952.545 
951.87 
952.115 
951.695 
952.07 
951.65 
951.965 
951.515 
951.82 
951.86 
952.265 
951.76 
952.08 
951.705 
952.005 
951.565 
951.94 
951.165 
951.44 
951.0 
951.305 
950.94 
951.245 
950.85 
951.13 
951.2 
951.49 
951.005 
951.405 
950.985 
951.315 
950.88 
951.265 
950.36 
950.72 
950.235 
950.585 
950.205 
950.55 
950.13 
950.435 
950.445 
950.77 
950.415 
950.72 
950.395 
950.66 
950.31 
950.605 
949.775 
950.1 
949.695 
949.97 
949.725 
949.97 
949.61 
949.95 
950.06 
950.31 
949.965 
950.335 
950.025 
950.285 
949.975 
950.345 
949.515 
949.91 
949.52 
949.835 
949.49 
949.865 
949.445 
949.835 
949.89 
950.175 
949.83 
950.25 
949.84 
950.21 
949.76 
950.22 
949.38 
949.76 
949.31 
949.69 
949.355 
949.64 
949.24 
949.58 
949.665 
949.995 
949.585 
949.935 
949.525 
949.905 
949.465 
949.865 
949.08 
949.47 
949.01 
949.305 
948.88 
949.245 
948.85 
949.18 
949.19 
949.56 
949.095 
949.465 
949.07 
949.39 
949.015 
949.31 
948.55 
948.905 
948.405 
948.705 
948.305 
948.695 
948.28 
948.595 
948.665 
948.975 
948.59 
948.945 
948.56 
948.875 
948.5 
948.87 
948.075 
948.46 
947.955 
948.32 
947.935 
948.305 
947.835 
948.18 
948.21 
948.595 
948.145 
948.595 
948.125 
948.5 
948.06 
948.445 
947.645 
947.955 
947.575 
947.925 
947.48 
947.875 
947.45 
947.835 
947.89 
948.29 
947.85 
948.255 
947.915 
948.205 
947.855 
948.21 
947.455 
947.765 
947.43 
947.745 
947.42 
947.76 
947.4 
947.685 
947.84 
948.14 
947.815 
948.19 
947.875 
948.125 
947.77 
948.125 
947.285 
947.645 
947.26 
947.635 
947.215 
947.545 
947.145 
947.485 
947.54 
947.855 
947.51 
947.795 
947.51 
947.755 
947.33 
947.635 
946.765 
947.1 
946.585 
947.02 
946.535 
946.915 
946.46 
946.76 
946.78 
947.155 
946.62 
946.94 
946.57 
946.82 
946.375 
946.735 
945.94 
946.17 
945.7 
946.08 
945.58 
945.97 
945.485 
945.82 
945.865 
946.2 
945.75 
946.105 
945.65 
945.95 
945.535 
945.83 
945.085 
945.425 
944.93 
945.265 
944.875 
945.185 
944.685 
945.085 
945.11 
945.345 
944.99 
945.285 
944.91 
945.22 
944.76 
945.145 
944.35 
944.63 
944.235 
944.56 
944.2 
944.46 
944.13 
944.44 
944.565 
944.775 
944.48 
944.765 
944.43 
944.805 
944.435 
944.775 
944.015 
944.37 
943.985 
944.34 
943.955 
944.35 
943.9 
944.305 
944.4 
944.775 
944.35 
944.725 
944.375 
944.745 
944.34 
944.76 
943.97 
944.32 
943.875 
944.255 
943.875 
944.255 
943.855 
944.225 
944.275 
944.595 
944.23 
944.56 
944.245 
944.525 
944.13 
944.525 
943.76 
944.105 
943.705 
944.005 
943.69 
943.92 
943.615 
943.92 
944.005 
944.35 
943.935 
944.275 
943.93 
944.2 
943.885 
944.25 
943.385 
943.69 
943.33 
943.68 
943.335 
943.595 
943.265 
943.61 
943.665 
943.98 
943.635 
943.995 
943.685 
944.0 
943.605 
943.91 
943.08 
943.51 
943.015 
943.4 
942.99 
943.345 
942.9 
943.31 
943.4 
943.71 
943.3 
943.675 
943.335 
943.65 
943.195 
943.62 
942.82 
943.15 
942.74 
943.11 
942.8 
943.135 
942.725 
943.125 
943.18 
943.575 
943.115 
943.55 
943.23 
943.56 
943.18 
943.59 
942.95 
943.32 
942.945 
943.305 
942.9 
943.36 
942.965 
943.29 
943.425 
943.845 
943.36 
943.825 
943.445 
943.785 
943.405 
943.76 
943.055 
943.495 
943.04 
943.37 
943.015 
943.36 
942.95 
943.405 
943.435 
943.77 
943.43 
943.73 
943.38 
943.75 
943.36 
943.68 
942.995 
943.26 
942.965 
943.185 
942.88 
943.17 
942.855 
943.105 
943.195 
943.56 
943.12 
943.47 
943.2 
943.515 
943.03 
943.415 
942.675 
942.955 
942.585 
942.94 
942.555 
942.905 
942.52 
942.805 
942.93 
943.235 
942.86 
943.245 
942.805 
943.195 
942.78 
943.14 
942.31 
942.79 
942.255 
942.63 
942.275 
942.645 
942.2 
942.57 
942.655 
943.0 
942.59 
942.975 
942.575 
943.045 
942.58 
942.975 
942.13 
942.545 
942.12 
942.51 
942.16 
942.545 
942.11 
942.5 
942.57 
942.97 
942.545 
942.98 
942.665 
943.02 
942.62 
943.005 
942.345 
942.64 
942.325 
942.67 
942.415 
942.77 
942.365 
942.75 
942.87 
943.225 
942.83 
943.245 
942.91 
943.215 
942.865 
943.255 
942.475 
942.86 
942.43 
942.725 
942.435 
942.81 
942.415 
942.74 
942.83 
943.19 
942.735 
943.15 
942.805 
943.09 
942.66 
943.035 
942.255 
942.69 
942.2 
942.55 
942.145 
942.485 
942.01 
942.375 
942.42 
942.78 
942.335 
942.69 
942.26 
942.61 
942.14 
942.55 
941.745 
942.045 
941.635 
941.955 
941.57 
941.94 
941.525 
941.78 
941.89 
942.215 
941.815 
942.17 
941.825 
942.045 
941.7 
942.095 
941.285 
941.655 
941.185 
941.535 
941.13 
941.425 
941.01 
941.39 
941.45 
941.845 
941.38 
941.75 
941.36 
941.715 
941.255 
941.695 
940.84 
941.3 
940.825 
941.21 
940.825 
941.17 
940.805 
941.145 
941.24 
941.625 
941.24 
941.61 
941.285 
941.605 
941.225 
941.615 
940.83 
941.28 
940.85 
941.225 
940.865 
941.28 
940.89 
941.275 
941.37 
941.715 
941.29 
941.755 
941.435 
941.715 
941.38 
941.725 
940.92 
941.285 
940.89 
941.26 
940.89 
941.31 
940.89 
941.28 
941.365 
941.605 
941.245 
941.585 
941.27 
941.58 
941.17 
941.495 
940.79 
941.07 
940.655 
941.05 
940.67 
941.005 
940.58 
940.83 
940.935 
941.265 
940.82 
941.225 
940.875 
941.15 
940.705 
941.13 
940.345 
940.64 
940.2 
940.57 
940.21 
940.525 
940.115 
940.515 
940.54 
940.88 
940.39 
940.825 
940.405 
940.77 
940.37 
940.715 
939.935 
940.265 
939.895 
940.27 
939.895 
940.23 
939.8 
940.16 
940.295 
940.58 
940.145 
940.49 
940.19 
940.55 
940.155 
940.495 
939.7 
940.06 
939.7 
940.03 
939.745 
940.04 
939.755 
940.095 
940.135 
940.43 
940.125 
940.505 
940.21 
940.495 
940.175 
940.575 
939.83 
940.235 
939.895 
940.195 
939.815 
940.165 
939.79 
940.185 
940.31 
940.685 
940.255 
940.74 
940.36 
940.75 
940.325 
940.735 
940.03 
940.365 
940.015 
940.39 
939.955 
940.335 
939.88 
940.295 
940.415 
940.775 
940.305 
940.73 
940.405 
940.735 
940.31 
940.715 
939.965 
940.265 
939.89 
940.24 
939.965 
940.25 
939.87 
940.22 
940.305 
940.67 
940.205 
940.55 
940.305 
940.645 
940.285 
940.63 
939.87 
940.18 
939.835 
940.135 
939.865 
940.195 
939.8 
940.135 
940.3 
940.615 
940.245 
940.64 
940.325 
940.67 
940.265 
940.63 
939.885 
940.27 
939.78 
940.225 
939.805 
940.21 
939.805 
940.25 
940.365 
940.69 
940.3 
940.685 
940.375 
940.73 
940.355 
940.72 
939.975 
940.345 
939.91 
940.36 
939.995 
940.465 
939.985 
940.375 
940.485 
940.905 
940.525 
940.945 
940.58 
940.985 
940.585 
941.03 
940.38 
940.7 
940.36 
940.735 
940.47 
940.825 
940.49 
940.865 
940.98 
941.365 
940.98 
941.405 
941.025 
941.41 
941.135 
941.425 
940.695 
941.02 
940.695 
941.06 
940.75 
941.025 
940.705 
941.085 
941.17 
941.515 
941.155 
941.53 
941.22 
941.49 
941.185 
941.52 
940.685 
941.005 
940.6 
941.01 
940.685 
941.04 
940.63 
940.965 
940.995 
941.45 
940.955 
941.395 
941.01 
941.32 
940.905 
941.37 
940.555 
941.01 
940.54 
940.905 
940.525 
940.9 
940.56 
940.92 
941.015 
941.36 
940.955 
941.36 
941.045 
941.335 
940.98 
941.41 
940.625 
940.965 
940.585 
940.955 
940.695 
940.96 
940.635 
940.99 
941.115 
941.39 
941.05 
941.4 
941.065 
941.475 
941.065 
941.405 
940.685 
941.005 
940.69 
941.0 
940.77 
941.04 
940.68 
941.06 
941.19 
941.505 
941.13 
941.52 
941.27 
941.555 
941.15 
941.565 
940.735 
941.155 
940.77 
941.16 
940.815 
941.16 
940.795 
941.13 
941.255 
941.65 
941.18 
941.625 
941.225 
941.625 
941.18 
941.625 
940.825 
941.165 
940.695 
941.13 
940.74 
941.105 
940.675 
941.08 
941.135 
941.435 
940.98 
941.35 
940.965 
941.385 
940.94 
941.255 
940.605 
940.88 
940.435 
940.845 
940.46 
940.745 
940.36 
940.72 
940.71 
941.16 
940.725 
941.04 
940.785 
941.035 
940.585 
940.97 
940.125 
