Run 12 on 20200810 on sample T20-5d, LT thermometer,  dT/T0 = 0.02
Time per point = 3.125e-05 seconds
1132.67 
1132.395 
1132.865 
1132.645 
1133.135 
1132.87 
1133.295 
1132.71 
1133.1 
1132.835 
1133.235 
1132.98 
1133.405 
1133.105 
1133.415 
1133.515 
1134.025 
1133.66 
1134.045 
1133.7 
1134.04 
1133.705 
1134.035 
1133.25 
1133.65 
1133.23 
1133.555 
1133.205 
1133.455 
1133.025 
1133.325 
1133.405 
1133.705 
1133.22 
1133.475 
1133.015 
1133.29 
1132.88 
1133.06 
1132.305 
1132.575 
1132.035 
1132.255 
1131.805 
1131.945 
1131.415 
1131.58 
1131.57 
1131.705 
1131.25 
1131.4 
1131.03 
1131.09 
1130.595 
1130.82 
1129.935 
1130.07 
1129.555 
1129.685 
1129.25 
1129.4 
1128.89 
1129.02 
1129.05 
1129.225 
1128.7 
1128.95 
1128.57 
1128.59 
1128.21 
1128.44 
1127.61 
1127.825 
1127.39 
1127.585 
1127.285 
1127.425 
1126.965 
1127.275 
1127.25 
1127.505 
1127.13 
1127.43 
1127.04 
1127.285 
1126.865 
1127.22 
1126.445 
1126.78 
1126.33 
1126.64 
1126.315 
1126.635 
1126.255 
1126.64 
1126.72 
1127.095 
1126.68 
1127.02 
1126.795 
1127.13 
1126.795 
1127.215 
1126.535 
1126.82 
1126.505 
1126.895 
1126.7 
1127.055 
1126.73 
1127.095 
1127.3 
1127.72 
1127.41 
1127.845 
1127.57 
1127.995 
1127.78 
1128.165 
1127.575 
1127.985 
1127.805 
1128.24 
1127.985 
1128.505 
1128.18 
1128.77 
1129.04 
1129.47 
1129.23 
1129.7 
1129.545 
1130.065 
1129.86 
1130.39 
1129.895 
1130.38 
1130.145 
1130.67 
1130.63 
1131.07 
1130.94 
1131.455 
1131.78 
1132.365 
1132.165 
1132.79 
1132.74 
1133.28 
1133.145 
1133.7 
1133.245 
1133.75 
1133.725 
1134.26 
1134.2 
1134.78 
1134.705 
1135.29 
1135.705 
1136.345 
1136.25 
1136.935 
1136.845 
1137.4 
1137.425 
1137.955 
1137.655 
1138.315 
1138.265 
1138.81 
1138.79 
1139.445 
1139.44 
1139.985 
1140.43 
1141.085 
1141.08 
1141.705 
1141.67 
1142.335 
1142.315 
1142.97 
1142.585 
1143.225 
1143.17 
1143.805 
1143.84 
1144.475 
1144.44 
1145.07 
1145.47 
1146.075 
1146.115 
1146.72 
1146.77 
1147.375 
1147.335 
1148.015 
1147.525 
1148.165 
1148.14 
1148.79 
1148.68 
1149.345 
1149.29 
1149.85 
1150.285 
1150.825 
1150.795 
1151.345 
1151.375 
1151.875 
1151.805 
1152.42 
1151.945 
1152.47 
1152.415 
1152.885 
1152.875 
1153.37 
1153.19 
1153.81 
1154.095 
1154.595 
1154.495 
1154.995 
1154.89 
1155.37 
1155.17 
1155.7 
1155.2 
1155.68 
1155.475 
1155.955 
1155.75 
1156.185 
1156.04 
1156.425 
1156.65 
1157.175 
1156.855 
1157.33 
1157.105 
1157.54 
1157.285 
1157.675 
1157.065 
1157.495 
1157.185 
1157.595 
1157.325 
1157.665 
1157.41 
1157.805 
1157.995 
1158.36 
1157.96 
1158.405 
1158.135 
1158.46 
1158.145 
1158.58 
1157.775 
1158.225 
1157.865 
1158.165 
1157.905 
1158.225 
1157.88 
1158.24 
1158.31 
1158.66 
1158.335 
1158.67 
1158.36 
1158.705 
1158.345 
1158.64 
1157.87 
1158.18 
1157.87 
1158.2 
1157.8 
1158.095 
1157.815 
1158.09 
1158.115 
1158.455 
1158.13 
1158.385 
1158.035 
1158.31 
1157.89 
1158.2 
1157.57 
1157.755 
1157.315 
1157.635 
1157.23 
1157.52 
1157.045 
1157.26 
1157.305 
1157.58 
1157.085 
1157.39 
1156.995 
1157.21 
1156.775 
1157.08 
1156.185 
1156.4 
1155.975 
1156.17 
1155.81 
1156.05 
1155.475 
1155.78 
1155.725 
1155.94 
1155.535 
1155.7 
1155.32 
1155.57 
1155.095 
1155.325 
1154.465 
1154.725 
1154.245 
1154.51 
1154.05 
1154.255 
1153.81 
1154.1 
1154.09 
1154.29 
1153.82 
1154.085 
1153.71 
1153.975 
1153.515 
1153.815 
1153.055 
1153.225 
1152.895 
1153.14 
1152.76 
1153.01 
1152.66 
1152.915 
1153.135 
1153.365 
1153.025 
1153.305 
1153.07 
1153.315 
1153.015 
1153.385 
1152.69 
1153.05 
1152.765 
1153.125 
1152.865 
1153.29 
1153.025 
1153.415 
1153.635 
1154.08 
1153.8 
1154.28 
1154.11 
1154.555 
1154.4 
1154.84 
1154.265 
1154.825 
1154.575 
1155.135 
1154.99 
1155.505 
1155.39 
1155.975 
1156.305 
1156.82 
1156.81 
1157.34 
1157.255 
1157.85 
1157.76 
1158.39 
1158.0 
1158.55 
1158.465 
1159.11 
1159.015 
1159.68 
1159.67 
1160.26 
1160.735 
1161.33 
1161.28 
1162.015 
1162.015 
1162.635 
1162.7 
1163.305 
1162.88 
1163.59 
1163.62 
1164.26 
1164.32 
1164.945 
1164.97 
1165.71 
1166.2 
1166.8 
1166.895 
1167.59 
1167.645 
1168.33 
1168.44 
1169.105 
1168.875 
1169.62 
1169.655 
1170.455 
1170.455 
1171.235 
1171.285 
1171.995 
1172.51 
1173.295 
1173.345 
1174.08 
1174.215 
1174.975 
1175.0 
1175.86 
1175.54 
1176.31 
1176.46 
1177.275 
1177.365 
1178.215 
1178.295 
1179.065 
1179.695 
1180.615 
1180.655 
1181.555 
1181.745 
1182.51 
1182.74 
1183.61 
1183.49 
1184.355 
1184.595 
1185.47 
1185.765 
1186.7 
1186.895 
1187.85 
1188.565 
1189.5 
1189.82 
1190.77 
1191.165 
1192.185 
1192.495 
1193.54 
1193.53 
1194.54 
1194.97 
1196.06 
1196.485 
1197.53 
1198.07 
1199.165 
1200.075 
1201.28 
1201.745 
1202.94 
1203.585 
1204.76 
1205.265 
1206.56 
1206.765 
1207.995 
1208.67 
1209.96 
1210.605 
1211.925 
1212.565 
1213.95 
1215.17 
1216.61 
1217.265 
1218.7 
1219.525 
1220.905 
1221.745 
1223.28 
1223.745 
1225.325 
1226.165 
1227.745 
1228.71 
1230.33 
1231.21 
1232.89 
1234.375 
1236.025 
1237.1 
1238.79 
1239.905 
1241.67 
1242.765 
1244.51 
1245.39 
1247.195 
1248.335 
1250.22 
1251.435 
1253.37 
1254.65 
1256.53 
1258.27 
1260.25 
1261.5 
1263.535 
1264.985 
1267.015 
1268.35 
1270.425 
1271.46 
1273.525 
1274.945 
1277.1 
1278.58 
1280.735 
1282.24 
1284.385 
1286.355 
1288.66 
1290.12 
1292.425 
1294.025 
1296.2 
1297.775 
1300.155 
1301.38 
1303.69 
1305.25 
1307.555 
1309.215 
1311.56 
1313.18 
1315.6 
1317.68 
1320.07 
1321.745 
1324.145 
1325.805 
1328.185 
1329.975 
1332.39 
1333.76 
1336.17 
1337.86 
1340.25 
1342.065 
1344.435 
1346.19 
1348.615 
1350.795 
1353.255 
1354.955 
1357.375 
1359.22 
1361.61 
1363.315 
1365.84 
1367.195 
1369.595 
1371.27 
1373.69 
1375.455 
1377.88 
1379.545 
1382.0 
1384.115 
1386.51 
1388.15 
1390.56 
1392.365 
1394.62 
1396.305 
1398.71 
1400.02 
1402.32 
1403.92 
1406.225 
1407.975 
1410.21 
1411.87 
1414.09 
1416.195 
1418.525 
1420.06 
1422.33 
1423.97 
1426.21 
1427.745 
1430.015 
1431.165 
1433.415 
1434.94 
1437.215 
1438.695 
1440.94 
1442.385 
1444.57 
1446.495 
1448.62 
1450.175 
1452.28 
1453.78 
1455.865 
1457.34 
1459.425 
1460.42 
1462.52 
1463.925 
1465.945 
1467.38 
1469.345 
1470.74 
1472.715 
1474.54 
1476.49 
1477.8 
1479.78 
1481.07 
1482.975 
1484.24 
1486.225 
1486.97 
1488.905 
1490.135 
1491.92 
1493.165 
1495.04 
1496.14 
1498.025 
1499.665 
1501.44 
1502.55 
1504.365 
1505.5 
1507.205 
1508.315 
1510.055 
1510.745 
1512.425 
1513.495 
1515.18 
1516.315 
1517.915 
1518.95 
1520.62 
1521.995 
1523.745 
1524.675 
1526.375 
1527.39 
1528.94 
1529.945 
1531.545 
1532.2 
1533.695 
1534.735 
1536.265 
1537.21 
1538.795 
1539.725 
1541.235 
1542.66 
1544.135 
1545.1 
1546.58 
1547.57 
1549.015 
1549.93 
1551.5 
1552.015 
1553.47 
1554.38 
1555.905 
1556.87 
1558.31 
1559.2 
1560.73 
1562.05 
1563.605 
1564.48 
1565.955 
1566.865 
1568.455 
1569.3 
1570.81 
1571.31 
1572.845 
1573.69 
1575.3 
1576.175 
1577.655 
1578.55 
1580.135 
1581.4 
1583.005 
1583.85 
1585.41 
1586.38 
1587.88 
1588.63 
1590.32 
1590.735 
1592.315 
1593.22 
1594.77 
1595.625 
1597.16 
1598.0 
1599.455 
1600.845 
1602.34 
1603.13 
1604.745 
1605.545 
1607.01 
1607.885 
1609.345 
1609.845 
1611.295 
1612.1 
1613.525 
1614.43 
1615.85 
1616.6 
1617.98 
1619.25 
1620.705 
1621.505 
1622.955 
1623.685 
1625.115 
1625.835 
1627.3 
1627.66 
1629.03 
1629.7 
1631.15 
1631.855 
1633.235 
1633.955 
1635.36 
1636.53 
1637.925 
1638.61 
1640.005 
1640.715 
1642.065 
1642.705 
1644.075 
1644.43 
1645.73 
1646.38 
1647.79 
1648.44 
1649.765 
1650.515 
1651.765 
1652.945 
1654.235 
1654.865 
1656.155 
1656.915 
1658.225 
1658.855 
1660.215 
1660.415 
1661.715 
1662.415 
1663.695 
1664.42 
1665.635 
1666.325 
1667.65 
1668.75 
1670.025 
1670.705 
1672.005 
1672.645 
1673.935 
1674.665 
1675.945 
1676.285 
1677.625 
1678.195 
1679.45 
1680.2 
1681.49 
1682.14 
1683.46 
1684.605 
1685.92 
1686.53 
1687.9 
1688.68 
1689.89 
1690.52 
1691.9 
1692.175 
1693.555 
1694.185 
1695.535 
1696.235 
1697.59 
1698.23 
1699.625 
1700.82 
1702.095 
1702.78 
1704.14 
1704.86 
1706.165 
1706.89 
1708.18 
1708.535 
1709.905 
1710.51 
1711.915 
1712.65 
1713.99 
1714.62 
1716.025 
1717.12 
1718.465 
1719.16 
1720.525 
1721.2 
1722.565 
1723.2 
1724.63 
1724.805 
1726.22 
1726.8 
1728.15 
1728.925 
1730.17 
1730.87 
1732.18 
1733.31 
1734.57 
1735.22 
1736.56 
1737.26 
1738.52 
1739.15 
1740.505 
1740.635 
1741.915 
1742.615 
1743.83 
1744.46 
1745.74 
1746.275 
1747.49 
1748.52 
1749.775 
1750.305 
1751.55 
1752.13 
1753.31 
1753.895 
1755.065 
1755.215 
1756.395 
1756.865 
1758.035 
1758.545 
1759.745 
1760.205 
1761.315 
1762.26 
1763.36 
1763.86 
1764.99 
1765.485 
1766.51 
1767.015 
1768.03 
1768.09 
1769.18 
1769.61 
1770.65 
1771.08 
1772.08 
1772.535 
1773.545 
1774.33 
1775.4 
1775.78 
1776.73 
1777.195 
1778.225 
1778.515 
1779.58 
1779.49 
1780.48 
1780.895 
1781.905 
1782.16 
1783.2 
1783.515 
1784.455 
1785.28 
1786.245 
1786.54 
1787.555 
1787.91 
1788.84 
1789.175 
1790.155 
1790.155 
1791.175 
1791.54 
1792.485 
1792.76 
1793.745 
1794.0 
1794.985 
1795.725 
1796.765 
1797.04 
1798.045 
1798.29 
1799.32 
1799.57 
1800.575 
1800.605 
1801.55 
1801.805 
1802.815 
1803.125 
1804.135 
1804.445 
1805.39 
1806.2 
1807.21 
1807.545 
1808.475 
1808.8 
1809.875 
1810.15 
1811.185 
1811.165 
1812.11 
1812.455 
1813.475 
1813.745 
1814.71 
1815.065 
1816.08 
1816.885 
1817.91 
1818.17 
1819.135 
1819.54 
1820.49 
1820.83 
1821.84 
1821.705 
1822.735 
1823.03 
1823.975 
1824.365 
1825.34 
1825.555 
1826.58 
1827.32 
1828.315 
1828.635 
1829.575 
1829.91 
1830.885 
1831.2 
1832.13 
1832.13 
1833.07 
1833.305 
1834.305 
1834.615 
1835.57 
1835.835 
1836.77 
1837.49 
1838.445 
1838.745 
1839.745 
1840.02 
1840.975 
1841.295 
1842.275 
1842.22 
1843.065 
1843.395 
1844.38 
1844.61 
1845.585 
1845.88 
1846.87 
1847.615 
1848.55 
1848.78 
1849.8 
1850.12 
1851.04 
1851.31 
1852.3 
1852.255 
1853.185 
1853.505 
1854.405 
1854.775 
1855.73 
1856.005 
1856.93 
1857.67 
1858.565 
1858.845 
1859.825 
1860.07 
1861.035 
1861.275 
1862.225 
1862.07 
1862.995 
1863.225 
1864.21 
1864.445 
1865.28 
1865.525 
1866.44 
1867.075 
1867.965 
1868.17 
1869.01 
1869.31 
1870.155 
1870.31 
1871.175 
1871.005 
1871.825 
1871.955 
1872.79 
1872.93 
1873.775 
1873.87 
1874.665 
1875.255 
1876.01 
1876.065 
1876.885 
1876.955 
1877.765 
1877.79 
1878.52 
1878.235 
1878.96 
1878.965 
1879.71 
1879.745 
1880.475 
1880.455 
1881.14 
1881.675 
1882.35 
1882.285 
1883.02 
1883.015 
1883.665 
1883.645 
1884.255 
1883.97 
1884.59 
1884.5 
1885.215 
1885.195 
1885.785 
1885.78 
1886.36 
1886.74 
1887.35 
1887.29 
1887.93 
1887.895 
1888.51 
1888.41 
1889.035 
1888.58 
1889.105 
1889.095 
1889.655 
1889.645 
1890.225 
1890.135 
1890.7 
1891.15 
1891.7 
1891.605 
1892.23 
1892.2 
1892.73 
1892.77 
1893.255 
1892.835 
1893.425 
1893.34 
1893.885 
1893.88 
1894.455 
1894.4 
1894.915 
1895.29 
1895.91 
1895.825 
1896.42 
1896.35 
1896.96 
1896.895 
1897.425 
1896.975 
1897.565 
1897.445 
1898.025 
1897.99 
1898.57 
1898.455 
1899.035 
1899.395 
1899.98 
1899.925 
1900.405 
1900.445 
1900.925 
1900.91 
1901.5 
1901.0 
1901.525 
1901.485 
1901.975 
1901.865 
1902.41 
1902.335 
1902.91 
1903.24 
1903.835 
1903.68 
1904.31 
1904.18 
1904.71 
1904.64 
1905.205 
1904.675 
1905.205 
1905.16 
1905.705 
1905.65 
1906.185 
1906.075 
1906.685 
1907.065 
1907.545 
1907.595 
1908.13 
1908.08 
1908.685 
1908.65 
1909.19 
1908.81 
1909.425 
1909.34 
1909.94 
1909.98 
1910.52 
1910.475 
1911.06 
1911.5 
1912.07 
1912.065 
1912.725 
1912.755 
1913.36 
1913.34 
1914.025 
1913.695 
1914.335 
1914.32 
1914.975 
1914.945 
1915.78 
1915.755 
1916.435 
1916.95 
1917.605 
1917.645 
1918.46 
1918.525 
1919.215 
1919.375 
1920.09 
1919.78 
1920.585 
1920.615 
1921.395 
1921.525 
1922.335 
1922.355 
1923.165 
1923.74 
1924.46 
1924.62 
1925.44 
1925.535 
1926.415 
1926.425 
1927.28 
1926.98 
1927.825 
1927.98 
1928.765 
1928.845 
1929.685 
1929.805 
1930.57 
1931.105 
1931.91 
1932.02 
1932.8 
1932.905 
1933.765 
1933.83 
1934.575 
1934.265 
1935.075 
1935.16 
1935.925 
1935.95 
1936.69 
1936.76 
1937.465 
1937.97 
1938.675 
1938.68 
1939.405 
1939.46 
1940.145 
1940.205 
1940.87 
1940.51 
1941.21 
1941.14 
1941.775 
1941.77 
1942.455 
1942.4 
1943.085 
1943.475 
1944.065 
1944.08 
1944.66 
1944.64 
1945.23 
1945.18 
1945.78 
1945.345 
1945.895 
1945.745 
1946.35 
1946.26 
1946.82 
1946.69 
1947.26 
1947.59 
1948.21 
1948.05 
1948.53 
1948.485 
1949.095 
1948.89 
1949.445 
1948.975 
1949.485 
1949.345 
1949.875 
1949.835 
1950.35 
1950.265 
1950.77 
1951.115 
1951.67 
1951.485 
1952.05 
1952.04 
1952.51 
1952.44 
1952.975 
1952.575 
1953.14 
1953.03 
1953.605 
1953.535 
1954.085 
1954.01 
1954.62 
1954.95 
1955.57 
1955.52 
1956.17 
1956.11 
1956.76 
1956.62 
1957.29 
1956.865 
1957.445 
1957.435 
1958.05 
1958.01 
1958.6 
1958.655 
1959.275 
1959.67 
1960.305 
1960.26 
1960.89 
1960.895 
1961.535 
1961.465 
1962.135 
1961.73 
1962.31 
1962.315 
1962.915 
1962.865 
1963.49 
1963.42 
1964.06 
1964.475 
1965.05 
1965.015 
1965.59 
1965.645 
1966.145 
1966.145 
1966.7 
1966.24 
1966.805 
1966.76 
1967.275 
1967.225 
1967.795 
1967.695 
1968.28 
1968.725 
1969.21 
1969.105 
1969.675 
1969.61 
1970.19 
1970.055 
1970.61 
1970.15 
1970.715 
1970.575 
1971.085 
1971.095 
1971.58 
1971.48 
1972.005 
1972.335 
1972.88 
1972.755 
1973.405 
1973.39 
1973.82 
1973.745 
1974.365 
1973.81 
1974.345 
1974.355 
1974.785 
1974.815 
1975.36 
1975.345 
1975.815 
1976.28 
1976.83 
1976.79 
1977.36 
1977.37 
1977.995 
1977.95 
1978.545 
1978.13 
1978.835 
1978.745 
1979.3 
1979.375 
1980.0 
1979.99 
1980.675 
1981.14 
1981.78 
1981.755 
1982.475 
1982.515 
1983.3 
1983.245 
1984.06 
1983.675 
1984.325 
1984.365 
1985.145 
1985.185 
1985.87 
1985.95 
1986.655 
1987.155 
1987.92 
1987.92 
1988.68 
1988.77 
1989.465 
1989.47 
1990.185 
1990.035 
1990.68 
1990.74 
1991.435 
1991.42 
1992.135 
1992.155 
1992.86 
1993.315 
1993.985 
1993.965 
1994.635 
1994.705 
1995.265 
1995.31 
1995.96 
1995.39 
1996.13 
1996.06 
1996.635 
1996.64 
1997.25 
1997.095 
1997.745 
1997.995 
1998.63 
1998.485 
1999.07 
1998.94 
1999.45 
1999.305 
1999.805 
1999.27 
1999.79 
1999.575 
2000.105 
1999.865 
2000.3 
2000.215 
2000.655 
2000.845 
2001.265 
2001.085 
2001.53 
2001.3 
2001.765 
2001.47 
2001.945 
2001.25 
2001.58 
2001.41 
2001.79 
2001.545 
2001.945 
2001.665 
2002.08 
2002.285 
2002.675 
2002.385 
2002.815 
2002.52 
2002.9 
2002.64 
2003.08 
2002.34 
2002.725 
2002.5 
2002.895 
2002.65 
2002.995 
2002.745 
2003.195 
2003.35 
2003.765 
2003.54 
2003.86 
2003.655 
2004.1 
2003.86 
2004.245 
2003.585 
2003.935 
2003.735 
2004.145 
2003.95 
2004.34 
2004.095 
2004.52 
2004.66 
2005.12 
2004.83 
2005.325 
2005.075 
2005.485 
2005.2 
2005.625 
2004.945 
2005.315 
2005.03 
2005.515 
2005.215 
2005.565 
2005.39 
2005.75 
2005.905 
2006.29 
2005.97 
2006.45 
2006.16 
2006.57 
2006.2 
2006.65 
2005.895 
2006.24 
2005.96 
2006.31 
2006.06 
2006.445 
2006.065 
2006.43 
2006.625 
2006.975 
2006.62 
2007.055 
2006.77 
2007.115 
2006.755 
2007.16 
2006.565 
2006.905 
2006.52 
2006.89 
2006.625 
2006.955 
2006.73 
2007.075 
2007.215 
2007.565 
2007.355 
2007.68 
2007.485 
2007.855 
2007.545 
2007.975 
2007.235 
2007.635 
2007.45 
2007.795 
2007.63 
2008.02 
2007.765 
2008.16 
2008.41 
2008.875 
2008.59 
2009.065 
2008.81 
2009.21 
2009.025 
2009.525 
2008.81 
2009.29 
2009.11 
2009.535 
2009.38 
2009.905 
2009.635 
2010.165 
2010.385 
2010.865 
2010.635 
2011.11 
2010.965 
2011.435 
2011.22 
2011.665 
2011.12 
2011.6 
2011.375 
2011.85 
2011.695 
2012.115 
2011.935 
2012.365 
2012.64 
2013.095 
2012.865 
2013.325 
2013.185 
2013.57 
2013.335 
2013.835 
2013.13 
2013.575 
2013.35 
2013.785 
2013.525 
2013.92 
2013.69 
2014.1 
2014.31 
2014.67 
2014.385 
2014.805 
2014.56 
2014.895 
2014.65 
2015.05 
2014.36 
2014.705 
2014.415 
2014.775 
2014.57 
2014.87 
2014.595 
2014.935 
2015.105 
2015.395 
2015.05 
2015.415 
2015.1 
2015.43 
2015.175 
2015.46 
2014.805 
2015.145 
2014.795 
2015.12 
2014.91 
2015.145 
2014.91 
2015.15 
2015.29 
2015.595 
2015.255 
2015.615 
2015.36 
2015.67 
2015.335 
2015.685 
2014.995 
2015.25 
2014.94 
2015.235 
2014.915 
2015.26 
2014.92 
2015.255 
2015.365 
2015.67 
2015.31 
2015.685 
2015.36 
2015.605 
2015.28 
2015.585 
2014.91 
2015.17 
2014.79 
2015.16 
2014.765 
2015.14 
2014.72 
2015.02 
2015.07 
2015.325 
2014.97 
2015.24 
2014.9 
2015.135 
2014.715 
2015.0 
2014.275 
2014.525 
2014.055 
2014.36 
2013.96 
2014.09 
2013.695 
2013.95 
2013.95 
2014.17 
2013.665 
2013.92 
2013.5 
2013.72 
2013.245 
2013.46 
2012.66 
2012.79 
2012.34 
2012.54 
2012.09 
2012.24 
2011.73 
2011.96 
2011.875 
2012.12 
2011.565 
2011.795 
2011.29 
2011.48 
2011.045 
2011.19 
2010.275 
2010.525 
2010.025 
2010.21 
2009.785 
2009.955 
2009.45 
2009.705 
2009.69 
2009.875 
2009.39 
2009.635 
2009.155 
2009.45 
2009.005 
2009.185 
2008.46 
2008.68 
2008.225 
2008.5 
2008.085 
2008.31 
2007.93 
2008.175 
2008.195 
2008.535 
2008.06 
2008.405 
2008.0 
2008.305 
2007.85 
2008.195 
2007.455 
2007.775 
2007.365 
2007.695 
2007.335 
2007.615 
2007.345 
2007.645 
2007.68 
2008.135 
2007.68 
2008.05 
2007.795 
2008.09 
2007.845 
2008.195 
2007.51 
2007.915 
2007.585 
2007.89 
2007.655 
2008.02 
2007.675 
2008.01 
2008.215 
2008.59 
2008.25 
2008.66 
2008.34 
2008.785 
2008.475 
2008.955 
2008.27 
2008.64 
2008.325 
2008.78 
2008.515 
2008.865 
2008.57 
2009.03 
2009.205 
2009.585 
2009.32 
2009.785 
2009.57 
2009.94 
2009.665 
2010.175 
2009.645 
2010.04 
2009.77 
2010.195 
2009.945 
2010.385 
2010.195 
2010.64 
2010.865 
2011.315 
2011.075 
2011.57 
2011.34 
2011.83 
2011.56 
2012.1 
2011.495 
2012.04 
2011.79 
2012.325 
2012.225 
2012.735 
2012.515 
2013.12 
2013.375 
2013.86 
2013.745 
2014.2 
2014.1 
2014.66 
2014.515 
2015.05 
2014.585 
2015.075 
2014.925 
2015.49 
2015.345 
2015.91 
2015.73 
2016.305 
2016.525 
2017.14 
2016.93 
2017.41 
2017.315 
2017.81 
2017.62 
2018.22 
2017.68 
2018.155 
2018.025 
2018.505 
2018.265 
2018.825 
2018.555 
2019.075 
2019.355 
2019.855 
2019.6 
2020.05 
2019.875 
2020.31 
2020.12 
2020.495 
2019.875 
2020.335 
2020.03 
2020.45 
2020.205 
2020.605 
2020.305 
2020.73 
2020.91 
2021.235 
2020.93 
2021.285 
2020.995 
2021.39 
2020.985 
2021.33 
2020.67 
2020.88 
2020.575 
2020.83 
2020.495 
2020.76 
2020.39 
2020.695 
2020.72 
2021.01 
2020.615 
2020.915 
2020.5 
2020.7 
2020.355 
2020.64 
2019.825 
2020.055 
2019.59 
2019.83 
2019.365 
2019.63 
2019.215 
2019.405 
2019.395 
2019.69 
2019.16 
2019.445 
2019.075 
2019.275 
2018.88 
2019.1 
2018.275 
2018.475 
2018.095 
2018.295 
2017.965 
2018.21 
2017.735 
2018.06 
2018.115 
2018.415 
2018.005 
2018.285 
2017.905 
2018.195 
2017.82 
2018.125 
2017.48 
2017.77 
2017.425 
2017.81 
2017.48 
2017.71 
2017.405 
2017.74 
2017.835 
2018.23 
2017.885 
2018.235 
2017.88 
2018.31 
2017.95 
2018.315 
2017.66 
2017.985 
2017.655 
2018.065 
2017.695 
2018.13 
2017.835 
2018.15 
2018.37 
2018.765 
2018.385 
2018.825 
2018.53 
2018.935 
2018.615 
2019.045 
2018.43 
2018.745 
2018.54 
2018.865 
2018.73 
2019.055 
2018.76 
2019.205 
2019.38 
2019.695 
2019.54 
2019.91 
2019.685 
2020.135 
2019.78 
2020.22 
2019.63 
2020.035 
2019.775 
2020.195 
2019.96 
2020.39 
2020.14 
2020.57 
2020.775 
2021.195 
2021.02 
2021.375 
2021.26 
2021.675 
2021.455 
2021.885 
2021.4 
2021.81 
2021.53 
2022.0 
2021.86 
2022.315 
2022.07 
2022.595 
2022.785 
2023.345 
2023.1 
2023.575 
2023.44 
2023.945 
2023.755 
2024.265 
2023.74 
2024.275 
2024.07 
2024.625 
2024.48 
2025.005 
2024.795 
2025.33 
2025.715 
2026.25 
2026.14 
2026.655 
2026.565 
2027.085 
2026.98 
2027.53 
2027.105 
2027.67 
2027.465 
2028.14 
2027.99 
2028.54 
2028.37 
2028.975 
2029.29 
2029.825 
2029.755 
2030.3 
2030.25 
2030.79 
2030.625 
2031.225 
2030.725 
2031.205 
2031.12 
2031.645 
2031.53 
2032.025 
2031.915 
2032.43 
2032.72 
2033.21 
2033.035 
2033.61 
2033.45 
2033.955 
2033.76 
2034.245 
2033.765 
2034.215 
2033.995 
2034.49 
2034.36 
2034.86 
2034.525 
2035.075 
2035.285 
2035.73 
2035.415 
2035.895 
2035.69 
2036.12 
2035.775 
2036.17 
2035.56 
2035.935 
2035.655 
2036.055 
2035.705 
2036.115 
2035.8 
2036.135 
2036.29 
2036.605 
2036.225 
2036.605 
2036.24 
2036.55 
2036.23 
2036.545 
2035.81 
2036.07 
2035.74 
2036.02 
2035.625 
2035.9 
2035.44 
2035.73 
2035.81 
2036.015 
2035.55 
2035.86 
2035.45 
2035.66 
2035.23 
2035.5 
2034.66 
2034.895 
2034.4 
2034.635 
2034.25 
2034.45 
2033.985 
2034.215 
2034.22 
2034.43 
2034.01 
2034.205 
2033.69 
2033.995 
2033.5 
2033.73 
2032.94 
2033.125 
2032.68 
2032.885 
2032.46 
2032.655 
2032.25 
2032.445 
2032.445 
2032.69 
2032.175 
2032.445 
2032.04 
2032.235 
2031.735 
2031.995 
2031.15 
2031.375 
2030.895 
2031.13 
2030.7 
2030.975 
2030.505 
2030.765 
2030.815 
2031.03 
2030.545 
2030.85 
2030.415 
2030.685 
2030.295 
2030.5 
2029.78 
2030.025 
2029.595 
2029.85 
2029.45 
2029.67 
2029.265 
2029.645 
2029.63 
2029.96 
2029.485 
2029.835 
2029.445 
2029.725 
2029.305 
2029.615 
2028.84 
2029.115 
2028.76 
2029.02 
2028.71 
2029.025 
2028.605 
2028.955 
2029.055 
2029.355 
2028.96 
2029.275 
2028.99 
2029.33 
2028.96 
2029.285 
2028.695 
2029.015 
2028.74 
2029.05 
2028.71 
2029.065 
2028.725 
2029.035 
2029.225 
2029.6 
2029.235 
2029.67 
2029.35 
2029.715 
2029.365 
2029.84 
2029.165 
2029.615 
2029.31 
2029.76 
2029.455 
2029.935 
2029.6 
2030.105 
2030.345 
2030.76 
2030.55 
2031.095 
2030.93 
2031.41 
2031.11 
2031.675 
2031.24 
2031.75 
2031.565 
2032.055 
2031.92 
2032.425 
2032.345 
2032.82 
2033.125 
2033.715 
2033.57 
2034.145 
2034.045 
2034.63 
2034.515 
2035.045 
2034.55 
2035.11 
2034.97 
2035.595 
2035.47 
2036.095 
2035.96 
2036.545 
2036.94 
2037.47 
2037.335 
2037.94 
2037.86 
2038.38 
2038.275 
2038.845 
2038.43 
2038.99 
2038.785 
2039.33 
2039.265 
2039.815 
2039.59 
2040.095 
2040.445 
2040.93 
2040.75 
2041.255 
2041.105 
2041.575 
2041.38 
2041.895 
2041.345 
2041.79 
2041.505 
2041.97 
2041.76 
2042.17 
2041.92 
2042.295 
2042.48 
2042.905 
2042.605 
2042.91 
2042.75 
2043.115 
2042.705 
2043.13 
2042.445 
2042.775 
2042.43 
2042.795 
2042.42 
2042.72 
2042.345 
2042.625 
2042.715 
2043.045 
2042.585 
2042.9 
2042.505 
2042.82 
2042.325 
2042.675 
2041.82 
2042.12 
2041.695 
2041.975 
2041.525 
2041.81 
2041.335 
2041.63 
2041.63 
2041.825 
2041.465 
2041.69 
2041.275 
2041.495 
2041.06 
2041.34 
2040.625 
2040.785 
2040.34 
2040.635 
2040.155 
2040.4 
2039.91 
2040.255 
2040.165 
2040.41 
2040.02 
2040.18 
2039.78 
2040.02 
2039.585 
2039.79 
2038.98 
2039.205 
2038.765 
2039.01 
2038.525 
2038.865 
2038.335 
2038.59 
2038.62 
2038.84 
2038.37 
2038.61 
2038.25 
2038.415 
2038.005 
2038.285 
2037.49 
2037.715 
2037.25 
2037.51 
2037.115 
2037.3 
2036.92 
2037.185 
2037.175 
2037.415 
2037.035 
2037.275 
2036.945 
2037.175 
2036.715 
2036.985 
2036.275 
2036.505 
2036.045 
2036.295 
2036.015 
2036.25 
2035.83 
2036.12 
2036.17 
2036.445 
2036.095 
2036.43 
2036.03 
2036.32 
2035.88 
2036.305 
2035.475 
2035.785 
2035.445 
2035.795 
2035.405 
2035.725 
2035.35 
2035.71 
2035.785 
2036.105 
2035.77 
2036.225 
2035.905 
2036.185 
2035.95 
2036.33 
2035.58 
2036.01 
2035.66 
2036.095 
2035.82 
2036.23 
2035.89 
2036.425 
2036.565 
2036.995 
2036.825 
2037.22 
2037.015 
2037.425 
2037.255 
2037.76 
2037.175 
2037.64 
2037.48 
2037.98 
2037.81 
2038.27 
2038.085 
2038.665 
2038.945 
2039.45 
2039.31 
2039.855 
2039.73 
2040.245 
2040.14 
2040.705 
2040.215 
2040.745 
2040.61 
2041.215 
2041.07 
2041.715 
2041.595 
2042.16 
2042.585 
2043.115 
2042.985 
2043.61 
2043.53 
2044.095 
2044.01 
2044.66 
2044.315 
2044.83 
2044.765 
2045.33 
2045.315 
2045.845 
2045.745 
2046.345 
2046.7 
2047.26 
2047.13 
2047.75 
2047.605 
2048.245 
2048.075 
2048.63 
2048.165 
2048.735 
2048.5 
2049.04 
2048.945 
2049.395 
2049.23 
2049.8 
2050.08 
2050.54 
2050.29 
2050.83 
2050.655 
2051.085 
2050.795 
2051.315 
2050.695 
2051.105 
2050.86 
2051.285 
2051.065 
2051.42 
2051.105 
2051.465 
2051.65 
2051.975 
2051.665 
2052.085 
2051.685 
2052.05 
2051.635 
2052.04 
2051.3 
2051.595 
2051.185 
2051.415 
2051.065 
2051.395 
2050.9 
2051.215 
2051.19 
2051.45 
2051.0 
2051.295 
2050.845 
2051.105 
2050.63 
2050.845 
2050.065 
2050.25 
2049.79 
2049.99 
2049.575 
2049.725 
2049.2 
2049.385 
2049.355 
2049.595 
2049.035 
2049.22 
2048.805 
2048.94 
2048.44 
2048.605 
2047.775 
2047.87 
2047.4 
2047.55 
2047.0 
2047.23 
2046.72 
2046.88 
2046.78 
2047.005 
2046.395 
2046.64 
2046.155 
2046.275 
2045.765 
2046.01 
2045.18 
2045.32 
2044.835 
2044.99 
2044.55 
2044.69 
2044.205 
2044.435 
2044.395 
2044.58 
2044.065 
2044.21 
2043.775 
2044.0 
2043.51 
2043.72 
2042.9 
2043.06 
2042.57 
2042.75 
2042.405 
2042.615 
2042.09 
2042.365 
2042.3 
2042.53 
2042.075 
2042.29 
2041.915 
2042.15 
2041.62 
2041.88 
2041.155 
2041.425 
2040.94 
2041.19 
2040.755 
2040.975 
2040.55 
2040.835 
2040.89 
2041.105 
2040.595 
2040.97 
2040.53 
2040.845 
2040.33 
2040.71 
2039.975 
2040.265 
2039.855 
2040.165 
2039.805 
2040.16 
2039.745 
2040.095 
2040.225 
2040.525 
2040.17 
2040.485 
2040.17 
2040.6 
2040.225 
2040.625 
2040.055 
2040.41 
2040.095 
2040.535 
2040.255 
2040.665 
2040.39 
2040.835 
2041.06 
2041.5 
2041.28 
2041.69 
2041.535 
2042.02 
2041.785 
2042.3 
2041.775 
2042.24 
2042.08 
2042.595 
2042.46 
2042.92 
2042.81 
2043.365 
2043.73 
2044.245 
2044.125 
2044.69 
2044.565 
2045.145 
2045.06 
2045.655 
2045.12 
2045.73 
2045.605 
2046.225 
2046.085 
2046.68 
2046.605 
2047.2 
2047.62 
2048.185 
2048.1 
2048.715 
2048.655 
2049.24 
2049.105 
2049.725 
2049.255 
2049.8 
2049.72 
2050.42 
2050.24 
2050.775 
2050.675 
2051.2 
2051.51 
2052.045 
2051.895 
2052.41 
2052.31 
2052.8 
2052.675 
2053.19 
2052.65 
2053.105 
2052.895 
2053.4 
2053.18 
2053.57 
2053.41 
2053.795 
2054.05 
2054.41 
2054.125 
2054.57 
2054.275 
2054.695 
2054.29 
2054.72 
2054.05 
2054.305 
2054.05 
2054.33 
2054.01 
2054.27 
2053.955 
2054.295 
2054.32 
2054.6 
2054.165 
2054.58 
2054.18 
2054.39 
2053.975 
2054.235 
2053.565 
2053.81 
2053.39 
2053.58 
2053.23 
2053.41 
2052.945 
2053.235 
2053.215 
2053.455 
2053.045 
2053.325 
2052.8 
2053.105 
2052.615 
2052.91 
2052.025 
2052.3 
2051.85 
2052.075 
2051.645 
2051.87 
2051.43 
2051.64 
2051.7 
2051.965 
2051.49 
2051.8 
2051.355 
2051.69 
2051.21 
2051.455 
2050.72 
2051.0 
2050.63 
2050.835 
2050.505 
2050.78 
2050.33 
2050.59 
2050.655 
2050.96 
2050.51 
2050.835 
2050.48 
2050.745 
2050.38 
2050.655 
2049.905 
2050.205 
2049.725 
2050.06 
2049.725 
2050.01 
2049.525 
2049.915 
2049.895 
2050.235 
2049.77 
2050.09 
2049.695 
2049.935 
2049.515 
2049.825 
2049.085 
2049.29 
2048.84 
2049.155 
2048.7 
2048.96 
2048.5 
2048.79 
2048.815 
2049.055 
2048.57 
2048.82 
2048.43 
2048.66 
2048.255 
2048.49 
2047.715 
2048.005 
2047.515 
2047.785 
2047.365 
2047.555 
2047.2 
2047.385 
2047.425 
2047.715 
2047.31 
2047.595 
2047.205 
2047.455 
2047.06 
2047.33 
2046.69 
2046.92 
2046.52 
2046.84 
2046.505 
2046.765 
2046.465 
2046.755 
2046.895 
2047.255 
2046.925 
2047.265 
2046.965 
2047.355 
2046.995 
2047.445 
2046.775 
2047.18 
2046.88 
2047.27 
2047.045 
2047.49 
2047.26 
2047.6 
2047.91 
2048.355 
2048.055 
2048.565 
2048.355 
2048.815 
2048.625 
2049.145 
2048.585 
2049.1 
2048.915 
2049.395 
2049.225 
2049.76 
2049.53 
2050.06 
2050.39 
2050.875 
2050.695 
2051.23 
2051.075 
2051.61 
2051.375 
2051.965 
2051.375 
2051.87 
2051.74 
2052.23 
2052.04 
2052.54 
2052.38 
2052.87 
2053.13 
2053.64 
2053.44 
2053.86 
2053.71 
2054.185 
2053.98 
2054.445 
2053.85 
2054.24 
2054.04 
2054.43 
2054.265 
2054.66 
2054.38 
2054.79 
2054.94 
2055.335 
2054.98 
2055.46 
2055.175 
2055.53 
2055.22 
2055.565 
2054.82 
2055.2 
2054.84 
2055.18 
2054.88 
2055.18 
2054.765 
2055.08 
2055.13 
2055.43 
2055.04 
2055.32 
2054.945 
2055.24 
2054.83 
2055.055 
2054.325 
2054.58 
2054.115 
2054.335 
2053.88 
2054.195 
2053.665 
2053.87 
2053.83 
2054.105 
2053.55 
2053.755 
2053.305 
2053.515 
2052.945 
2053.16 
2052.25 
2052.44 
2051.965 
2052.065 
2051.59 
2051.77 
2051.2 
2051.32 
2051.275 
2051.4 
2050.845 
2051.03 
2050.51 
2050.58 
2050.055 
2050.185 
2049.285 
2049.355 
2048.795 
2048.865 
2048.36 
2048.495 
2047.855 
2047.925 
2047.88 
2047.95 
2047.34 
2047.5 
2046.935 
2047.005 
2046.375 
2046.51 
2045.575 
2045.595 
2045.005 
2045.075 
2044.525 
2044.535 
2043.875 
2043.975 
2043.765 
2043.87 
2043.195 
2043.32 
2042.705 
2042.7 
2042.055 
2042.115 
2041.16 
2041.16 
2040.535 
2040.505 
2039.91 
2039.885 
2039.125 
2039.13 
2038.925 
2038.955 
2038.25 
2038.205 
2037.58 
2037.56 
2036.76 
2036.805 
2035.765 
