Run 0 on 20200811 on sample T20-5d, LT thermometer,  dT/T0 = 0.02
Time per point = 3.125e-05 seconds
-1200.005 
-1200.73 
-1200.585 
-1201.05 
-1200.81 
-1201.355 
-1201.13 
-1201.98 
-1201.715 
-1202.105 
-1201.805 
-1202.155 
-1201.805 
-1202.18 
-1201.79 
-1201.62 
-1201.225 
-1201.47 
-1200.99 
-1201.235 
-1200.765 
-1200.96 
-1200.385 
-1200.95 
-1200.4 
-1200.62 
-1200.05 
-1200.135 
-1199.51 
-1199.585 
-1199.11 
-1198.61 
-1198.115 
-1198.16 
-1197.56 
-1197.52 
-1197.02 
-1197.065 
-1196.425 
-1196.88 
-1196.26 
-1196.395 
-1195.81 
-1195.9 
-1195.35 
-1195.545 
-1194.93 
-1194.65 
-1194.205 
-1194.46 
-1193.885 
-1194.155 
-1193.705 
-1193.95 
-1193.545 
-1194.235 
-1193.865 
-1194.275 
-1193.855 
-1194.265 
-1194.035 
-1194.435 
-1194.175 
-1194.13 
-1193.92 
-1194.385 
-1194.205 
-1194.76 
-1194.65 
-1195.135 
-1195.005 
-1195.905 
-1195.84 
-1196.49 
-1196.405 
-1197.02 
-1197.03 
-1197.64 
-1197.58 
-1197.71 
-1197.765 
-1198.435 
-1198.38 
-1198.935 
-1198.94 
-1199.57 
-1199.47 
-1200.525 
-1200.51 
-1201.07 
-1200.995 
-1201.6 
-1201.485 
-1202.075 
-1201.93 
-1201.97 
-1201.82 
-1202.355 
-1202.13 
-1202.56 
-1202.345 
-1202.805 
-1202.465 
-1203.325 
-1203.025 
-1203.35 
-1202.965 
-1203.22 
-1202.83 
-1203.15 
-1202.66 
-1202.495 
-1202.0 
-1202.145 
-1201.625 
-1201.77 
-1201.195 
-1201.34 
-1200.685 
-1201.215 
-1200.54 
-1200.625 
-1199.975 
-1199.965 
-1199.335 
-1199.335 
-1198.65 
-1198.225 
-1197.56 
-1197.555 
-1196.83 
-1196.765 
-1196.08 
-1195.98 
-1195.365 
-1195.74 
-1195.08 
-1195.03 
-1194.395 
-1194.375 
-1193.755 
-1193.83 
-1193.185 
-1192.785 
-1192.195 
-1192.295 
-1191.69 
-1191.77 
-1191.285 
-1191.41 
-1190.845 
-1191.475 
-1191.04 
-1191.28 
-1190.86 
-1191.08 
-1190.695 
-1190.955 
-1190.59 
-1190.525 
-1190.24 
-1190.565 
-1190.205 
-1190.585 
-1190.405 
-1190.835 
-1190.565 
-1191.33 
-1191.155 
-1191.705 
-1191.485 
-1191.995 
-1191.79 
-1192.305 
-1192.13 
-1192.2 
-1192.02 
-1192.64 
-1192.435 
-1192.87 
-1192.825 
-1193.32 
-1193.16 
-1194.08 
-1193.865 
-1194.44 
-1194.14 
-1194.645 
-1194.36 
-1194.905 
-1194.59 
-1194.495 
-1194.275 
-1194.69 
-1194.37 
-1194.685 
-1194.365 
-1194.635 
-1194.24 
-1194.9 
-1194.505 
-1194.795 
-1194.285 
-1194.395 
-1193.96 
-1194.105 
-1193.6 
-1193.23 
-1192.655 
-1192.74 
-1192.115 
-1192.175 
-1191.535 
-1191.565 
-1190.86 
-1191.225 
-1190.54 
-1190.52 
-1189.8 
-1189.765 
-1189.05 
-1188.905 
-1188.145 
-1187.625 
-1186.895 
-1186.9 
-1186.085 
-1185.925 
-1185.31 
-1185.12 
-1184.44 
-1184.73 
-1184.0 
-1183.92 
-1183.225 
-1183.195 
-1182.485 
-1182.6 
-1181.91 
-1181.425 
-1180.76 
-1180.91 
-1180.3 
-1180.33 
-1179.78 
-1179.815 
-1179.37 
-1179.925 
-1179.485 
-1179.695 
-1179.27 
-1179.41 
-1179.015 
-1179.335 
-1178.975 
-1178.81 
-1178.54 
-1178.86 
-1178.5 
-1178.94 
-1178.64 
-1179.025 
-1178.87 
-1179.66 
-1179.495 
-1179.985 
-1179.825 
-1180.31 
-1180.155 
-1180.62 
-1180.49 
-1180.59 
-1180.395 
-1180.985 
-1180.84 
-1181.35 
-1181.225 
-1181.73 
-1181.54 
-1182.555 
-1182.345 
-1182.885 
-1182.695 
-1183.225 
-1183.03 
-1183.48 
-1183.26 
-1183.205 
-1182.98 
-1183.4 
-1183.075 
-1183.485 
-1183.2 
-1183.53 
-1183.095 
-1183.805 
-1183.43 
-1183.71 
-1183.325 
-1183.48 
-1183.025 
-1183.305 
-1182.775 
-1182.44 
-1181.975 
-1182.07 
-1181.5 
-1181.595 
-1180.995 
-1181.13 
-1180.455 
-1180.96 
-1180.255 
-1180.315 
-1179.675 
-1179.685 
-1179.025 
-1178.98 
-1178.31 
-1177.865 
-1177.26 
-1177.23 
-1176.545 
-1176.395 
-1175.82 
-1175.74 
-1175.075 
-1175.5 
-1174.92 
-1174.92 
-1174.33 
-1174.315 
-1173.76 
-1173.805 
-1173.25 
-1172.86 
-1172.295 
-1172.485 
-1171.945 
-1172.13 
-1171.645 
-1171.805 
-1171.415 
-1172.1 
-1171.715 
-1172.0 
-1171.68 
-1171.95 
-1171.625 
-1172.05 
-1171.75 
-1171.69 
-1171.47 
-1171.885 
-1171.695 
-1172.155 
-1171.99 
-1172.52 
-1172.29 
-1173.28 
-1173.185 
-1173.705 
-1173.68 
-1174.21 
-1174.12 
-1174.69 
-1174.64 
-1174.815 
-1174.745 
-1175.37 
-1175.275 
-1175.775 
-1175.77 
-1176.385 
-1176.26 
-1177.235 
-1177.17 
-1177.7 
-1177.615 
-1178.07 
-1177.94 
-1178.42 
-1178.295 
-1178.195 
-1177.96 
-1178.365 
-1178.13 
-1178.505 
-1178.185 
-1178.545 
-1178.125 
-1178.85 
-1178.46 
-1178.725 
-1178.285 
-1178.37 
-1177.855 
-1178.045 
-1177.525 
-1177.165 
-1176.57 
-1176.62 
-1175.975 
-1175.96 
-1175.295 
-1175.23 
-1174.5 
-1174.745 
-1173.99 
-1173.845 
-1173.04 
-1172.89 
-1172.05 
-1171.76 
-1170.95 
-1170.245 
-1169.295 
-1169.09 
-1168.12 
-1167.84 
-1166.88 
-1166.625 
-1165.63 
-1165.615 
-1164.575 
-1164.275 
-1163.32 
-1162.96 
-1161.99 
-1161.59 
-1160.61 
-1159.785 
-1158.705 
-1158.41 
-1157.375 
-1157.075 
-1155.975 
-1155.65 
-1154.56 
-1154.61 
-1153.57 
-1153.25 
-1152.22 
-1151.745 
-1150.79 
-1150.405 
-1149.41 
-1148.51 
-1147.485 
-1147.05 
-1146.005 
-1145.51 
-1144.47 
-1144.045 
-1142.91 
-1142.775 
-1141.66 
-1141.14 
-1139.995 
-1139.475 
-1138.275 
-1137.675 
-1136.425 
-1135.33 
-1134.055 
-1133.43 
-1132.005 
-1131.285 
-1129.835 
-1129.035 
-1127.52 
-1127.115 
-1125.535 
-1124.66 
-1122.965 
-1121.945 
-1120.225 
-1119.18 
-1117.345 
-1115.72 
-1113.78 
-1112.6 
-1110.525 
-1109.205 
-1107.095 
-1105.59 
-1103.485 
-1102.27 
-1100.035 
-1098.44 
-1096.045 
-1094.34 
-1091.835 
-1090.06 
-1087.525 
-1085.135 
-1082.535 
-1080.535 
-1077.87 
-1075.76 
-1072.96 
-1070.825 
-1067.97 
-1066.13 
-1063.2 
-1060.955 
-1057.99 
-1055.64 
-1052.57 
-1050.17 
-1047.115 
-1044.175 
-1041.04 
-1038.565 
-1035.49 
-1032.87 
-1029.64 
-1027.17 
-1023.83 
-1021.71 
-1018.455 
-1015.945 
-1012.625 
-1010.035 
-1006.8 
-1004.26 
-1000.965 
-997.885 
-994.705 
-992.05 
-988.855 
-986.325 
-982.975 
-980.46 
-977.27 
-975.185 
-971.965 
-969.51 
-966.26 
-963.74 
-960.635 
-958.145 
-954.98 
-952.115 
-949.01 
-946.555 
-943.44 
-941.055 
-937.99 
-935.605 
-932.575 
-930.455 
-927.47 
-925.135 
-922.11 
-919.77 
-916.72 
-914.42 
-911.415 
-908.605 
-905.565 
-903.285 
-900.26 
-897.895 
-894.9 
-892.585 
-889.555 
-887.58 
-884.475 
-882.15 
-879.09 
-876.715 
-873.65 
-871.29 
-868.185 
-865.23 
-862.14 
-859.765 
-856.565 
-854.01 
-850.925 
-848.42 
-845.155 
-843.03 
-839.82 
-837.29 
-833.995 
-831.355 
-828.145 
-825.555 
-822.24 
-819.17 
-815.865 
-813.245 
-809.91 
-807.2 
-803.855 
-801.25 
-797.875 
-795.57 
-792.285 
-789.54 
-786.225 
-783.5 
-780.23 
-777.555 
-774.235 
-771.135 
-767.785 
-765.19 
-761.875 
-759.285 
-756.0 
-753.49 
-750.18 
-748.08 
-744.89 
-742.415 
-739.265 
-736.72 
-733.655 
-731.275 
-728.2 
-725.33 
-722.34 
-720.02 
-717.09 
-714.725 
-711.885 
-709.68 
-706.78 
-705.05 
-702.185 
-700.11 
-697.355 
-695.28 
-692.63 
-690.625 
-687.975 
-685.615 
-683.005 
-681.055 
-678.525 
-676.56 
-674.145 
-672.28 
-669.78 
-668.4 
-666.02 
-664.21 
-661.815 
-660.075 
-657.69 
-655.92 
-653.655 
-651.455 
-649.12 
-647.52 
-645.09 
-643.41 
-641.035 
-639.415 
-637.02 
-635.765 
-633.385 
-631.745 
-629.36 
-627.62 
-625.27 
-623.46 
-621.18 
-618.935 
-616.51 
-614.765 
-612.255 
-610.435 
-608.035 
-606.19 
-603.645 
-602.2 
-599.645 
-597.85 
-595.25 
-593.295 
-590.75 
-588.89 
-586.24 
-583.875 
-581.215 
-579.31 
-576.63 
-574.625 
-572.005 
-570.035 
-567.3 
-565.7 
-563.015 
-561.03 
-558.43 
-556.385 
-553.745 
-551.765 
-549.085 
-546.74 
-544.035 
-542.065 
-539.48 
-537.42 
-534.84 
-532.9 
-530.34 
-528.855 
-526.285 
-524.49 
-521.975 
-520.16 
-517.7 
-515.895 
-513.515 
-511.33 
-508.855 
-507.285 
-504.98 
-503.305 
-501.025 
-499.39 
-497.185 
-496.115 
-493.965 
-492.445 
-490.31 
-488.83 
-486.795 
-485.45 
-483.395 
-481.66 
-479.645 
-478.38 
-476.4 
-475.1 
-473.255 
-472.04 
-470.155 
-469.34 
-467.545 
-466.465 
-464.595 
-463.435 
-461.7 
-460.545 
-458.72 
-457.245 
-455.43 
-454.36 
-452.585 
-451.445 
-449.68 
-448.675 
-446.775 
-446.175 
-444.42 
-443.235 
-441.45 
-440.285 
-438.465 
-437.36 
-435.54 
-433.82 
-432.03 
-430.82 
-428.915 
-427.665 
-425.805 
-424.465 
-422.525 
-421.605 
-419.685 
-418.395 
-416.35 
-414.99 
-412.98 
-411.615 
-409.55 
-407.705 
-405.58 
-404.125 
-402.085 
-400.65 
-398.54 
-397.115 
-394.985 
-393.92 
-391.79 
-390.31 
-388.21 
-386.775 
-384.655 
-383.185 
-381.025 
-379.21 
-377.065 
-375.655 
-373.6 
-372.18 
-370.135 
-368.755 
-366.72 
-365.74 
-363.685 
-362.42 
-360.495 
-359.165 
-357.26 
-356.025 
-354.125 
-352.545 
-350.685 
-349.58 
-347.715 
-346.625 
-344.96 
-343.785 
-342.12 
-341.58 
-339.87 
-338.955 
-337.4 
-336.38 
-334.945 
-334.055 
-332.525 
-331.235 
-329.735 
-328.965 
-327.525 
-326.765 
-325.385 
-324.675 
-323.265 
-322.935 
-321.61 
-320.96 
-319.645 
-318.94 
-317.655 
-316.95 
-315.69 
-314.575 
-313.26 
-312.68 
-311.315 
-310.59 
-309.3 
-308.645 
-307.285 
-307.08 
-305.68 
-304.99 
-303.61 
-302.935 
-301.52 
-300.78 
-299.29 
-298.05 
-296.595 
-295.74 
-294.28 
-293.42 
-291.875 
-290.98 
-289.405 
-288.905 
-287.355 
-286.365 
-284.79 
-283.75 
-282.035 
-281.005 
-279.3 
-277.855 
-276.17 
-275.045 
-273.31 
-272.175 
-270.385 
-269.325 
-267.52 
-266.765 
-265.03 
-263.905 
-262.115 
-260.985 
-259.18 
-258.03 
-256.265 
-254.645 
-252.845 
-251.82 
-250.025 
-248.955 
-247.15 
-246.09 
-244.415 
-243.725 
-242.075 
-241.08 
-239.5 
-238.505 
-236.935 
-236.005 
-234.425 
-233.1 
-231.63 
-230.765 
-229.36 
-228.495 
-227.07 
-226.375 
-225.0 
-224.73 
-223.45 
-222.845 
-221.54 
-220.935 
-219.755 
-219.24 
-218.035 
-217.155 
-215.915 
-215.545 
-214.405 
-213.96 
-212.905 
-212.555 
-211.49 
-211.435 
-210.45 
-210.135 
-209.155 
-208.82 
-207.84 
-207.48 
-206.615 
-205.855 
-204.86 
-204.62 
-203.645 
-203.245 
-202.255 
-201.975 
-200.975 
-201.06 
-200.02 
-199.615 
-198.58 
-198.2 
-197.12 
-196.745 
-195.66 
-194.705 
-193.58 
-193.07 
-191.88 
-191.32 
-190.13 
-189.58 
-188.325 
-188.06 
-186.72 
-186.155 
-184.77 
-184.12 
-182.71 
-182.0 
-180.555 
-179.37 
-177.925 
-177.135 
-175.68 
-174.795 
-173.36 
-172.445 
-170.96 
-170.495 
-168.98 
-168.09 
-166.5 
-165.645 
-164.095 
-163.225 
-161.635 
-160.33 
-158.7 
-157.86 
-156.39 
-155.48 
-153.98 
-153.165 
-151.635 
-151.13 
-149.68 
-148.92 
-147.48 
-146.755 
-145.3 
-144.67 
-143.285 
-142.135 
-140.805 
-140.185 
-138.905 
-138.31 
-137.08 
-136.515 
-135.32 
-135.245 
-134.095 
-133.665 
-132.57 
-132.15 
-131.19 
-130.82 
-129.785 
-129.03 
-128.02 
-127.86 
-126.885 
-126.61 
-125.72 
-125.52 
-124.7 
-124.855 
-124.02 
-123.935 
-123.13 
-122.96 
-122.18 
-122.0 
-121.225 
-120.635 
-119.87 
-119.825 
-118.98 
-118.81 
-118.045 
-117.955 
-117.085 
-117.385 
-116.59 
-116.34 
-115.57 
-115.295 
-114.405 
-114.25 
-113.345 
-112.535 
-111.64 
-111.39 
-110.415 
-110.09 
-108.995 
-108.65 
-107.575 
-107.5 
-106.4 
-106.02 
-104.84 
-104.335 
-103.185 
-102.69 
-101.505 
-100.435 
-99.235 
-98.655 
-97.345 
-96.71 
-95.45 
-94.8 
-93.485 
-93.15 
-91.89 
-91.225 
-89.885 
-89.255 
-87.925 
-87.16 
-85.83 
-84.71 
-83.395 
-82.705 
-81.4 
-80.715 
-79.375 
-78.785 
-77.475 
-77.275 
-75.97 
-75.405 
-74.22 
-73.615 
-72.44 
-71.945 
-70.845 
-69.92 
-68.83 
-68.39 
-67.32 
-66.955 
-65.95 
-65.675 
-64.645 
-64.895 
-63.975 
-63.71 
-62.905 
-62.645 
-61.92 
-61.79 
-60.985 
-60.485 
-59.785 
-59.705 
-59.055 
-59.0 
-58.38 
-58.42 
-57.845 
-58.32 
-57.715 
-57.83 
-57.225 
-57.3 
-56.8 
-56.915 
-56.435 
-56.12 
-55.575 
-55.77 
-55.175 
-55.245 
-54.73 
-54.865 
-54.3 
-54.865 
-54.2 
-54.31 
-53.78 
-53.785 
-53.135 
-53.2 
-52.585 
-52.045 
-51.385 
-51.36 
-50.65 
-50.51 
-49.73 
-49.575 
-48.79 
-49.045 
-48.185 
-48.015 
-47.16 
-46.845 
-45.97 
-45.685 
-44.635 
-43.93 
-42.925 
-42.58 
-41.55 
-41.125 
-40.05 
-39.715 
-38.6 
-38.56 
-37.52 
-37.055 
-35.935 
-35.445 
-34.35 
-33.965 
-32.79 
-31.87 
-30.71 
-30.335 
-29.18 
-28.725 
-27.585 
-27.19 
-26.105 
-26.12 
-25.125 
-24.71 
-23.71 
-23.345 
-22.35 
-22.06 
-21.105 
-20.455 
-19.5 
-19.31 
-18.43 
-18.21 
-17.46 
-17.31 
-16.57 
-16.855 
-16.13 
-16.13 
-15.465 
-15.4 
-14.82 
-14.91 
-14.315 
-13.9 
-13.385 
-13.55 
-13.065 
-13.16 
-12.735 
-12.865 
-12.44 
-13.075 
-12.67 
-12.955 
-12.53 
-12.835 
-12.37 
-12.685 
-12.345 
-12.21 
-11.845 
-12.09 
-11.73 
-12.005 
-11.565 
-11.82 
-11.465 
-12.12 
-11.72 
-11.905 
-11.445 
-11.62 
-11.14 
-11.34 
-10.82 
-10.5 
-9.925 
-10.075 
-9.455 
-9.43 
-8.805 
-8.765 
-8.12 
-8.475 
-7.82 
-7.74 
-6.935 
-6.77 
-5.965 
-5.815 
-4.99 
-4.275 
-3.4 
-3.135 
-2.265 
-1.85 
-0.925 
-0.6 
0.42 
0.295 
1.33 
1.685 
2.65 
3.115 
4.12 
4.56 
5.57 
6.405 
7.42 
7.87 
8.925 
9.295 
10.375 
10.735 
11.7 
11.64 
12.58 
12.95 
13.945 
14.2 
15.16 
15.425 
16.26 
16.945 
17.84 
17.95 
18.805 
18.98 
19.7 
19.83 
20.53 
20.215 
20.85 
20.83 
21.475 
21.5 
22.015 
21.965 
22.455 
22.76 
23.265 
23.1 
23.605 
23.41 
23.84 
23.54 
23.95 
23.34 
23.69 
23.38 
23.7 
23.45 
23.755 
23.46 
23.765 
23.85 
24.17 
23.835 
24.16 
23.94 
24.18 
23.89 
24.26 
23.58 
23.845 
23.65 
23.99 
23.765 
24.075 
23.95 
24.42 
24.68 
25.12 
24.93 
25.46 
25.375 
25.895 
25.92 
26.46 
26.0 
26.565 
26.555 
27.31 
27.45 
28.125 
28.165 
28.89 
29.55 
30.275 
30.44 
31.265 
31.475 
32.255 
32.505 
33.395 
33.235 
34.025 
34.325 
35.27 
35.49 
36.45 
36.745 
37.535 
38.3 
39.215 
39.425 
40.37 
40.605 
41.54 
41.7 
42.635 
42.37 
43.23 
43.415 
44.135 
44.33 
45.16 
45.275 
45.93 
46.49 
47.15 
47.14 
47.735 
47.78 
48.41 
48.34 
48.825 
48.33 
48.78 
48.68 
49.105 
48.975 
49.255 
49.085 
49.39 
49.525 
49.905 
49.53 
49.76 
49.395 
49.72 
49.28 
49.48 
48.55 
48.72 
48.205 
48.425 
47.965 
47.995 
47.46 
47.62 
47.56 
47.64 
47.13 
47.28 
46.775 
46.935 
46.345 
46.55 
45.655 
45.775 
45.295 
45.53 
45.115 
45.27 
44.855 
45.195 
45.32 
45.535 
45.195 
45.64 
45.31 
45.65 
45.45 
45.87 
45.4 
45.825 
45.675 
46.185 
46.13 
46.69 
46.595 
47.19 
47.645 
48.27 
48.27 
48.98 
49.03 
49.865 
49.85 
50.655 
50.415 
51.16 
51.27 
52.11 
52.28 
53.085 
53.245 
54.135 
54.755 
55.51 
55.72 
56.555 
56.805 
57.655 
57.78 
58.625 
58.365 
59.115 
59.355 
60.15 
60.18 
60.94 
61.05 
61.735 
62.255 
62.905 
62.87 
63.55 
63.525 
64.115 
64.02 
64.63 
64.125 
64.665 
64.435 
64.935 
64.745 
65.16 
64.91 
65.335 
65.49 
65.85 
65.43 
65.835 
65.45 
65.75 
65.28 
65.59 
64.765 
64.99 
64.48 
64.74 
64.325 
64.565 
64.045 
64.285 
64.17 
64.435 
63.915 
64.135 
63.71 
63.925 
63.41 
63.64 
62.775 
63.01 
62.57 
62.87 
62.485 
62.735 
62.405 
62.67 
62.895 
63.26 
62.955 
63.33 
63.105 
63.525 
63.41 
63.905 
63.38 
63.87 
63.75 
64.325 
64.305 
64.92 
64.79 
65.585 
66.025 
66.755 
66.72 
67.585 
67.62 
68.465 
68.485 
69.33 
69.185 
70.01 
70.045 
70.93 
71.095 
72.015 
72.165 
73.05 
73.73 
74.6 
74.695 
75.57 
75.805 
76.645 
76.805 
77.625 
77.505 
78.29 
78.39 
79.19 
79.285 
80.035 
80.07 
80.795 
81.32 
81.925 
81.97 
82.55 
82.435 
83.04 
82.915 
83.51 
82.895 
83.37 
83.12 
83.605 
83.405 
83.745 
83.39 
83.755 
83.85 
84.105 
83.71 
83.975 
83.56 
83.815 
83.215 
83.4 
82.595 
82.695 
82.15 
82.3 
81.725 
81.845 
81.16 
81.28 
81.185 
81.27 
80.6 
80.745 
80.155 
80.27 
79.64 
79.755 
78.82 
78.935 
78.42 
78.52 
78.0 
78.195 
77.65 
77.825 
77.895 
78.09 
77.585 
77.94 
77.535 
77.815 
77.5 
77.88 
77.22 
77.585 
77.345 
77.775 
77.61 
78.05 
77.865 
78.405 
78.715 
79.25 
79.17 
79.735 
79.765 
80.335 
80.245 
80.96 
80.58 
81.195 
81.26 
81.915 
81.965 
82.7 
82.68 
83.35 
83.88 
84.655 
84.625 
85.355 
85.48 
86.085 
86.09 
86.83 
86.535 
87.185 
87.18 
87.78 
87.715 
88.355 
88.245 
88.825 
89.225 
89.825 
89.56 
90.095 
89.88 
90.38 
90.19 
90.585 
89.94 
90.33 
89.995 
90.345 
90.0 
90.325 
89.88 
90.15 
90.15 
90.435 
89.94 
90.145 
89.63 
89.765 
89.21 
89.38 
88.52 
88.635 
87.96 
88.095 
87.435 
87.57 
86.99 
86.915 
86.835 
86.925 
86.17 
86.31 
85.76 
85.805 
85.16 
85.28 
84.38 
84.525 
83.93 
84.1 
83.53 
83.71 
83.185 
83.42 
83.44 
83.71 
83.17 
83.55 
83.225 
83.535 
83.2 
83.61 
82.91 
83.345 
83.05 
83.535 
83.345 
83.86 
83.655 
84.255 
84.545 
85.2 
85.11 
85.775 
85.74 
86.425 
86.255 
87.075 
86.625 
87.305 
87.315 
88.06 
88.13 
88.805 
88.895 
89.665 
90.11 
90.815 
90.865 
91.595 
91.74 
92.47 
92.515 
93.175 
92.85 
93.575 
93.49 
94.125 
94.095 
94.735 
94.59 
95.21 
95.555 
96.11 
95.99 
96.48 
96.34 
96.865 
96.605 
97.04 
96.37 
96.77 
96.415 
96.81 
96.48 
96.75 
96.32 
96.655 
96.65 
96.87 
96.415 
96.53 
96.16 
96.3 
95.77 
95.89 
95.03 
95.07 
94.505 
94.56 
94.045 
94.1 
93.47 
93.58 
93.48 
93.535 
92.905 
92.975 
92.525 
92.53 
91.965 
92.06 
91.075 
91.205 
90.78 
90.84 
90.405 
90.565 
90.055 
90.35 
90.36 
90.62 
90.235 
90.47 
90.18 
90.565 
90.245 
90.665 
90.025 
90.415 
90.105 
90.61 
90.445 
90.995 
90.77 
91.385 
91.63 
92.275 
92.235 
92.79 
92.78 
93.385 
93.395 
94.09 
93.695 
94.335 
94.34 
95.025 
95.06 
95.71 
95.8 
96.495 
96.985 
97.68 
97.705 
98.37 
98.485 
99.145 
99.11 
99.845 
99.36 
99.96 
99.96 
100.515 
100.54 
101.065 
100.945 
101.48 
101.835 
102.295 
102.09 
102.545 
102.36 
102.785 
102.495 
102.855 
102.115 
102.465 
102.065 
102.36 
102.08 
102.24 
101.82 
102.065 
102.04 
102.24 
101.72 
101.88 
101.33 
101.505 
100.89 
100.93 
99.95 
100.105 
99.38 
99.505 
98.875 
98.985 
98.355 
98.415 
98.225 
98.28 
97.63 
97.735 
97.23 
97.29 
96.7 
96.81 
95.82 
95.98 
95.41 
95.595 
95.15 
95.28 
94.89 
95.11 
95.215 
95.42 
95.03 
95.37 
95.13 
95.465 
95.19 
95.535 
94.87 
95.285 
95.125 
95.58 
95.495 
96.02 
95.85 
96.395 
96.75 
97.365 
97.3 
97.915 
97.955 
98.56 
98.585 
99.225 
98.855 
99.485 
99.52 
100.19 
100.25 
101.03 
101.0 
101.715 
102.21 
102.835 
102.905 
103.595 
103.635 
104.25 
104.265 
104.86 
104.615 
105.16 
105.07 
105.675 
105.685 
106.12 
105.88 
106.475 
106.8 
107.295 
106.96 
107.42 
107.09 
107.61 
107.18 
107.535 
106.82 
107.25 
106.71 
106.945 
106.53 
106.77 
106.2 
106.405 
106.34 
106.52 
105.91 
106.07 
105.47 
105.5 
104.92 
105.055 
104.025 
104.095 
103.31 
103.42 
102.78 
102.73 
102.1 
102.155 
101.885 
101.935 
101.205 
101.27 
100.715 
100.69 
100.08 
100.18 
99.135 
99.275 
98.7 
98.76 
98.195 
98.315 
97.87 
98.035 
98.035 
98.325 
97.81 
98.05 
97.675 
97.97 
97.665 
97.96 
97.335 
97.755 
97.35 
97.83 
97.6 
98.07 
97.76 
98.345 
98.575 
99.175 
98.97 
99.505 
99.465 
100.06 
99.955 
100.53 
100.075 
100.765 
100.635 
101.3 
101.22 
101.835 
101.8 
102.435 
102.795 
103.475 
103.35 
103.94 
103.91 
104.525 
104.45 
105.015 
104.55 
105.1 
104.985 
105.43 
105.285 
105.755 
105.485 
105.92 
106.215 
106.64 
106.285 
106.675 
106.38 
106.78 
106.355 
106.64 
105.83 
106.02 
105.66 
105.815 
105.365 
105.52 
105.035 
105.2 
104.99 
105.195 
104.6 
104.7 
104.175 
104.155 
103.545 
103.55 
102.635 
102.68 
101.91 
102.015 
101.33 
101.38 
100.625 
100.665 
100.5 
100.585 
99.815 
99.93 
99.235 
99.375 
98.72 
98.845 
97.86 
97.96 
97.395 
97.545 
97.125 
97.225 
96.79 
97.0 
97.085 
97.3 
96.905 
97.175 
96.91 
97.21 
96.96 
97.38 
96.71 
97.155 
96.96 
97.44 
97.28 
97.79 
97.615 
98.21 
98.505 
99.165 
99.08 
99.65 
99.71 
100.315 
100.245 
100.965 
100.53 
101.275 
101.25 
101.89 
101.955 
102.635 
102.635 
103.315 
103.79 
104.435 
104.415 
105.145 
105.16 
105.78 
105.735 
106.455 
105.915 
106.525 
106.385 
106.97 
106.84 
107.405 
107.235 
107.65 
107.965 
108.42 
108.15 
108.615 
108.365 
108.695 
108.45 
108.74 
107.985 
108.25 
107.855 
108.12 
107.705 
107.94 
107.47 
107.61 
107.59 
107.73 
107.245 
107.31 
106.885 
106.935 
106.38 
106.475 
105.525 
105.535 
104.955 
105.015 
104.445 
104.52 
103.955 
103.96 
103.82 
103.83 
103.265 
103.37 
102.925 
102.94 
102.465 
102.615 
101.68 
101.825 
101.32 
101.495 
101.08 
101.315 
100.9 
101.165 
101.255 
101.595 
101.28 
101.595 
101.325 
101.73 
101.5 
101.965 
101.405 
101.855 
101.62 
102.215 
102.07 
102.645 
102.47 
103.08 
103.38 
104.125 
103.995 
104.67 
104.66 
105.315 
105.28 
105.995 
105.555 
106.32 
106.235 
106.95 
107.015 
107.705 
107.705 
108.355 
108.85 
109.52 
109.445 
110.15 
110.12 
110.74 
110.725 
111.3 
110.855 
111.43 
111.33 
111.855 
111.675 
112.17 
111.95 
112.38 
112.625 
113.08 
112.82 
113.19 
112.87 
113.175 
112.825 
113.13 
112.26 
112.485 
112.115 
112.27 
111.86 
111.995 
111.485 
111.62 
111.48 
111.505 
110.99 
111.025 
110.48 
110.52 
109.865 
109.89 
108.87 
108.875 
108.14 
108.16 
107.475 
107.555 
106.845 
106.825 
106.59 
106.65 
105.91 
106.01 
105.42 
105.415 
104.83 
104.925 
103.995 
104.05 
103.51 
103.665 
103.13 
103.32 
102.825 
103.06 
103.085 
103.31 
102.88 
103.22 
102.925 
103.2 
102.975 
103.385 
102.71 
103.085 
102.91 
103.295 
103.185 
103.655 
103.48 
104.085 
104.42 
104.925 
104.88 
105.47 
105.41 
106.01 
105.965 
106.62 
106.17 
106.795 
106.74 
107.48 
107.465 
108.045 
108.045 
108.72 
109.095 
109.7 
109.695 
110.345 
110.33 
110.885 
110.79 
111.445 
110.92 
111.465 
111.205 
111.795 
111.565 
112.11 
111.875 
112.325 
112.52 
112.905 
112.555 
112.98 
112.64 
112.94 
112.565 
112.8 
112.09 
112.19 
111.69 
111.93 
111.48 
111.555 
111.105 
111.105 
111.085 
111.085 
110.56 
110.625 
110.095 
110.09 
109.47 
109.42 
108.47 
108.435 
107.72 
107.745 
107.15 
107.115 
106.455 
106.435 
106.23 
106.225 
105.52 
105.635 
105.065 
105.13 
104.485 
104.58 
103.56 
103.675 
103.14 
103.31 
102.8 
102.995 
102.455 
102.715 
102.76 
103.075 
102.585 
102.91 
102.57 
102.92 
102.695 
103.02 
102.325 
102.76 
102.55 
103.005 
102.835 
103.295 
103.115 
103.595 
103.965 
104.59 
104.47 
105.05 
105.04 
105.565 
105.535 
106.185 
105.75 
106.325 
106.34 
106.895 
106.935 
107.535 
107.51 
108.115 
108.59 
109.175 
109.1 
109.755 
109.745 
110.255 
110.165 
110.76 
110.175 
110.68 
110.51 
110.965 
110.915 
111.275 
110.985 
111.375 
111.605 
111.98 
111.65 
111.96 
111.575 
111.935 
111.515 
111.785 
110.89 
111.09 
110.59 
110.785 
110.285 
110.365 
109.855 
109.93 
109.8 
109.88 
109.23 
109.35 
108.74 
108.785 
108.065 
108.07 
107.16 
107.08 
106.405 
106.46 
105.785 
105.8 
105.02 
105.065 
104.905 
104.9 
104.185 
104.28 
103.64 
103.785 
103.03 
103.225 
102.31 
102.41 
101.85 
102.05 
101.515 
101.745 
101.235 
101.525 
101.62 
101.95 
101.44 
101.865 
101.565 
102.01 
101.73 
102.16 
101.555 
102.085 
101.84 
102.36 
102.24 
102.875 
102.575 
103.25 
103.675 
104.315 
104.215 
104.935 
104.925 
105.595 
105.53 
106.3 
105.92 
106.67 
106.615 
107.33 
107.4 
108.08 
108.135 
108.795 
109.305 
110.015 
109.93 
110.68 
110.63 
111.21 
111.27 
111.88 
111.46 
112.085 
111.935 
112.495 
112.325 
112.9 
112.615 
113.125 
113.385 
113.845 
113.44 
113.885 
113.595 
113.93 
113.54 
113.83 
113.14 
113.375 
112.805 
113.11 
112.595 
112.77 
112.205 
112.38 
112.245 
112.345 
111.71 
111.885 
111.26 
111.35 
110.62 
110.745 
109.705 
109.64 
109.0 
109.015 
108.395 
108.44 
107.725 
107.7 
107.54 
107.51 
106.82 
106.98 
106.325 
106.41 
105.755 
105.84 
104.885 
104.965 
104.51 
104.64 
104.12 
104.35 
103.88 
104.065 
104.14 
104.41 
103.995 
104.345 
104.045 
104.35 
104.115 
104.555 
104.03 
104.46 
104.195 
104.715 
104.585 
105.135 
104.89 
105.44 
105.82 
106.49 
106.31 
106.98 
107.015 
107.655 
107.585 
108.29 
107.965 
108.68 
108.595 
109.255 
109.28 
109.995 
109.95 
110.645 
111.15 
111.855 
111.725 
112.37 
112.39 
113.065 
113.01 
113.56 
113.105 
113.77 
113.585 
114.14 
113.98 
114.435 
114.215 
114.68 
114.975 
115.36 
115.02 
115.455 
115.08 
115.425 
115.07 
115.34 
114.505 
114.735 
114.175 
114.39 
113.98 
114.05 
113.49 
113.665 
113.495 
113.515 
112.985 
113.02 
112.395 
112.41 
111.71 
111.765 
110.685 
110.62 
109.88 
109.855 
109.155 
109.145 
108.42 
108.35 
108.12 
108.22 
107.39 
107.42 
106.77 
106.815 
106.15 
106.2 
105.16 
105.28 
104.645 
104.735 
104.28 
104.38 
103.835 
104.025 
104.05 
104.25 
103.89 
104.095 
103.765 
104.03 
103.775 
104.085 
103.475 
103.94 
103.625 
104.045 
103.87 
104.38 
104.24 
104.74 
105.065 
105.635 
105.545 
106.185 
106.125 
106.77 
106.63 
107.355 
106.875 
107.58 
107.505 
108.17 
108.185 
108.85 
108.85 
109.505 
109.975 
110.555 
110.56 
111.17 
111.205 
111.825 
111.775 
112.365 
111.945 
112.515 
112.345 
112.915 
112.745 
113.235 
112.955 
113.45 
113.72 
114.185 
113.83 
114.25 
113.915 
114.245 
113.895 
114.165 
113.385 
113.705 
113.105 
113.385 
112.955 
113.045 
112.52 
112.7 
112.58 
112.625 
112.075 
112.12 
111.565 
111.62 
110.945 
111.015 
110.025 
110.04 
109.275 
109.285 
108.65 
108.62 
108.0 
107.97 
107.815 
107.805 
107.115 
107.185 
106.57 
106.635 
106.065 
106.11 
105.105 
105.15 
104.68 
104.875 
104.31 
104.51 
104.035 
104.25 
104.27 
104.54 
104.18 
104.485 
104.14 
104.51 
104.205 
104.635 
103.955 
104.41 
104.1 
104.67 
104.455 
105.02 
104.845 
105.415 
105.745 
106.375 
106.295 
106.915 
106.925 
107.555 
107.545 
108.2 
107.84 
108.505 
108.43 
109.095 
109.17 
109.825 
109.89 
110.585 
111.08 
111.64 
111.65 
112.35 
112.42 
112.89 
112.955 
113.49 
113.065 
113.67 
113.525 
114.075 
113.99 
114.455 
114.23 
114.74 
115.015 
115.39 
115.055 
115.5 
115.21 
115.53 
115.275 
115.48 
114.64 
114.9 
114.485 
114.64 
114.28 
114.365 
113.91 
113.965 
113.87 
113.99 
113.44 
113.515 
112.905 
112.98 
112.28 
112.35 
111.32 
111.36 
110.63 
110.64 
110.02 
110.005 
109.35 
109.3 
109.14 
109.21 
108.47 
108.625 
108.01 
108.0 
107.4 
107.525 
106.49 
106.695 
106.135 
106.3 
105.825 
106.065 
105.635 
105.775 
105.88 
106.155 
105.82 
106.135 
105.855 
106.23 
106.005 
106.43 
105.71 
106.28 
106.065 
106.595 
106.525 
107.03 
106.96 
107.485 
107.955 
108.525 
108.565 
109.175 
109.275 
109.94 
109.9 
110.655 
110.34 
111.015 
111.06 
111.79 
111.9 
112.56 
112.695 
113.4 
113.885 
114.565 
114.54 
115.285 
115.4 
116.0 
116.025 
116.715 
116.185 
116.84 
116.77 
117.35 
117.265 
117.755 
117.65 
118.095 
118.45 
118.845 
118.635 
119.03 
118.78 
119.155 
118.935 
119.155 
118.39 
118.59 
118.185 
118.39 
117.98 
118.165 
117.67 
117.75 
117.63 
117.745 
117.22 
117.26 
116.715 
116.7 
116.115 
116.16 
115.07 
115.03 
114.4 
114.335 
113.695 
113.68 
113.04 
112.995 
112.775 
112.71 
112.055 
112.045 
111.535 
111.49 
110.86 
110.93 
109.86 
109.95 
109.35 
109.48 
108.96 
109.1 
108.56 
108.73 
108.79 
108.975 
108.625 
108.805 
108.49 
108.81 
108.42 
108.825 
108.23 
108.58 
108.285 
108.705 
108.545 
109.04 
108.74 
109.29 
109.6 
110.24 
110.01 
110.62 
110.495 
111.125 
111.04 
111.675 
111.25 
