Run 12 on 20200810 on sample T20-5d, LT thermometer,  dT/T0 = 0.02
Time per point = 3.125e-05 seconds
1270.3 
1269.8 
1270.275 
1269.96 
1270.305 
1269.995 
1270.35 
1269.675 
1270.01 
1269.71 
1270.06 
1269.755 
1270.125 
1269.825 
1270.13 
1270.255 
1270.59 
1270.235 
1270.655 
1270.375 
1270.695 
1270.295 
1270.68 
1269.85 
1270.22 
1269.895 
1270.205 
1269.9 
1270.275 
1269.935 
1270.18 
1270.32 
1270.59 
1270.245 
1270.57 
1270.265 
1270.545 
1270.145 
1270.545 
1269.76 
1270.13 
1269.64 
1269.98 
1269.605 
1269.93 
1269.475 
1269.845 
1269.865 
1270.155 
1269.835 
1270.09 
1269.73 
1270.065 
1269.665 
1269.99 
1269.22 
1269.575 
1269.12 
1269.445 
1269.085 
1269.365 
1269.03 
1269.3 
1269.42 
1269.745 
1269.41 
1269.665 
1269.355 
1269.665 
1269.295 
1269.695 
1268.96 
1269.255 
1268.885 
1269.205 
1268.905 
1269.265 
1268.915 
1269.2 
1269.35 
1269.65 
1269.315 
1269.595 
1269.34 
1269.655 
1269.39 
1269.72 
1268.955 
1269.31 
1268.915 
1269.37 
1269.03 
1269.365 
1269.055 
1269.42 
1269.52 
1269.885 
1269.595 
1269.97 
1269.64 
1270.015 
1269.735 
1270.055 
1269.325 
1269.66 
1269.295 
1269.645 
1269.315 
1269.64 
1269.315 
1269.665 
1269.77 
1270.185 
1269.855 
1270.15 
1269.865 
1270.205 
1269.91 
1270.2 
1269.465 
1269.755 
1269.405 
1269.775 
1269.42 
1269.77 
1269.415 
1269.715 
1269.8 
1270.085 
1269.84 
1270.07 
1269.815 
1270.055 
1269.77 
1270.015 
1269.29 
1269.6 
1269.26 
1269.54 
1269.26 
1269.525 
1269.205 
1269.495 
1269.555 
1269.855 
1269.51 
1269.865 
1269.43 
1269.84 
1269.505 
1269.815 
1269.04 
1269.275 
1268.995 
1269.295 
1269.015 
1269.255 
1268.975 
1269.335 
1269.42 
1269.745 
1269.385 
1269.66 
1269.41 
1269.77 
1269.41 
1269.725 
1269.03 
1269.37 
1268.915 
1269.36 
1269.02 
1269.39 
1269.01 
1269.385 
1269.45 
1269.91 
1269.555 
1269.89 
1269.615 
1269.93 
1269.645 
1269.98 
1269.285 
1269.69 
1269.315 
1269.73 
1269.42 
1269.775 
1269.48 
1269.895 
1270.06 
1270.4 
1270.095 
1270.53 
1270.215 
1270.52 
1270.275 
1270.625 
1269.955 
1270.295 
1269.96 
1270.345 
1270.11 
1270.395 
1270.1 
1270.445 
1270.6 
1270.98 
1270.645 
1270.99 
1270.66 
1271.035 
1270.71 
1271.06 
1270.315 
1270.59 
1270.31 
1270.63 
1270.305 
1270.645 
1270.345 
1270.645 
1270.71 
1270.97 
1270.69 
1271.01 
1270.685 
1271.005 
1270.585 
1270.955 
1270.205 
1270.51 
1270.105 
1270.425 
1270.105 
1270.42 
1270.005 
1270.33 
1270.41 
1270.675 
1270.33 
1270.645 
1270.335 
1270.595 
1270.31 
1270.59 
1269.8 
1270.12 
1269.735 
1270.1 
1269.75 
1270.06 
1269.71 
1269.995 
1270.105 
1270.405 
1270.035 
1270.365 
1270.11 
1270.425 
1270.105 
1270.39 
1269.64 
1269.955 
1269.61 
1269.94 
1269.63 
1270.005 
1269.735 
1269.945 
1270.025 
1270.44 
1270.11 
1270.51 
1270.125 
1270.485 
1270.19 
1270.57 
1269.765 
1270.135 
1269.815 
1270.13 
1269.92 
1270.26 
1269.93 
1270.305 
1270.47 
1270.74 
1270.51 
1270.885 
1270.575 
1270.945 
1270.595 
1270.955 
1270.31 
1270.645 
1270.31 
1270.68 
1270.37 
1270.69 
1270.405 
1270.75 
1270.865 
1271.23 
1270.895 
1271.19 
1270.91 
1271.22 
1270.865 
1271.275 
1270.54 
1270.8 
1270.505 
1270.825 
1270.46 
1270.82 
1270.55 
1270.76 
1270.9 
1271.21 
1270.855 
1271.18 
1270.88 
1271.095 
1270.805 
1271.175 
1270.275 
1270.615 
1270.3 
1270.585 
1270.27 
1270.53 
1270.225 
1270.51 
1270.615 
1270.875 
1270.55 
1270.89 
1270.52 
1270.805 
1270.48 
1270.76 
1269.99 
1270.315 
1269.965 
1270.275 
1269.955 
1270.255 
1269.915 
1270.26 
1270.35 
1270.62 
1270.36 
1270.63 
1270.34 
1270.69 
1270.3 
1270.71 
1269.925 
1270.225 
1269.895 
1270.29 
1269.895 
1270.29 
1269.955 
1270.255 
1270.385 
1270.735 
1270.44 
1270.82 
1270.535 
1270.835 
1270.59 
1270.94 
1270.185 
1270.58 
1270.23 
1270.61 
1270.345 
1270.71 
1270.36 
1270.765 
1270.94 
1271.185 
1271.005 
1271.43 
1271.08 
1271.44 
1271.165 
1271.515 
1270.78 
1271.095 
1270.82 
1271.2 
1270.895 
1271.195 
1270.975 
1271.3 
1271.405 
1271.77 
1271.48 
1271.755 
1271.49 
1271.86 
1271.485 
1271.875 
1271.11 
1271.415 
1271.09 
1271.425 
1271.095 
1271.4 
1271.045 
1271.35 
1271.54 
1271.785 
1271.44 
1271.74 
1271.47 
1271.695 
1271.285 
1271.68 
1271.0 
1271.345 
1270.92 
1271.245 
1270.83 
1271.195 
1270.7 
1271.13 
1271.185 
1271.48 
1271.075 
1271.41 
1271.05 
1271.37 
1270.98 
1271.305 
1270.54 
1270.92 
1270.505 
1270.8 
1270.48 
1270.755 
1270.395 
1270.725 
1270.825 
1271.25 
1270.795 
1271.1 
1270.765 
1271.125 
1270.81 
1271.14 
1270.465 
1270.825 
1270.42 
1270.815 
1270.465 
1270.815 
1270.49 
1270.83 
1270.98 
1271.275 
1271.01 
1271.36 
1271.11 
1271.41 
1271.2 
1271.55 
1270.795 
1271.175 
1270.87 
1271.19 
1270.95 
1271.32 
1271.025 
1271.44 
1271.555 
1271.915 
1271.705 
1272.06 
1271.775 
1272.16 
1271.9 
1272.29 
1271.615 
1272.03 
1271.67 
1272.095 
1271.785 
1272.205 
1271.83 
1272.255 
1272.41 
1272.815 
1272.465 
1272.86 
1272.595 
1273.0 
1272.565 
1273.03 
1272.355 
1272.735 
1272.375 
1272.76 
1272.455 
1272.9 
1272.47 
1272.87 
1272.985 
1273.41 
1273.03 
1273.435 
1273.225 
1273.48 
1273.29 
1273.63 
1272.905 
1273.23 
1272.945 
1273.315 
1272.995 
1273.335 
1273.03 
1273.445 
1273.565 
1273.93 
1273.69 
1274.035 
1273.745 
1274.155 
1273.86 
1274.175 
1273.52 
1273.86 
1273.57 
1273.995 
1273.705 
1274.13 
1273.86 
1274.24 
1274.415 
1274.85 
1274.61 
1274.97 
1274.75 
1275.115 
1274.87 
1275.31 
1274.675 
1275.105 
1274.77 
1275.27 
1275.03 
1275.495 
1275.15 
1275.59 
1275.845 
1276.32 
1275.975 
1276.43 
1276.235 
1276.67 
1276.46 
1276.96 
1276.325 
1276.835 
1276.47 
1276.935 
1276.8 
1277.22 
1276.955 
1277.46 
1277.67 
1278.11 
1277.905 
1278.365 
1278.125 
1278.6 
1278.415 
1278.865 
1278.25 
1278.795 
1278.51 
1278.955 
1278.79 
1279.19 
1278.975 
1279.39 
1279.61 
1280.05 
1279.795 
1280.245 
1280.045 
1280.56 
1280.26 
1280.645 
1279.97 
1280.395 
1280.15 
1280.545 
1280.3 
1280.705 
1280.465 
1280.87 
1281.075 
1281.47 
1281.14 
1281.555 
1281.36 
1281.69 
1281.455 
1281.83 
1281.105 
1281.535 
1281.18 
1281.49 
1281.275 
1281.665 
1281.355 
1281.745 
1281.92 
1282.27 
1281.955 
1282.355 
1282.115 
1282.52 
1282.225 
1282.58 
1281.94 
1282.25 
1281.96 
1282.39 
1282.09 
1282.47 
1282.21 
1282.625 
1282.745 
1283.14 
1282.905 
1283.275 
1283.01 
1283.415 
1283.215 
1283.645 
1282.845 
1283.25 
1283.055 
1283.435 
1283.16 
1283.55 
1283.38 
1283.71 
1283.84 
1284.28 
1284.025 
1284.45 
1284.25 
1284.655 
1284.43 
1284.86 
1284.115 
1284.565 
1284.25 
1284.68 
1284.545 
1284.9 
1284.69 
1285.105 
1285.305 
1285.655 
1285.445 
1285.91 
1285.725 
1286.095 
1285.83 
1286.255 
1285.595 
1286.075 
1285.735 
1286.235 
1285.915 
1286.345 
1286.065 
1286.48 
1286.605 
1287.03 
1286.725 
1287.17 
1286.85 
1287.36 
1286.965 
1287.43 
1286.715 
1287.12 
1286.78 
1287.165 
1286.875 
1287.26 
1286.995 
1287.275 
1287.47 
1287.83 
1287.525 
1287.855 
1287.6 
1287.915 
1287.625 
1288.02 
1287.315 
1287.69 
1287.315 
1287.645 
1287.4 
1287.685 
1287.415 
1287.79 
1287.94 
1288.265 
1287.995 
1288.3 
1288.06 
1288.4 
1288.095 
1288.42 
1287.785 
1288.08 
1287.745 
1288.14 
1287.875 
1288.2 
1287.92 
1288.27 
1288.47 
1288.83 
1288.55 
1288.885 
1288.65 
1289.025 
1288.7 
1289.18 
1288.415 
1288.775 
1288.49 
1288.875 
1288.61 
1289.07 
1288.695 
1289.15 
1289.3 
1289.755 
1289.425 
1289.785 
1289.615 
1289.99 
1289.765 
1290.195 
1289.545 
1289.89 
1289.66 
1290.06 
1289.875 
1290.255 
1289.995 
1290.44 
1290.655 
1291.01 
1290.775 
1291.205 
1291.03 
1291.375 
1291.235 
1291.56 
1290.94 
1291.375 
1291.105 
1291.505 
1291.285 
1291.625 
1291.405 
1291.78 
1291.985 
1292.355 
1292.08 
1292.47 
1292.275 
1292.63 
1292.3 
1292.74 
1292.01 
1292.35 
1292.09 
1292.415 
1292.235 
1292.58 
1292.23 
1292.56 
1292.755 
1293.105 
1292.785 
1293.18 
1292.875 
1293.17 
1292.89 
1293.255 
1292.56 
1292.95 
1292.54 
1292.88 
1292.535 
1292.905 
1292.64 
1292.955 
1293.07 
1293.38 
1293.085 
1293.485 
1293.15 
1293.535 
1293.15 
1293.57 
1292.855 
1293.185 
1292.865 
1293.215 
1292.935 
1293.24 
1292.97 
1293.31 
1293.495 
1293.875 
1293.525 
1293.92 
1293.63 
1294.01 
1293.775 
1294.14 
1293.405 
1293.775 
1293.48 
1293.875 
1293.59 
1293.995 
1293.695 
1294.04 
1294.2 
1294.635 
1294.35 
1294.79 
1294.47 
1294.855 
1294.61 
1295.055 
1294.29 
1294.72 
1294.465 
1294.785 
1294.59 
1294.9 
1294.685 
1295.145 
1295.34 
1295.675 
1295.455 
1295.82 
1295.605 
1295.92 
1295.73 
1296.12 
1295.355 
1295.805 
1295.445 
1295.89 
1295.6 
1295.9 
1295.735 
1296.045 
1296.195 
1296.58 
1296.335 
1296.7 
1296.37 
1296.76 
1296.48 
1296.845 
1296.1 
1296.41 
1296.13 
1296.45 
1296.195 
1296.51 
1296.205 
1296.48 
1296.685 
1296.92 
1296.675 
1296.99 
1296.74 
1296.98 
1296.79 
1297.025 
1296.235 
1296.595 
1296.23 
1296.535 
1296.29 
1296.55 
1296.205 
1296.55 
1296.685 
1296.88 
1296.655 
1296.99 
1296.73 
1297.025 
1296.71 
1297.035 
1296.215 
1296.52 
1296.18 
1296.54 
1296.26 
1296.565 
1296.265 
1296.62 
1296.7 
1297.1 
1296.775 
1297.09 
1296.81 
1297.205 
1296.855 
1297.225 
1296.555 
1296.96 
1296.54 
1296.985 
1296.635 
1297.055 
1296.705 
1297.055 
1297.175 
1297.62 
1297.265 
1297.745 
1297.38 
1297.84 
1297.505 
1297.92 
1297.2 
1297.68 
1297.285 
1297.655 
1297.425 
1297.89 
1297.525 
1297.925 
1298.11 
1298.485 
1298.17 
1298.65 
1298.335 
1298.775 
1298.505 
1298.915 
1298.22 
1298.59 
1298.3 
1298.73 
1298.425 
1298.77 
1298.465 
1298.89 
1299.015 
1299.35 
1299.0 
1299.475 
1299.185 
1299.565 
1299.215 
1299.65 
1298.895 
1299.22 
1298.905 
1299.295 
1299.0 
1299.295 
1299.02 
1299.285 
1299.405 
1299.745 
1299.39 
1299.835 
1299.47 
1299.87 
1299.55 
1299.86 
1299.07 
1299.48 
1299.03 
1299.375 
1299.0 
1299.44 
1298.975 
1299.385 
1299.475 
1299.85 
1299.465 
1299.85 
1299.5 
1299.88 
1299.505 
1299.825 
1299.155 
1299.505 
1299.06 
1299.485 
1299.13 
1299.445 
1299.2 
1299.505 
1299.645 
1300.075 
1299.705 
1300.015 
1299.785 
1300.115 
1299.815 
1300.21 
1299.46 
1299.81 
1299.5 
1299.865 
1299.62 
1299.95 
1299.74 
1300.02 
1300.17 
1300.525 
1300.285 
1300.655 
1300.375 
1300.76 
1300.54 
1300.86 
1300.145 
1300.555 
1300.28 
1300.645 
1300.385 
1300.76 
1300.48 
1300.835 
1301.005 
1301.335 
1301.14 
1301.525 
1301.315 
1301.64 
1301.39 
1301.825 
1301.055 
1301.455 
1301.12 
1301.52 
1301.205 
1301.51 
1301.285 
1301.685 
1301.705 
1302.13 
1301.815 
1302.15 
1301.88 
1302.245 
1301.91 
1302.29 
1301.545 
1301.85 
1301.51 
1301.865 
1301.54 
1301.86 
1301.53 
1301.81 
1301.93 
1302.195 
1301.92 
1302.285 
1301.98 
1302.23 
1301.955 
1302.265 
1301.49 
1301.77 
1301.41 
1301.725 
1301.44 
1301.695 
1301.36 
1301.655 
1301.82 
1302.055 
1301.705 
1302.065 
1301.75 
1302.15 
1301.755 
1302.015 
1301.28 
1301.575 
1301.24 
1301.6 
1301.365 
1301.6 
1301.27 
1301.56 
1301.775 
1302.055 
1301.775 
1302.035 
1301.765 
1302.105 
1301.78 
1302.15 
1301.375 
1301.71 
1301.35 
1301.715 
1301.4 
1301.825 
1301.44 
1301.78 
1301.905 
1302.265 
1301.95 
1302.365 
1302.055 
1302.395 
1302.1 
1302.545 
1301.79 
1302.205 
1301.835 
1302.215 
1301.885 
1302.335 
1302.03 
1302.4 
1302.605 
1302.915 
1302.675 
1303.065 
1302.825 
1303.095 
1302.89 
1303.275 
1302.465 
1302.915 
1302.645 
1302.96 
1302.775 
1303.01 
1302.765 
1303.15 
1303.2 
1303.57 
1303.35 
1303.645 
1303.395 
1303.745 
1303.38 
1303.8 
1303.025 
1303.305 
1303.005 
1303.305 
1303.1 
1303.35 
1303.1 
1303.405 
1303.49 
1303.74 
1303.495 
1303.845 
1303.515 
1303.835 
1303.47 
1303.825 
1303.0 
1303.36 
1303.005 
1303.31 
1302.945 
1303.3 
1302.855 
1303.245 
1303.33 
1303.68 
1303.345 
1303.605 
1303.28 
1303.665 
1303.36 
1303.625 
1302.93 
1303.22 
1302.89 
1303.205 
1302.96 
1303.235 
1302.915 
1303.275 
1303.385 
1303.695 
1303.42 
1303.75 
1303.48 
1303.845 
1303.51 
1303.81 
1303.13 
1303.43 
1303.17 
1303.48 
1303.275 
1303.595 
1303.285 
1303.57 
1303.79 
1304.12 
1303.875 
1304.26 
1303.995 
1304.305 
1304.06 
1304.485 
1303.68 
1304.065 
1303.745 
1304.08 
1303.85 
1304.155 
1303.97 
1304.3 
1304.49 
1304.79 
1304.62 
1304.935 
1304.715 
1305.08 
1304.815 
1305.185 
1304.365 
1304.725 
1304.355 
1304.76 
1304.49 
1304.855 
1304.58 
1304.885 
1304.985 
1305.335 
1304.99 
1305.32 
1305.11 
1305.435 
1305.095 
1305.48 
1304.69 
1304.985 
1304.645 
1304.99 
1304.7 
1304.94 
1304.635 
1304.92 
1305.045 
1305.32 
1305.02 
1305.3 
1305.055 
1305.275 
1305.02 
1305.265 
1304.53 
1304.845 
1304.48 
1304.7 
1304.515 
1304.705 
1304.385 
1304.715 
1304.795 
1304.99 
1304.7 
1305.005 
1304.705 
1305.02 
1304.71 
1304.975 
1304.25 
1304.445 
1304.2 
1304.505 
1304.24 
1304.415 
1304.14 
1304.51 
1304.625 
1304.81 
1304.61 
1304.87 
1304.675 
1304.93 
1304.57 
1304.925 
1304.145 
1304.43 
1304.145 
1304.49 
1304.19 
1304.505 
1304.165 
1304.515 
1304.675 
1304.97 
1304.675 
1305.075 
1304.82 
1305.11 
1304.88 
1305.24 
1304.47 
1304.86 
1304.535 
1304.855 
1304.55 
1304.985 
1304.685 
1305.08 
1305.195 
1305.5 
1305.25 
1305.63 
1305.34 
1305.72 
1305.485 
1305.805 
1305.09 
1305.345 
1305.075 
1305.455 
1305.18 
1305.475 
1305.24 
1305.56 
1305.62 
1305.995 
1305.68 
1306.02 
1305.71 
1306.02 
1305.725 
1306.1 
1305.335 
1305.565 
1305.315 
1305.64 
1305.335 
1305.575 
1305.275 
1305.54 
1305.69 
1305.95 
1305.595 
1305.95 
1305.645 
1305.88 
1305.56 
1305.86 
1305.035 
1305.31 
1304.965 
1305.215 
1304.935 
1305.19 
1304.845 
1305.225 
1305.24 
1305.55 
1305.265 
1305.55 
1305.235 
1305.55 
1305.28 
1305.55 
1304.74 
1304.98 
1304.695 
1305.005 
1304.815 
1304.985 
1304.78 
1305.07 
1305.21 
1305.5 
1305.23 
1305.485 
1305.31 
1305.525 
1305.265 
1305.65 
1304.86 
1305.135 
1304.905 
1305.26 
1304.965 
1305.275 
1305.0 
1305.255 
1305.485 
1305.78 
1305.565 
1305.845 
1305.595 
1305.955 
1305.585 
1306.065 
1305.315 
1305.635 
1305.355 
1305.78 
1305.46 
1305.865 
1305.54 
1305.89 
1306.045 
1306.375 
1306.085 
1306.545 
1306.2 
1306.585 
1306.235 
1306.635 
1305.91 
1306.34 
1305.945 
1306.31 
1306.07 
1306.365 
1306.075 
1306.445 
1306.53 
1306.935 
1306.545 
1306.91 
1306.66 
1306.975 
1306.685 
1307.005 
1306.185 
1306.475 
1306.22 
1306.51 
1306.205 
1306.49 
1306.215 
1306.55 
1306.595 
1306.835 
1306.485 
1306.9 
1306.56 
1306.765 
1306.405 
1306.735 
1305.965 
1306.275 
1305.91 
1306.215 
1305.885 
1306.185 
1305.77 
1306.165 
1306.205 
1306.465 
1306.11 
1306.455 
1306.055 
1306.41 
1305.89 
1306.32 
1305.63 
1305.85 
1305.52 
1305.835 
1305.47 
1305.815 
1305.41 
1305.725 
1305.86 
1306.255 
1305.76 
1306.11 
1305.855 
1306.175 
1305.705 
1306.045 
1305.34 
1305.63 
1305.355 
1305.73 
1305.46 
1305.735 
1305.395 
1305.725 
1305.84 
1306.2 
1305.875 
1306.24 
1305.965 
1306.245 
1305.965 
1306.295 
1305.545 
1305.85 
1305.685 
1305.92 
1305.71 
1306.105 
1305.735 
1306.07 
1306.24 
1306.575 
1306.23 
1306.56 
1306.26 
1306.63 
1306.305 
1306.65 
1306.02 
1306.325 
1306.025 
1306.445 
1305.98 
1306.38 
1305.985 
1306.375 
1306.56 
1306.9 
1306.45 
1306.845 
1306.475 
1306.91 
1306.47 
1306.82 
1306.18 
1306.44 
1306.05 
1306.38 
1306.025 
1306.345 
1305.92 
1306.24 
1306.315 
1306.74 
1306.24 
1306.67 
1306.295 
1306.59 
1306.16 
1306.545 
1305.865 
1306.125 
1305.815 
1306.085 
1305.8 
1306.085 
1305.805 
1306.125 
1306.21 
1306.4 
1306.145 
1306.49 
1306.145 
1306.5 
1306.085 
1306.425 
1305.7 
1305.955 
1305.66 
1305.965 
1305.65 
1305.9 
1305.58 
1305.94 
1306.085 
1306.38 
1306.005 
1306.335 
1306.035 
1306.385 
1306.015 
1306.415 
1305.73 
1306.005 
1305.7 
1306.095 
1305.78 
1306.09 
1305.7 
1306.1 
1306.27 
1306.635 
1306.205 
1306.64 
1306.315 
1306.71 
1306.31 
1306.745 
1306.095 
1306.48 
1306.11 
1306.5 
1306.23 
1306.63 
1306.21 
1306.62 
1306.74 
1307.165 
1306.725 
1307.175 
1306.865 
1307.29 
1306.895 
1307.27 
1306.685 
1307.035 
1306.735 
1307.115 
1306.81 
1307.155 
1306.77 
1307.18 
1307.28 
1307.65 
1307.305 
1307.625 
1307.325 
1307.68 
1307.235 
1307.66 
1306.895 
1307.185 
1306.84 
1307.22 
1306.855 
1307.15 
1306.775 
1307.085 
1307.18 
1307.485 
1307.06 
1307.48 
1307.065 
1307.38 
1306.95 
1307.3 
1306.61 
1306.93 
1306.515 
1306.78 
1306.42 
1306.735 
1306.29 
1306.675 
1306.76 
1307.085 
1306.595 
1306.97 
1306.58 
1306.945 
1306.515 
1306.9 
1306.16 
1306.45 
1306.02 
1306.435 
1306.07 
1306.355 
1305.98 
1306.33 
1306.41 
1306.83 
1306.355 
1306.69 
1306.405 
1306.75 
1306.37 
1306.725 
1306.22 
1306.485 
1306.1 
1306.475 
1306.1 
1306.47 
1306.055 
1306.37 
1306.535 
1306.905 
1306.495 
1306.925 
1306.575 
1306.895 
1306.59 
1306.9 
1306.255 
1306.67 
1306.24 
1306.57 
1306.295 
1306.69 
1306.24 
1306.69 
1306.81 
1307.14 
1306.825 
1307.165 
1306.89 
1307.245 
1306.89 
1307.26 
1306.585 
1306.885 
1306.51 
1306.925 
1306.57 
1306.87 
1306.53 
1306.9 
1307.005 
1307.325 
1306.98 
1307.26 
1307.03 
1307.28 
1306.985 
1307.28 
1306.55 
1306.845 
1306.43 
1306.775 
1306.45 
1306.78 
1306.41 
1306.64 
1306.77 
1307.045 
1306.725 
1307.02 
1306.695 
1306.95 
1306.615 
1306.955 
1306.22 
1306.5 
1306.08 
1306.34 
1306.045 
1306.31 
1305.905 
1306.315 
1306.355 
1306.665 
1306.255 
1306.585 
1306.24 
1306.585 
1306.2 
1306.475 
1305.8 
1306.105 
1305.68 
1306.03 
1305.67 
1306.02 
1305.645 
1305.995 
1306.095 
1306.47 
1306.07 
1306.41 
1306.1 
1306.505 
1306.15 
1306.495 
1305.755 
1306.06 
1305.735 
1306.11 
1305.77 
1306.155 
1305.815 
1306.19 
1306.355 
1306.665 
1306.365 
1306.755 
1306.525 
1306.79 
1306.52 
1306.945 
1306.17 
1306.495 
1306.195 
1306.5 
1306.26 
1306.655 
1306.345 
1306.77 
1306.895 
1307.19 
1306.99 
1307.4 
1307.08 
1307.435 
1307.235 
1307.5 
1306.895 
1307.23 
1306.82 
1307.22 
1306.905 
1307.245 
1306.905 
1307.28 
1307.355 
1307.78 
1307.395 
1307.705 
1307.435 
1307.725 
1307.35 
1307.76 
1307.065 
1307.335 
1306.95 
1307.36 
1306.975 
1307.3 
1306.825 
1307.175 
1307.3 
1307.62 
1307.215 
1307.54 
1307.305 
1307.485 
1307.195 
1307.445 
1306.695 
1307.0 
1306.655 
1306.91 
1306.63 
1306.845 
1306.545 
1306.815 
1306.88 
1307.215 
1306.86 
1307.2 
1306.86 
1307.215 
1306.86 
1307.17 
1306.35 
1306.665 
1306.26 
1306.645 
1306.315 
1306.605 
1306.315 
1306.595 
1306.705 
1307.01 
1306.68 
1307.01 
1306.775 
1307.075 
1306.735 
1307.095 
1306.37 
1306.67 
1306.235 
1306.625 
1306.325 
1306.695 
1306.28 
1306.68 
1306.78 
1307.185 
1306.785 
1307.22 
1306.905 
1307.245 
1306.94 
1307.365 
1306.61 
1306.96 
1306.62 
1306.975 
1306.71 
1307.075 
1306.75 
1307.07 
1307.275 
1307.55 
1307.265 
1307.64 
1307.38 
1307.745 
1307.445 
1307.75 
1307.04 
1307.41 
1307.06 
1307.4 
1307.115 
1307.425 
1307.18 
1307.48 
1307.59 
1307.89 
1307.53 
1307.845 
1307.62 
1307.925 
1307.615 
1307.905 
1307.19 
1307.335 
1307.14 
1307.35 
1307.06 
1307.365 
1306.97 
1307.285 
1307.4 
1307.685 
1307.295 
1307.705 
1307.315 
1307.64 
1307.315 
1307.565 
1306.9 
1307.14 
1306.755 
1307.105 
1306.79 
1307.04 
1306.58 
1306.975 
1307.04 
1307.365 
1306.91 
1307.19 
1306.845 
1307.24 
1306.81 
1307.07 
1306.42 
1306.735 
1306.33 
1306.675 
1306.345 
1306.645 
1306.27 
1306.585 
1306.725 
1307.05 
1306.585 
1306.92 
1306.685 
1307.04 
1306.615 
1307.025 
1306.3 
1306.7 
1306.255 
1306.62 
1306.335 
1306.75 
1306.32 
1306.67 
1306.815 
1307.225 
1306.84 
1307.28 
1306.975 
1307.295 
1307.005 
1307.37 
1306.64 
1307.1 
1306.725 
1307.07 
1306.805 
1307.175 
1306.87 
1307.29 
1307.39 
1307.71 
1307.395 
1307.885 
1307.505 
1307.895 
1307.66 
1307.955 
1307.395 
1307.79 
1307.335 
1307.73 
1307.415 
1307.75 
1307.38 
1307.74 
1307.915 
1308.28 
1307.82 
1308.245 
1307.915 
1308.23 
1307.81 
1308.195 
1307.42 
1307.835 
1307.435 
1307.73 
1307.415 
1307.78 
1307.345 
1307.66 
1307.725 
1308.05 
1307.7 
1308.085 
1307.685 
1308.015 
1307.575 
1307.945 
1307.14 
1307.45 
1307.14 
1307.39 
1307.09 
1307.415 
1306.965 
1307.325 
1307.355 
1307.665 
1307.345 
1307.61 
1307.25 
1307.615 
1307.25 
1307.555 
1306.815 
1307.115 
1306.725 
1307.115 
1306.755 
1307.11 
1306.715 
1307.01 
1307.175 
1307.47 
1307.215 
1307.4 
1307.21 
1307.515 
1307.225 
1307.585 
1306.925 
1307.21 
1306.865 
1307.225 
1306.885 
1307.255 
1306.86 
1307.19 
1307.36 
1307.775 
1307.31 
1307.765 
1307.38 
1307.78 
1307.455 
1307.8 
1307.14 
1307.525 
1307.13 
1307.46 
1307.185 
1307.555 
1307.185 
1307.64 
1307.72 
1308.08 
1307.705 
1308.125 
1307.8 
1308.17 
1307.815 
1308.175 
1307.485 
1307.855 
1307.48 
1307.825 
1307.53 
1307.82 
1307.545 
1307.86 
1307.94 
1308.295 
1307.9 
1308.27 
1307.915 
1308.275 
1307.945 
1308.255 
1307.48 
1307.8 
1307.415 
1307.735 
1307.35 
1307.665 
1307.315 
1307.56 
1307.695 
1307.945 
1307.55 
1307.865 
1307.535 
1307.77 
1307.485 
1307.84 
1307.03 
1307.305 
1306.89 
1307.24 
1306.875 
1307.09 
1306.68 
1307.115 
1307.18 
1307.435 
1307.005 
1307.33 
1306.985 
1307.325 
1306.93 
1307.26 
1306.555 
1306.88 
1306.43 
1306.75 
1306.44 
1306.695 
1306.34 
1306.67 
1306.8 
1307.095 
1306.77 
1307.05 
1306.83 
1307.125 
1306.815 
1307.17 
1306.415 
1306.715 
1306.425 
1306.775 
1306.455 
1306.845 
1306.5 
1306.835 
1306.95 
1307.285 
1307.035 
1307.46 
1307.12 
1307.41 
1307.215 
1307.53 
1306.785 
1307.15 
1306.86 
1307.155 
1306.92 
1307.3 
1307.0 
1307.385 
1307.57 
1307.895 
1307.61 
1307.98 
1307.69 
1308.035 
1307.805 
1308.11 
1307.525 
1307.845 
1307.465 
1307.9 
1307.59 
1307.9 
1307.485 
1307.87 
1307.97 
1308.345 
1307.97 
1308.38 
1307.95 
1308.36 
1307.945 
1308.345 
1307.605 
1307.925 
1307.54 
1307.83 
1307.485 
1307.87 
1307.41 
1307.76 
1307.855 
1308.165 
1307.74 
1308.125 
1307.795 
1308.075 
1307.725 
1308.02 
1307.225 
1307.58 
1307.22 
1307.425 
1307.18 
1307.43 
1307.07 
1307.4 
1307.515 
1307.785 
1307.4 
1307.755 
1307.425 
1307.72 
1307.355 
1307.695 
1306.94 
1307.235 
1306.865 
1307.225 
1306.86 
1307.205 
1306.875 
1307.16 
1307.275 
1307.65 
1307.3 
1307.6 
1307.34 
1307.595 
1307.31 
1307.655 
1306.945 
1307.28 
1306.89 
1307.33 
1306.93 
1307.32 
1306.96 
1307.32 
1307.435 
1307.835 
1307.485 
1307.82 
1307.52 
1307.865 
1307.58 
1307.88 
1307.2 
1307.65 
1307.255 
1307.55 
1307.3 
1307.65 
1307.33 
1307.675 
1307.805 
1308.195 
1307.89 
1308.285 
1307.945 
1308.27 
1307.99 
1308.315 
1307.605 
1307.935 
1307.57 
1307.915 
1307.64 
1307.92 
1307.63 
1307.925 
1308.095 
1308.37 
1308.035 
1308.33 
1308.055 
1308.365 
1308.04 
1308.355 
1307.57 
1307.815 
1307.48 
1307.78 
1307.44 
1307.72 
1307.475 
1307.655 
1307.76 
1308.06 
1307.725 
1307.98 
1307.64 
1307.92 
1307.575 
1307.86 
1307.1 
1307.485 
1306.995 
1307.295 
1306.895 
1307.26 
1306.78 
1307.15 
1307.16 
1307.515 
1307.085 
1307.435 
1307.005 
1307.36 
1306.94 
1307.32 
1306.5 
1306.795 
1306.41 
1306.79 
1306.41 
1306.675 
1306.305 
1306.63 
1306.785 
1307.135 
1306.745 
1307.045 
1306.75 
1307.17 
1306.755 
1307.075 
1306.38 
1306.705 
1306.36 
1306.735 
1306.405 
1306.705 
1306.42 
1306.725 
1306.89 
1307.275 
1306.925 
1307.375 
1307.05 
1307.35 
1307.105 
1307.48 
1306.665 
1307.025 
1306.76 
1307.1 
1306.83 
1307.155 
1306.895 
1307.215 
1307.4 
1307.695 
1307.49 
1307.83 
1307.52 
1307.85 
1307.635 
1307.96 
1307.225 
1307.57 
1307.185 
1307.55 
1307.24 
1307.545 
1307.185 
1307.615 
1307.655 
1308.085 
1307.685 
1307.99 
1307.705 
1308.07 
1307.675 
1308.075 
1307.295 
1307.615 
1307.21 
1307.5 
1307.18 
1307.545 
1307.2 
1307.485 
1307.55 
1307.9 
1307.495 
1307.83 
1307.46 
1307.775 
1307.45 
1307.74 
1306.985 
1307.255 
1306.935 
1307.15 
1306.925 
1307.175 
1306.815 
1307.12 
1307.25 
1307.475 
1307.125 
1307.435 
1307.145 
1307.43 
1307.115 
1307.41 
1306.64 
1306.87 
1306.6 
1306.875 
1306.58 
1306.855 
1306.595 
1306.85 
1307.0 
1307.29 
1307.01 
1307.35 
1307.08 
1307.435 
1307.05 
1307.465 
1306.74 
1307.04 
1306.8 
1307.15 
1306.81 
1307.15 
1306.76 
1307.095 
1307.28 
1307.65 
1307.25 
1307.62 
1307.35 
1307.64 
1307.26 
1307.73 
1307.06 
1307.45 
1307.055 
1307.45 
1307.185 
1307.515 
1307.095 
1307.53 
1307.655 
1308.04 
1307.66 
1308.11 
1307.745 
1308.085 
1307.755 
1308.155 
1307.47 
1307.8 
1307.385 
1307.805 
1307.445 
1307.83 
1307.38 
1307.79 
1307.91 
1308.225 
1307.825 
1308.155 
1307.865 
1308.18 
1307.815 
1308.195 
1307.435 
1307.67 
1307.275 
1307.615 
1307.265 
1307.665 
1307.24 
1307.445 
1307.6 
1307.84 
1307.43 
1307.87 
1307.46 
1307.75 
1307.415 
1307.69 
1307.025 
1307.32 
1306.915 
1307.18 
1306.83 
1307.16 
1306.75 
1307.055 
1307.13 
1307.45 
1307.0 
1307.43 
1306.945 
1307.405 
1306.89 
1307.24 
1306.485 
1306.915 
1306.405 
1306.79 
1306.475 
1306.755 
1306.275 
1306.695 
1306.75 
1307.1 
1306.705 
1307.065 
1306.725 
1307.115 
1306.72 
1307.085 
1306.345 
1306.715 
1306.33 
1306.7 
1306.32 
1306.68 
1306.365 
1306.64 
1306.815 
1307.23 
1306.8 
1307.24 
1306.98 
1307.265 
1307.025 
1307.38 
1306.63 
1306.985 
1306.64 
1307.02 
1306.775 
1307.13 
1306.76 
1307.185 
1307.315 
1307.64 
1307.335 
1307.725 
1307.39 
1307.805 
1307.47 
1307.82 
1307.295 
1307.585 
1307.22 
1307.585 
1307.25 
1307.6 
1307.27 
1307.635 
1307.715 
1308.105 
1307.66 
1308.0 
1307.715 
1308.04 
1307.595 
1308.025 
1307.32 
1307.645 
1307.205 
1307.535 
1307.215 
1307.535 
1307.115 
1307.445 
1307.49 
1307.86 
1307.395 
1307.77 
1307.41 
1307.705 
1307.375 
1307.675 
1306.915 
1307.285 
1306.865 
1307.2 
1306.83 
1307.115 
1306.72 
1307.035 
1307.105 
1307.44 
1307.055 
1307.435 
1307.115 
1307.405 
1307.085 
1307.395 
1306.61 
1306.97 
1306.545 
1306.9 
1306.585 
1306.82 
1306.57 
1306.855 
1307.0 
1307.32 
1306.99 
1307.36 
1307.02 
1307.355 
1307.065 
1307.395 
1306.695 
1307.08 
1306.645 
1307.08 
1306.7 
1307.095 
1306.73 
1307.055 
1307.21 
1307.59 
1307.215 
1307.63 
1307.31 
1307.665 
1307.335 
1307.715 
1307.025 
1307.43 
1307.005 
1307.375 
1307.065 
1307.48 
1307.135 
1307.535 
1307.68 
1308.005 
1307.71 
1308.07 
1307.835 
1308.155 
1307.855 
1308.125 
1307.475 
1307.815 
1307.44 
1307.795 
1307.52 
1307.82 
1307.535 
1307.885 
1307.955 
1308.305 
1308.0 
1308.3 
1308.03 
1308.315 
1307.995 
1308.28 
1307.5 
1307.805 
1307.505 
1307.765 
1307.39 
1307.67 
1307.36 
1307.645 
1307.755 
1308.035 
1307.745 
1307.995 
1307.715 
1307.875 
1307.655 
1307.945 
1307.185 
1307.575 
1307.1 
1307.39 
1307.01 
1307.315 
1306.905 
1307.25 
1307.34 
1307.595 
1307.205 
1307.59 
1307.22 
1307.57 
1307.115 
1307.445 
1306.76 
1307.035 
1306.66 
1306.995 
1306.62 
1306.94 
1306.57 
1306.89 
1306.98 
1307.345 
1306.935 
1307.335 
1307.045 
1307.345 
1306.95 
1307.355 
1306.61 
1306.88 
1306.6 
1306.88 
1306.64 
1306.955 
1306.6 
1306.975 
1307.085 
1307.465 
1307.18 
1307.52 
1307.23 
1307.56 
1307.275 
1307.64 
1306.86 
1307.215 
1306.945 
1307.26 
1306.995 
1307.405 
1307.08 
1307.465 
1307.565 
1307.865 
1307.63 
1307.98 
1307.7 
1308.05 
1307.755 
1308.085 
1307.39 
1307.74 
1307.33 
1307.665 
1307.39 
1307.745 
1307.335 
1307.73 
1307.775 
1308.2 
1307.785 
1308.145 
1307.85 
1308.16 
1307.81 
1308.155 
1307.38 
1307.685 
1307.285 
1307.62 
1307.3 
1307.655 
1307.3 
1307.57 
1307.675 
1308.01 
1307.575 
1307.93 
1307.585 
1307.845 
1307.525 
1307.86 
1307.035 
1307.36 
1306.99 
1307.31 
1307.055 
1307.245 
1306.9 
1307.23 
1307.29 
1307.59 
1307.29 
1307.575 
1307.31 
1307.565 
1307.285 
1307.525 
1306.8 
1307.025 
1306.83 
1307.115 
1306.825 
1307.01 
1306.745 
1307.07 
1307.21 
1307.51 
1307.165 
1307.5 
1307.27 
1307.59 
1307.29 
1307.66 
1306.89 
1307.26 
1306.875 
1307.27 
1306.9 
1307.315 
1306.955 
1307.28 
1307.45 
1307.85 
1307.505 
1307.89 
1307.545 
1307.93 
1307.635 
1308.06 
1307.3 
1307.655 
1307.325 
1307.685 
1307.44 
1307.83 
1307.5 
1307.86 
1308.02 
1308.37 
1308.085 
1308.425 
1308.12 
1308.505 
1308.215 
1308.525 
1307.84 
1308.115 
1307.865 
1308.16 
1307.855 
1308.195 
1307.935 
1308.2 
1308.315 
1308.68 
1308.33 
1308.6 
1308.43 
1308.66 
1308.355 
1308.695 
1307.89 
1308.15 
1307.785 
1308.14 
1307.9 
1308.135 
1307.835 
1308.085 
1308.175 
1308.435 
1308.12 
1308.39 
1308.115 
1308.37 
1308.01 
1308.34 
1307.505 
1307.84 
1307.425 
1307.72 
1307.345 
1307.61 
1307.255 
1307.565 
1307.69 
1307.955 
1307.61 
1307.93 
1307.56 
1307.87 
1307.525 
1307.845 
1307.115 
1307.425 
1306.99 
1307.325 
1306.96 
1307.3 
1307.015 
1307.305 
1307.355 
1307.735 
1307.425 
1307.75 
1307.46 
1307.74 
1307.415 
1307.725 
1307.005 
1307.33 
1307.01 
1307.385 
1307.065 
1307.39 
1307.095 
1307.39 
1307.54 
1307.86 
1307.6 
1307.925 
1307.655 
1307.98 
1307.715 
1308.035 
1307.265 
1307.59 
1307.32 
1307.66 
1307.41 
1307.71 
1307.42 
1307.77 
1307.925 
1308.195 
1307.905 
1308.28 
1308.015 
1308.38 
1308.045 
1308.36 
1307.73 
1308.11 
1307.7 
1308.06 
1307.71 
1308.145 
1307.695 
1308.025 
1308.075 
1308.515 
1308.07 
1308.375 
1308.085 
1308.49 
1307.945 
1308.38 
1307.68 
