Run 0 on 20200811 on sample T20-5d, LT thermometer,  dT/T0 = 0.02
Time per point = 3.125e-05 seconds
886.275 
885.805 
886.11 
885.76 
886.07 
885.65 
885.95 
885.175 
885.395 
885.02 
885.28 
885.03 
885.255 
884.875 
885.18 
885.225 
885.62 
885.21 
885.525 
885.205 
885.485 
885.155 
885.515 
884.76 
885.07 
884.735 
885.09 
884.8 
885.115 
884.795 
885.19 
885.27 
885.62 
885.335 
885.72 
885.45 
885.835 
885.51 
885.885 
885.2 
885.62 
885.275 
885.69 
885.37 
885.76 
885.405 
885.835 
885.94 
886.33 
885.98 
886.35 
886.07 
886.47 
886.135 
886.515 
885.84 
886.1 
885.83 
886.195 
885.925 
886.225 
885.855 
886.205 
886.3 
886.705 
886.295 
886.65 
886.355 
886.63 
886.32 
886.695 
885.96 
886.215 
885.845 
886.195 
885.835 
886.215 
885.755 
886.135 
886.18 
886.47 
886.035 
886.43 
886.04 
886.345 
885.92 
886.25 
885.46 
885.81 
885.42 
885.695 
885.26 
885.585 
885.17 
885.435 
885.535 
885.815 
885.33 
885.705 
885.245 
885.595 
885.155 
885.445 
884.63 
884.94 
884.535 
884.84 
884.505 
884.705 
884.32 
884.57 
884.66 
885.01 
884.535 
884.92 
884.6 
884.825 
884.425 
884.885 
884.075 
884.305 
883.93 
884.33 
883.99 
884.27 
883.955 
884.275 
884.375 
884.685 
884.38 
884.7 
884.445 
884.735 
884.355 
884.765 
884.095 
884.4 
884.005 
884.43 
884.065 
884.41 
884.055 
884.395 
884.55 
884.885 
884.52 
884.88 
884.545 
884.925 
884.56 
884.88 
884.19 
884.47 
884.145 
884.475 
884.09 
884.47 
884.12 
884.35 
884.455 
884.88 
884.385 
884.73 
884.395 
884.725 
884.375 
884.67 
883.985 
884.3 
883.91 
884.17 
883.81 
884.11 
883.72 
884.015 
884.12 
884.3 
883.945 
884.265 
883.925 
884.185 
883.755 
884.08 
883.28 
883.555 
883.16 
883.405 
883.08 
883.34 
882.905 
883.16 
883.22 
883.5 
883.1 
883.42 
883.05 
883.335 
882.89 
883.205 
882.385 
882.64 
882.285 
882.545 
882.255 
882.46 
882.075 
882.44 
882.505 
882.86 
882.36 
882.73 
882.42 
882.695 
882.275 
882.71 
881.97 
882.255 
881.85 
882.265 
881.85 
882.285 
881.945 
882.3 
882.38 
882.76 
882.425 
882.79 
882.59 
882.88 
882.515 
882.915 
882.265 
882.655 
882.28 
882.605 
882.295 
882.685 
882.325 
882.74 
882.835 
883.12 
882.87 
883.21 
882.905 
883.245 
882.965 
883.345 
882.57 
882.865 
882.545 
882.78 
882.515 
882.83 
882.485 
882.775 
882.885 
883.195 
882.795 
883.14 
882.76 
883.105 
882.705 
883.02 
882.275 
882.54 
882.155 
882.485 
882.11 
882.33 
881.9 
882.275 
882.26 
882.525 
882.125 
882.4 
882.005 
882.33 
881.91 
882.14 
881.35 
881.69 
881.19 
881.44 
880.995 
881.31 
880.81 
881.095 
881.16 
881.41 
880.92 
881.2 
880.82 
881.135 
880.665 
880.96 
880.23 
880.4 
880.055 
880.315 
879.97 
880.13 
879.745 
880.075 
880.08 
880.405 
879.99 
880.23 
879.915 
880.205 
879.805 
880.2 
879.39 
879.7 
879.33 
879.665 
879.325 
879.685 
879.28 
879.65 
879.735 
880.06 
879.705 
880.075 
879.795 
880.165 
879.835 
880.155 
879.49 
879.795 
879.465 
879.805 
879.55 
879.885 
879.49 
879.875 
879.995 
880.385 
879.93 
880.305 
880.025 
880.415 
880.025 
880.38 
879.625 
880.055 
879.56 
879.95 
879.615 
879.925 
879.52 
879.845 
879.95 
880.31 
879.835 
880.21 
879.855 
880.14 
879.76 
880.08 
879.295 
879.605 
879.22 
879.52 
879.17 
879.475 
879.045 
879.31 
879.38 
879.605 
879.275 
879.59 
879.155 
879.39 
878.975 
879.285 
878.44 
878.72 
878.315 
878.565 
878.155 
878.415 
877.98 
878.285 
878.275 
878.51 
878.1 
878.415 
877.995 
878.26 
877.875 
878.125 
877.28 
877.535 
877.1 
877.41 
876.915 
877.235 
876.82 
877.125 
877.145 
877.47 
877.015 
877.31 
876.955 
877.25 
876.795 
877.14 
876.405 
876.67 
876.275 
876.59 
876.195 
876.57 
876.18 
876.475 
876.515 
876.79 
876.465 
876.79 
876.42 
876.79 
876.32 
876.625 
875.92 
876.255 
875.82 
876.065 
875.685 
875.99 
875.51 
875.815 
875.85 
876.125 
875.655 
875.85 
875.445 
875.73 
875.185 
875.44 
874.58 
874.755 
874.245 
874.43 
874.0 
874.085 
873.535 
873.595 
873.545 
873.705 
873.065 
873.155 
872.65 
872.61 
872.045 
872.13 
871.08 
871.065 
870.415 
870.45 
869.695 
869.775 
868.955 
868.93 
868.665 
868.58 
867.765 
867.74 
866.965 
866.77 
865.94 
865.855 
864.545 
864.37 
863.53 
863.3 
862.42 
862.095 
861.15 
860.985 
860.395 
860.16 
859.12 
858.82 
857.74 
857.5 
856.43 
856.05 
854.59 
854.16 
853.045 
852.63 
851.615 
851.085 
849.93 
849.45 
848.73 
848.265 
847.03 
846.56 
845.365 
844.805 
843.495 
843.06 
841.4 
840.785 
839.525 
838.905 
837.615 
837.075 
835.66 
835.08 
834.205 
833.52 
832.15 
831.445 
830.155 
829.395 
828.05 
827.34 
825.495 
824.735 
823.305 
822.55 
821.105 
820.28 
818.805 
817.99 
817.005 
816.085 
814.6 
813.7 
812.21 
811.365 
809.715 
808.9 
806.905 
805.95 
804.33 
803.405 
801.775 
800.815 
799.1 
798.115 
796.925 
795.94 
794.275 
793.27 
791.495 
790.515 
788.775 
787.725 
785.69 
784.625 
782.82 
781.77 
779.985 
778.9 
777.11 
776.045 
774.62 
773.525 
771.66 
770.65 
768.81 
767.67 
765.8 
764.66 
762.445 
761.375 
759.45 
758.285 
756.505 
755.25 
753.33 
752.23 
750.825 
749.64 
747.795 
746.625 
744.72 
743.56 
741.725 
740.575 
738.33 
737.1 
735.255 
734.105 
732.31 
731.09 
729.21 
728.045 
726.645 
725.54 
723.635 
722.5 
720.675 
719.57 
717.725 
716.605 
714.38 
713.28 
711.44 
710.3 
708.525 
707.425 
705.62 
704.515 
703.185 
702.09 
700.305 
699.24 
697.53 
696.395 
694.635 
693.545 
691.415 
690.375 
688.55 
687.515 
685.745 
684.705 
682.81 
681.845 
680.565 
679.51 
677.75 
676.665 
674.955 
673.935 
672.17 
671.1 
668.97 
667.89 
666.1 
665.025 
663.3 
662.3 
660.56 
659.47 
658.2 
657.195 
655.495 
654.35 
652.67 
651.59 
649.895 
648.79 
646.685 
645.59 
643.925 
642.865 
641.14 
640.09 
638.4 
637.27 
636.01 
634.945 
633.21 
632.24 
630.505 
629.4 
627.725 
626.735 
624.58 
623.54 
621.86 
620.81 
619.155 
618.105 
616.405 
615.375 
614.24 
613.115 
611.455 
610.46 
608.795 
607.85 
606.17 
605.215 
603.21 
602.2 
600.525 
599.625 
598.095 
597.07 
595.385 
594.505 
593.365 
592.45 
590.89 
589.945 
588.37 
587.435 
585.88 
585.04 
583.125 
582.26 
580.655 
579.795 
578.305 
577.515 
575.98 
575.15 
574.11 
573.255 
571.765 
571.05 
569.6 
568.785 
567.29 
566.535 
564.695 
563.94 
562.49 
561.72 
560.325 
559.465 
558.035 
557.325 
556.315 
555.515 
554.075 
553.375 
552.0 
551.185 
549.78 
549.09 
547.205 
546.415 
544.975 
544.215 
542.85 
542.1 
540.665 
539.855 
538.875 
538.12 
536.745 
535.965 
534.575 
533.815 
532.38 
531.61 
529.88 
529.11 
527.605 
526.85 
525.425 
524.725 
523.2 
522.435 
521.485 
520.74 
519.275 
518.565 
517.16 
516.455 
514.955 
514.28 
512.435 
511.73 
510.255 
509.58 
508.14 
507.355 
505.945 
505.285 
504.285 
503.575 
502.125 
501.445 
500.065 
499.365 
497.925 
497.285 
495.49 
494.82 
493.415 
492.775 
491.505 
490.78 
489.39 
488.73 
487.835 
487.185 
485.84 
485.19 
483.895 
483.295 
481.935 
481.365 
479.65 
479.065 
477.675 
477.06 
475.885 
475.31 
474.12 
473.435 
472.69 
472.095 
470.785 
470.265 
469.085 
468.465 
467.29 
466.705 
465.115 
464.64 
463.33 
462.88 
461.55 
461.17 
459.825 
459.36 
458.62 
458.055 
456.815 
456.3 
455.1 
454.64 
453.43 
452.93 
451.325 
450.765 
449.525 
449.1 
447.915 
447.35 
446.145 
445.58 
444.915 
444.465 
443.245 
442.74 
441.59 
440.98 
439.86 
439.41 
437.875 
437.36 
436.125 
435.65 
434.52 
434.025 
432.845 
432.335 
431.62 
431.17 
429.975 
429.53 
428.415 
427.895 
426.72 
426.29 
424.71 
424.335 
423.11 
422.725 
421.595 
421.135 
419.995 
419.52 
418.915 
418.45 
417.345 
416.895 
415.845 
415.41 
414.385 
413.895 
412.435 
412.045 
410.95 
410.61 
409.57 
409.03 
408.055 
407.685 
407.125 
406.78 
405.765 
405.365 
404.4 
404.065 
403.035 
402.755 
401.31 
400.97 
400.015 
399.665 
398.75 
398.47 
397.495 
397.15 
396.615 
396.32 
395.35 
395.14 
394.205 
394.01 
392.955 
392.7 
391.34 
391.06 
390.13 
389.835 
388.915 
388.645 
387.645 
387.435 
386.905 
386.595 
385.605 
385.345 
384.445 
384.16 
383.18 
383.05 
381.54 
381.25 
380.25 
380.02 
379.065 
378.75 
377.745 
377.455 
376.935 
376.665 
375.68 
375.39 
374.385 
374.125 
373.105 
372.84 
371.46 
371.12 
370.125 
369.79 
368.84 
368.525 
367.615 
367.285 
366.725 
366.375 
365.34 
365.085 
364.14 
363.825 
362.885 
362.485 
361.115 
360.795 
359.835 
359.51 
358.57 
358.195 
357.26 
356.925 
356.51 
356.09 
355.175 
354.84 
353.9 
353.64 
352.675 
352.41 
350.985 
350.68 
349.725 
349.465 
348.6 
348.26 
347.27 
347.07 
346.52 
346.355 
345.4 
345.11 
344.23 
343.985 
343.055 
342.825 
341.5 
341.285 
340.38 
340.105 
339.18 
339.02 
338.12 
337.89 
337.47 
337.265 
336.33 
336.205 
335.27 
335.07 
334.16 
333.97 
332.64 
332.435 
331.565 
331.295 
330.425 
330.175 
329.335 
329.14 
328.69 
328.46 
327.56 
327.32 
326.465 
326.185 
325.335 
325.095 
323.75 
323.42 
322.555 
322.345 
321.465 
321.2 
320.305 
320.045 
319.57 
319.305 
318.425 
318.195 
317.28 
316.935 
316.065 
315.835 
314.48 
314.23 
313.33 
313.08 
312.17 
311.95 
311.015 
310.84 
310.29 
310.075 
309.155 
308.945 
308.115 
307.795 
306.885 
306.695 
305.375 
305.165 
304.245 
304.045 
303.145 
302.96 
302.005 
301.905 
301.465 
301.255 
300.36 
300.185 
299.325 
299.175 
298.32 
298.095 
297.005 
296.835 
295.975 
295.815 
294.99 
294.86 
294.0 
293.885 
293.47 
293.38 
292.525 
292.425 
291.64 
291.47 
290.7 
290.66 
289.495 
289.335 
288.545 
288.45 
287.705 
287.635 
286.855 
286.82 
286.475 
286.305 
285.52 
285.485 
284.745 
284.685 
283.92 
283.875 
282.74 
282.675 
281.89 
281.86 
281.085 
281.06 
280.23 
280.22 
279.805 
279.85 
278.995 
278.955 
278.185 
278.12 
277.345 
277.285 
276.15 
276.055 
275.245 
275.16 
274.475 
274.41 
273.605 
273.455 
273.175 
273.155 
272.345 
272.285 
271.54 
271.465 
270.68 
270.7 
269.555 
269.365 
268.64 
268.595 
267.855 
267.78 
267.05 
266.995 
266.68 
266.675 
265.815 
265.86 
265.165 
265.115 
264.315 
264.335 
263.225 
263.19 
262.455 
262.42 
261.78 
261.745 
260.97 
261.01 
260.715 
260.78 
260.01 
260.025 
259.38 
259.39 
258.705 
258.75 
257.675 
257.7 
257.04 
257.035 
256.365 
256.425 
255.75 
255.76 
255.575 
255.65 
254.97 
255.045 
254.475 
254.5 
253.795 
253.935 
252.935 
252.98 
252.32 
252.33 
251.76 
251.835 
251.27 
251.315 
251.2 
251.22 
250.54 
250.655 
250.125 
250.17 
249.51 
249.645 
248.625 
248.69 
248.1 
248.14 
247.535 
247.595 
246.965 
247.035 
246.905 
246.92 
246.285 
246.33 
245.7 
245.735 
245.19 
245.195 
244.15 
244.145 
243.565 
243.63 
242.975 
243.105 
242.395 
242.45 
242.235 
242.325 
241.625 
241.76 
241.09 
241.175 
240.45 
240.57 
239.56 
239.615 
238.98 
238.99 
238.37 
238.49 
237.845 
237.945 
237.69 
237.76 
237.13 
237.275 
236.61 
236.735 
236.065 
236.14 
235.17 
235.245 
234.655 
234.665 
234.13 
234.16 
233.565 
233.665 
233.545 
233.625 
233.065 
233.055 
232.51 
232.715 
232.05 
232.22 
231.235 
231.315 
230.715 
230.88 
230.335 
230.45 
229.915 
230.025 
229.9 
230.045 
229.55 
229.655 
229.13 
229.255 
228.695 
228.8 
227.96 
228.03 
227.47 
227.56 
227.08 
227.295 
226.735 
226.875 
226.75 
226.88 
226.305 
226.49 
226.035 
226.115 
225.55 
225.68 
224.755 
224.87 
224.34 
224.455 
223.925 
224.025 
223.445 
223.595 
223.395 
223.54 
222.935 
223.075 
222.565 
222.63 
222.065 
222.14 
221.125 
221.15 
220.56 
220.695 
220.19 
220.23 
219.575 
219.67 
219.54 
219.65 
218.92 
219.09 
218.53 
218.515 
217.965 
218.07 
217.065 
217.05 
216.56 
216.545 
216.035 
216.015 
215.405 
215.49 
215.345 
215.365 
214.84 
214.915 
214.33 
214.4 
213.845 
213.9 
212.845 
212.85 
212.355 
212.42 
211.875 
211.92 
211.31 
211.365 
211.295 
211.365 
210.8 
210.895 
210.28 
210.445 
209.805 
209.915 
208.895 
209.07 
208.51 
208.615 
208.09 
208.18 
207.62 
207.715 
207.665 
207.775 
207.215 
207.4 
206.83 
206.955 
206.41 
206.61 
205.615 
205.78 
205.285 
205.44 
204.935 
205.04 
204.54 
204.685 
204.63 
204.775 
204.205 
204.46 
203.925 
204.055 
203.52 
203.67 
202.805 
202.895 
202.405 
202.525 
202.015 
202.165 
201.725 
201.785 
201.75 
201.765 
201.335 
201.405 
200.935 
201.08 
200.48 
200.705 
199.735 
199.805 
199.23 
199.465 
198.86 
198.985 
198.465 
198.52 
198.45 
198.54 
198.055 
198.185 
197.615 
197.77 
197.1 
197.295 
196.29 
196.395 
195.89 
195.915 
195.435 
195.52 
195.055 
195.175 
195.02 
195.225 
194.61 
194.77 
194.255 
194.38 
193.79 
194.02 
193.045 
193.145 
192.675 
192.76 
192.275 
192.4 
191.89 
192.05 
191.98 
192.15 
191.61 
191.77 
191.28 
191.405 
190.94 
191.165 
190.355 
190.44 
190.04 
190.26 
189.81 
189.95 
189.565 
189.655 
189.64 
189.85 
189.47 
189.7 
189.27 
189.5 
188.9 
189.23 
188.42 
188.6 
188.17 
188.42 
187.995 
188.265 
187.76 
188.055 
188.055 
188.3 
187.785 
188.16 
187.69 
187.99 
187.435 
187.755 
186.89 
187.17 
186.775 
187.0 
186.645 
186.805 
186.4 
186.635 
186.73 
186.89 
186.45 
186.74 
186.235 
186.53 
186.02 
186.33 
185.51 
185.63 
185.21 
185.445 
185.04 
185.24 
184.725 
184.925 
185.0 
185.23 
184.74 
184.96 
184.51 
184.75 
184.225 
184.465 
183.73 
183.87 
183.495 
183.645 
183.265 
183.435 
182.96 
183.25 
183.165 
183.395 
182.995 
183.26 
182.77 
183.06 
182.485 
182.7 
181.935 
182.145 
181.665 
181.935 
181.485 
181.74 
181.185 
181.485 
181.49 
181.775 
181.225 
181.445 
181.055 
181.405 
180.835 
181.16 
180.38 
180.615 
180.17 
180.51 
180.15 
180.3 
179.815 
180.14 
180.235 
180.495 
180.02 
180.345 
179.92 
180.21 
179.8 
180.085 
179.315 
179.595 
179.105 
179.365 
178.97 
179.32 
178.86 
179.135 
179.18 
179.49 
178.975 
179.38 
178.94 
179.195 
178.705 
178.95 
178.315 
178.575 
178.17 
178.44 
178.0 
178.185 
177.75 
178.06 
178.015 
178.21 
177.78 
178.005 
177.585 
177.8 
177.265 
177.53 
176.73 
176.835 
176.325 
176.625 
176.125 
176.355 
175.855 
175.98 
175.915 
176.215 
175.605 
175.825 
175.31 
175.525 
174.93 
175.18 
174.41 
174.535 
174.06 
174.21 
173.715 
173.955 
173.43 
173.595 
173.465 
173.74 
173.13 
173.41 
172.965 
173.16 
172.585 
172.835 
171.96 
172.15 
171.67 
171.83 
171.41 
171.525 
171.08 
171.29 
171.3 
171.53 
170.91 
171.22 
170.715 
171.015 
170.495 
170.755 
170.025 
170.19 
169.79 
170.075 
169.615 
169.895 
169.41 
169.65 
169.7 
170.0 
169.55 
169.79 
169.34 
169.68 
169.2 
169.56 
168.715 
169.04 
168.59 
168.91 
168.475 
168.79 
168.3 
168.675 
168.68 
168.975 
168.505 
168.88 
168.45 
168.79 
168.35 
168.65 
167.96 
168.205 
167.765 
168.055 
167.665 
167.915 
167.495 
167.79 
167.81 
168.135 
167.64 
167.9 
167.49 
167.8 
167.34 
167.66 
166.8 
167.105 
166.57 
166.87 
166.4 
166.69 
166.19 
166.465 
166.49 
166.81 
166.235 
166.48 
166.085 
166.305 
165.865 
166.16 
165.37 
165.7 
165.17 
165.415 
164.91 
165.245 
164.74 
164.965 
165.005 
165.26 
164.755 
165.07 
164.645 
164.91 
164.4 
164.705 
163.89 
164.165 
163.705 
163.915 
163.5 
163.73 
163.35 
163.62 
163.65 
163.95 
163.485 
163.775 
163.385 
163.615 
163.22 
163.525 
162.71 
163.055 
162.62 
162.91 
162.515 
162.91 
162.35 
162.685 
162.79 
163.105 
162.675 
162.995 
162.605 
162.925 
162.475 
162.855 
162.085 
162.37 
161.98 
162.265 
161.92 
162.19 
161.795 
162.17 
162.135 
162.475 
162.12 
162.47 
162.1 
162.325 
161.965 
162.245 
161.465 
161.84 
161.415 
161.64 
161.205 
161.565 
161.07 
161.335 
161.375 
161.635 
161.24 
161.455 
161.045 
161.36 
160.905 
161.185 
160.335 
160.57 
160.125 
160.36 
159.935 
160.185 
159.665 
159.99 
160.035 
160.25 
159.785 
160.05 
159.63 
159.74 
159.445 
159.625 
158.795 
159.055 
158.53 
158.715 
158.335 
158.605 
158.155 
158.355 
158.38 
158.58 
158.08 
158.355 
158.03 
158.325 
157.81 
158.065 
157.175 
157.45 
156.995 
157.265 
156.8 
157.07 
156.63 
156.94 
156.945 
157.255 
156.775 
157.095 
156.755 
157.02 
156.59 
156.845 
156.14 
156.435 
156.005 
156.36 
155.955 
156.235 
155.845 
156.1 
156.21 
156.55 
156.15 
156.4 
156.095 
156.425 
156.01 
156.365 
155.655 
155.99 
155.575 
155.9 
155.555 
155.9 
155.49 
155.8 
155.975 
156.285 
155.905 
156.29 
155.935 
156.24 
155.915 
156.205 
155.505 
155.81 
155.43 
155.76 
155.38 
155.655 
155.29 
155.595 
155.715 
156.04 
155.62 
155.945 
155.565 
155.88 
155.465 
155.81 
155.025 
155.28 
154.895 
155.205 
154.81 
155.07 
154.69 
154.98 
155.055 
155.3 
154.93 
155.24 
154.855 
155.06 
154.775 
155.045 
154.22 
154.52 
154.055 
154.36 
154.01 
154.26 
153.885 
154.16 
154.195 
154.555 
154.15 
154.465 
154.075 
154.39 
153.985 
154.325 
153.44 
153.78 
153.425 
153.75 
153.34 
153.665 
153.315 
153.64 
153.695 
154.06 
153.68 
153.99 
153.695 
154.03 
153.765 
153.955 
153.205 
153.565 
153.23 
153.575 
153.26 
153.595 
153.23 
153.59 
153.685 
154.025 
153.775 
154.055 
153.81 
154.17 
153.835 
154.205 
153.465 
153.84 
153.5 
153.875 
153.515 
153.84 
153.53 
153.975 
154.01 
154.415 
154.045 
154.505 
154.115 
154.49 
154.08 
154.43 
153.82 
154.125 
153.765 
154.06 
153.68 
153.98 
153.59 
153.96 
154.035 
154.395 
153.9 
154.225 
153.82 
154.215 
153.625 
154.025 
153.205 
153.495 
153.075 
153.365 
152.94 
153.2 
152.8 
153.025 
153.07 
153.375 
152.835 
153.12 
152.74 
152.905 
152.47 
152.785 
152.075 
152.29 
151.77 
152.035 
151.665 
151.88 
151.4 
151.625 
151.65 
151.905 
151.455 
151.75 
151.375 
151.625 
151.105 
151.43 
150.515 
150.87 
150.42 
150.63 
150.255 
150.475 
150.05 
150.355 
150.35 
150.67 
150.26 
150.545 
150.155 
150.465 
150.05 
150.275 
149.635 
149.905 
149.465 
149.825 
149.395 
149.71 
149.295 
149.645 
149.74 
150.095 
149.675 
149.97 
149.62 
150.005 
149.54 
149.945 
149.195 
149.545 
149.1 
149.49 
149.09 
149.49 
149.055 
149.365 
149.495 
149.805 
149.46 
149.765 
149.475 
149.79 
149.44 
149.765 
148.98 
149.38 
148.9 
149.265 
148.895 
149.13 
148.785 
149.125 
149.195 
149.515 
149.04 
149.35 
148.98 
149.3 
148.885 
149.26 
148.41 
148.635 
148.24 
148.515 
148.14 
148.375 
147.925 
148.175 
148.255 
148.57 
148.155 
148.425 
148.045 
148.23 
147.885 
148.175 
147.405 
147.72 
147.255 
147.53 
147.125 
147.43 
146.975 
147.265 
147.255 
147.595 
147.085 
147.415 
147.05 
147.365 
146.91 
147.21 
146.43 
146.855 
146.335 
146.68 
146.33 
146.575 
146.115 
146.51 
146.545 
146.92 
146.51 
146.825 
146.58 
146.88 
146.495 
146.88 
146.115 
146.43 
146.04 
146.44 
146.175 
146.435 
146.125 
146.485 
146.61 
146.955 
146.605 
146.97 
146.68 
147.005 
146.67 
147.075 
146.385 
146.795 
146.405 
146.765 
146.515 
146.88 
146.475 
146.825 
146.995 
147.37 
146.99 
147.42 
147.055 
147.435 
147.085 
147.415 
146.7 
147.115 
146.69 
147.06 
146.705 
146.945 
146.575 
146.945 
147.02 
147.42 
146.995 
147.325 
146.945 
147.29 
146.83 
147.17 
146.395 
146.715 
146.28 
146.54 
146.205 
146.45 
146.055 
146.33 
146.415 
146.755 
146.32 
146.57 
146.295 
146.49 
146.16 
146.39 
145.61 
145.9 
145.5 
145.745 
145.435 
145.735 
145.365 
145.605 
145.62 
145.95 
145.565 
145.83 
145.57 
145.8 
145.405 
145.735 
144.96 
145.33 
144.92 
145.28 
144.98 
145.165 
144.8 
145.16 
145.345 
145.61 
145.25 
145.575 
145.37 
145.625 
145.365 
145.72 
145.105 
145.475 
145.08 
145.455 
145.175 
145.535 
145.125 
145.57 
145.67 
146.175 
145.78 
146.18 
145.9 
146.265 
145.945 
146.365 
145.725 
146.18 
145.74 
146.15 
145.835 
146.27 
145.88 
146.335 
146.44 
146.865 
146.57 
146.905 
146.645 
147.03 
146.695 
147.055 
146.345 
146.76 
146.355 
146.74 
146.405 
146.77 
146.345 
146.725 
146.845 
147.15 
146.73 
147.095 
146.77 
147.07 
146.755 
147.065 
146.2 
146.51 
146.155 
146.455 
146.075 
146.375 
145.955 
146.23 
146.335 
146.575 
146.21 
146.51 
146.155 
146.395 
146.025 
146.28 
145.54 
145.835 
145.355 
145.675 
145.185 
145.57 
145.125 
145.39 
145.41 
145.745 
145.28 
145.65 
145.29 
145.5 
145.13 
145.39 
144.62 
144.925 
144.585 
144.825 
144.455 
144.74 
144.365 
144.695 
144.77 
145.135 
144.74 
145.035 
144.71 
145.075 
144.715 
145.0 
144.24 
144.625 
144.255 
144.585 
144.3 
144.59 
144.25 
144.63 
144.745 
145.085 
144.76 
145.13 
144.855 
145.185 
144.85 
145.225 
144.505 
144.865 
144.495 
144.86 
144.58 
144.96 
144.565 
144.99 
145.115 
145.425 
145.095 
145.515 
145.19 
145.475 
145.235 
145.505 
144.85 
145.225 
144.76 
145.125 
144.8 
145.045 
144.675 
145.07 
145.145 
145.485 
145.015 
145.38 
145.02 
145.365 
144.93 
145.28 
144.44 
144.795 
144.345 
144.67 
144.3 
144.62 
144.19 
144.525 
144.555 
144.87 
144.435 
144.71 
144.395 
144.59 
144.265 
144.55 
143.775 
144.085 
143.625 
143.91 
143.55 
143.88 
143.385 
143.705 
143.76 
144.005 
143.65 
143.95 
143.6 
143.835 
143.475 
143.795 
142.935 
143.25 
142.875 
143.205 
142.855 
143.095 
142.75 
143.05 
143.12 
143.475 
143.12 
143.36 
143.055 
143.37 
143.02 
143.365 
142.495 
142.88 
142.485 
142.845 
142.54 
142.89 
142.455 
142.78 
142.925 
143.275 
142.895 
143.295 
143.0 
143.33 
142.965 
143.32 
142.58 
142.84 
142.535 
142.87 
142.515 
142.95 
142.62 
142.865 
143.03 
143.265 
143.005 
143.365 
143.065 
143.32 
143.055 
143.325 
142.56 
142.895 
142.47 
142.795 
142.485 
142.74 
142.36 
142.69 
142.745 
143.055 
142.63 
142.95 
142.545 
142.89 
142.53 
142.83 
141.97 
142.245 
141.87 
142.135 
141.76 
142.03 
141.665 
141.945 
141.975 
142.33 
141.895 
142.19 
141.83 
142.045 
141.715 
142.01 
141.295 
141.59 
141.15 
141.39 
141.12 
141.42 
140.95 
141.32 
141.385 
141.685 
141.185 
141.61 
141.185 
141.595 
141.09 
141.425 
140.725 
141.065 
140.635 
141.005 
140.655 
140.965 
140.565 
140.9 
141.065 
141.415 
141.05 
141.41 
141.04 
141.5 
141.18 
141.49 
140.84 
141.225 
140.79 
141.225 
140.925 
141.41 
141.035 
141.405 
141.525 
142.03 
141.64 
142.135 
141.79 
142.195 
141.85 
142.31 
141.645 
142.03 
141.735 
142.115 
141.875 
142.255 
141.905 
142.42 
142.58 
142.915 
142.635 
143.035 
142.77 
143.17 
142.865 
143.3 
142.645 
143.11 
142.705 
143.115 
142.765 
143.19 
142.795 
143.21 
143.37 
143.765 
143.315 
143.68 
143.4 
143.81 
143.41 
143.845 
143.075 
143.445 
142.97 
143.38 
143.06 
143.385 
142.98 
143.265 
143.39 
143.82 
143.41 
143.745 
143.385 
143.76 
143.335 
143.745 
143.05 
143.395 
142.975 
143.265 
142.91 
143.255 
142.895 
143.3 
143.34 
143.675 
143.29 
143.655 
143.315 
143.675 
143.33 
143.63 
142.87 
143.245 
142.805 
143.26 
142.875 
143.175 
142.815 
143.23 
143.365 
143.675 
143.32 
143.715 
143.435 
143.755 
143.415 
143.755 
143.2 
143.495 
143.175 
143.55 
143.26 
143.64 
143.175 
143.6 
143.7 
144.165 
143.71 
144.165 
143.87 
144.19 
143.79 
144.27 
143.565 
143.94 
143.53 
143.92 
143.6 
143.965 
143.635 
144.005 
144.1 
144.45 
144.06 
144.395 
144.095 
144.47 
144.08 
144.415 
143.725 
144.075 
143.61 
143.965 
143.605 
143.85 
143.515 
143.775 
143.83 
144.2 
143.77 
144.045 
143.655 
143.97 
143.505 
143.86 
143.025 
143.3 
142.84 
143.16 
142.73 
142.975 
142.575 
142.87 
142.885 
143.15 
142.695 
143.035 
142.6 
142.87 
142.465 
142.72 
141.915 
142.2 
141.71 
142.01 
141.565 
141.87 
141.395 
141.705 
141.74 
142.015 
141.535 
141.89 
141.54 
141.825 
141.365 
141.66 
140.83 
141.185 
140.74 
141.085 
140.73 
140.995 
140.66 
140.955 
141.025 
141.365 
140.985 
141.34 
141.035 
141.295 
141.01 
141.29 
140.56 
140.94 
140.58 
140.96 
140.62 
140.995 
140.645 
141.005 
141.105 
141.51 
141.255 
141.62 
141.31 
141.73 
141.405 
141.755 
141.035 
141.425 
141.065 
141.37 
141.145 
141.555 
141.28 
141.655 
141.75 
142.115 
141.765 
142.195 
141.895 
142.21 
141.9 
142.275 
141.65 
142.04 
141.655 
141.995 
141.62 
141.96 
141.55 
141.9 
142.1 
142.445 
141.9 
142.315 
141.905 
142.235 
141.9 
142.26 
141.505 
141.785 
141.375 
141.695 
141.295 
141.6 
141.19 
141.48 
141.595 
141.93 
141.49 
141.795 
141.455 
141.66 
141.35 
141.64 
140.92 
141.225 
140.765 
141.115 
140.705 
141.03 
140.615 
140.89 
140.995 
141.32 
140.905 
141.28 
140.935 
141.25 
140.875 
141.2 
140.435 
140.81 
140.385 
140.715 
140.42 
140.72 
140.415 
140.705 
140.83 
141.265 
140.85 
141.195 
140.94 
141.305 
141.0 
141.385 
140.6 
141.06 
140.635 
141.05 
140.815 
141.16 
140.84 
141.23 
141.4 
141.81 
141.5 
141.915 
141.605 
142.045 
141.74 
142.22 
141.455 
141.9 
141.62 
141.98 
141.7 
142.1 
141.76 
142.255 
142.365 
142.71 
142.425 
142.9 
142.635 
142.99 
142.67 
143.035 
142.335 
142.735 
142.395 
142.745 
142.45 
142.805 
142.43 
142.83 
142.965 
143.27 
142.975 
143.355 
142.945 
143.26 
142.93 
143.3 
142.475 
142.82 
142.365 
142.765 
142.43 
142.755 
142.32 
142.635 
142.755 
143.065 
142.675 
143.05 
142.68 
142.89 
142.575 
142.905 
142.115 
142.51 
141.985 
142.31 
141.995 
142.31 
141.9 
142.195 
142.26 
142.605 
142.125 
142.49 
142.18 
142.47 
142.03 
142.425 
141.665 
141.925 
141.6 
141.91 
141.565 
141.895 
141.56 
141.925 
142.0 
142.325 
142.055 
142.355 
142.075 
142.465 
142.135 
142.465 
141.73 
142.07 
141.79 
142.135 
141.875 
142.285 
141.925 
142.325 
142.415 
142.87 
142.595 
142.975 
142.75 
143.11 
142.8 
143.225 
142.53 
142.88 
142.62 
142.985 
142.77 
143.14 
142.81 
143.24 
143.37 
143.785 
143.49 
143.935 
143.655 
143.965 
143.7 
144.06 
143.34 
143.695 
143.39 
143.75 
143.39 
143.77 
143.44 
143.795 
143.97 
144.26 
143.915 
144.295 
143.975 
144.36 
143.965 
144.265 
143.58 
143.84 
143.5 
143.855 
143.47 
143.785 
143.425 
143.73 
143.81 
144.125 
143.77 
144.095 
143.745 
143.99 
143.69 
144.045 
143.21 
143.49 
143.14 
143.375 
142.995 
143.26 
142.945 
143.245 
143.275 
143.54 
143.205 
143.565 
143.235 
143.505 
143.085 
143.415 
142.565 
142.865 
142.55 
142.825 
142.445 
142.77 
142.395 
142.695 
142.825 
143.13 
142.725 
143.06 
142.72 
143.095 
142.72 
143.095 
142.415 
142.725 
142.33 
142.73 
142.36 
142.725 
142.305 
142.645 
142.77 
143.195 
142.71 
143.165 
142.765 
143.175 
142.735 
143.15 
142.555 
