Run 12 on 20200810 on sample T20-5d, LT thermometer,  dT/T0 = 0.02
Time per point = 3.125e-05 seconds
2423.755 
2423.36 
2423.785 
2423.46 
2423.75 
2423.41 
2423.88 
2423.18 
2423.565 
2423.24 
2423.55 
2423.29 
2423.665 
2423.42 
2423.76 
2423.88 
2424.22 
2423.92 
2424.375 
2424.115 
2424.47 
2424.14 
2424.495 
2423.85 
2424.2 
2423.865 
2424.24 
2423.95 
2424.335 
2424.055 
2424.455 
2424.59 
2424.985 
2424.61 
2425.01 
2424.765 
2425.16 
2424.795 
2425.185 
2424.575 
2424.915 
2424.64 
2425.06 
2424.76 
2425.185 
2424.885 
2425.23 
2425.39 
2425.775 
2425.5 
2425.845 
2425.605 
2426.0 
2425.68 
2426.095 
2425.455 
2425.83 
2425.535 
2425.89 
2425.665 
2426.09 
2425.85 
2426.245 
2426.4 
2426.73 
2426.525 
2426.855 
2426.67 
2427.045 
2426.76 
2427.13 
2426.58 
2426.91 
2426.64 
2426.995 
2426.82 
2427.11 
2426.8 
2427.21 
2427.365 
2427.73 
2427.49 
2427.865 
2427.575 
2427.91 
2427.635 
2428.015 
2427.31 
2427.68 
2427.325 
2427.675 
2427.405 
2427.775 
2427.475 
2427.785 
2427.855 
2428.24 
2427.865 
2428.185 
2427.885 
2428.265 
2427.815 
2428.205 
2427.43 
2427.745 
2427.405 
2427.665 
2427.22 
2427.585 
2427.25 
2427.485 
2427.545 
2427.785 
2427.395 
2427.715 
2427.315 
2427.61 
2427.12 
2427.36 
2426.53 
2426.825 
2426.445 
2426.605 
2426.225 
2426.38 
2425.99 
2426.24 
2426.2 
2426.385 
2425.93 
2426.17 
2425.8 
2425.985 
2425.505 
2425.745 
2424.9 
2425.08 
2424.59 
2424.83 
2424.41 
2424.565 
2424.145 
2424.36 
2424.32 
2424.465 
2424.03 
2424.295 
2423.745 
2424.045 
2423.51 
2423.76 
2422.89 
2423.115 
2422.655 
2422.9 
2422.42 
2422.625 
2422.18 
2422.4 
2422.37 
2422.625 
2422.145 
2422.41 
2422.055 
2422.275 
2421.725 
2421.905 
2421.205 
2421.405 
2420.96 
2421.21 
2420.73 
2420.925 
2420.525 
2420.77 
2420.725 
2421.035 
2420.535 
2420.81 
2420.375 
2420.63 
2420.225 
2420.44 
2419.685 
2419.945 
2419.475 
2419.76 
2419.38 
2419.63 
2419.185 
2419.445 
2419.52 
2419.77 
2419.345 
2419.595 
2419.295 
2419.51 
2419.185 
2419.455 
2418.78 
2419.005 
2418.565 
2418.92 
2418.5 
2418.855 
2418.455 
2418.775 
2418.845 
2419.13 
2418.69 
2419.05 
2418.76 
2418.98 
2418.66 
2418.975 
2418.215 
2418.525 
2418.225 
2418.485 
2418.19 
2418.505 
2418.095 
2418.46 
2418.505 
2418.835 
2418.455 
2418.82 
2418.455 
2418.82 
2418.455 
2418.845 
2418.135 
2418.4 
2418.12 
2418.45 
2418.115 
2418.44 
2418.1 
2418.46 
2418.545 
2418.875 
2418.56 
2418.965 
2418.6 
2419.0 
2418.65 
2419.08 
2418.37 
2418.745 
2418.405 
2418.72 
2418.52 
2418.825 
2418.515 
2418.86 
2419.03 
2419.4 
2419.085 
2419.51 
2419.2 
2419.565 
2419.215 
2419.63 
2418.99 
2419.35 
2418.995 
2419.415 
2419.135 
2419.435 
2419.165 
2419.52 
2419.655 
2420.0 
2419.67 
2420.03 
2419.77 
2420.145 
2419.75 
2420.19 
2419.445 
2419.755 
2419.375 
2419.825 
2419.425 
2419.745 
2419.395 
2419.73 
2419.815 
2420.205 
2419.8 
2420.19 
2419.825 
2420.165 
2419.745 
2420.07 
2419.415 
2419.68 
2419.265 
2419.625 
2419.265 
2419.495 
2419.17 
2419.375 
2419.43 
2419.695 
2419.335 
2419.6 
2419.205 
2419.49 
2419.025 
2419.3 
2418.435 
2418.695 
2418.25 
2418.61 
2418.08 
2418.3 
2417.8 
2418.055 
2418.075 
2418.265 
2417.815 
2418.045 
2417.54 
2417.855 
2417.385 
2417.545 
2416.72 
2416.855 
2416.4 
2416.625 
2416.14 
2416.34 
2415.875 
2416.045 
2416.01 
2416.24 
2415.73 
2415.955 
2415.51 
2415.665 
2415.145 
2415.33 
2414.55 
2414.76 
2414.21 
2414.41 
2413.95 
2414.13 
2413.65 
2413.83 
2413.87 
2414.04 
2413.54 
2413.78 
2413.355 
2413.565 
2413.025 
2413.165 
2412.35 
2412.58 
2412.125 
2412.295 
2411.815 
2412.01 
2411.585 
2411.78 
2411.75 
2411.965 
2411.54 
2411.71 
2411.32 
2411.525 
2411.01 
2411.265 
2410.435 
2410.595 
2410.16 
2410.425 
2409.98 
2410.22 
2409.8 
2410.03 
2410.045 
2410.325 
2409.84 
2410.095 
2409.68 
2409.91 
2409.425 
2409.71 
2408.985 
2409.135 
2408.67 
2408.91 
2408.5 
2408.78 
2408.33 
2408.55 
2408.535 
2408.76 
2408.325 
2408.525 
2408.105 
2408.345 
2407.88 
2408.06 
2407.22 
2407.435 
2406.93 
2407.155 
2406.69 
2406.815 
2406.27 
2406.53 
2406.465 
2406.63 
2406.12 
2406.26 
2405.75 
2405.885 
2405.395 
2405.515 
2404.615 
2404.81 
2404.21 
2404.365 
2403.85 
2403.945 
2403.33 
2403.465 
2403.315 
2403.4 
2402.78 
2402.9 
2402.28 
2402.43 
2401.695 
2401.895 
2400.85 
2400.885 
2400.27 
2400.26 
2399.605 
2399.73 
2398.985 
2399.035 
2398.785 
2398.795 
2398.025 
2398.08 
2397.4 
2397.37 
2396.62 
2396.595 
2395.5 
2395.44 
2394.715 
2394.56 
2393.855 
2393.755 
2392.93 
2392.78 
2392.48 
2392.265 
2391.45 
2391.285 
2390.5 
2390.34 
2389.45 
2389.29 
2387.985 
2387.74 
2386.8 
2386.57 
2385.665 
2385.46 
2384.47 
2384.115 
2383.645 
2383.325 
2382.385 
2382.025 
2381.015 
2380.66 
2379.62 
2379.235 
2377.86 
2377.44 
2376.335 
2375.885 
2374.775 
2374.4 
2373.24 
2372.76 
2372.055 
2371.53 
2370.365 
2369.89 
2368.725 
2368.195 
2366.935 
2366.365 
2364.72 
2364.09 
2362.88 
2362.25 
2360.98 
2360.28 
2359.005 
2358.37 
2357.5 
2356.805 
2355.4 
2354.71 
2353.35 
2352.63 
2351.26 
2350.52 
2348.745 
2347.93 
2346.515 
2345.735 
2344.335 
2343.555 
2342.08 
2341.24 
2340.195 
2339.385 
2337.935 
2337.07 
2335.61 
2334.79 
2333.145 
2332.385 
2330.5 
2329.57 
2328.045 
2327.15 
2325.65 
2324.76 
2323.255 
2322.355 
2321.26 
2320.35 
2318.75 
2317.85 
2316.345 
2315.445 
2313.795 
2312.92 
2310.975 
2310.135 
2308.445 
2307.57 
2306.01 
2305.105 
2303.525 
2302.62 
2301.515 
2300.52 
2298.95 
2298.06 
2296.525 
2295.605 
2293.975 
2293.14 
2291.16 
2290.285 
2288.77 
2287.805 
2286.205 
2285.415 
2283.81 
2282.965 
2281.79 
2281.025 
2279.44 
2278.64 
2277.085 
2276.205 
2274.76 
2273.9 
2272.09 
2271.19 
2269.61 
2268.79 
2267.285 
2266.53 
2265.045 
2264.225 
2263.12 
2262.305 
2260.825 
2260.025 
2258.57 
2257.81 
2256.3 
2255.58 
2253.72 
2252.855 
2251.435 
2250.66 
2249.255 
2248.42 
2247.025 
2246.25 
2245.32 
2244.52 
2243.03 
2242.35 
2240.905 
2240.215 
2238.785 
2238.045 
2236.245 
2235.55 
2234.145 
2233.475 
2232.13 
2231.4 
2230.05 
2229.285 
2228.42 
2227.725 
2226.41 
2225.72 
2224.415 
2223.755 
2222.44 
2221.84 
2220.125 
2219.45 
2218.17 
2217.535 
2216.265 
2215.645 
2214.38 
2213.765 
2212.925 
2212.3 
2211.07 
2210.515 
2209.315 
2208.68 
2207.48 
2206.905 
2205.195 
2204.7 
2203.46 
2202.855 
2201.625 
2201.085 
2199.865 
2199.375 
2198.52 
2197.975 
2196.785 
2196.25 
2195.085 
2194.55 
2193.34 
2192.785 
2191.245 
2190.75 
2189.525 
2189.03 
2187.82 
2187.355 
2186.1 
2185.61 
2184.94 
2184.46 
2183.195 
2182.74 
2181.605 
2181.13 
2179.925 
2179.44 
2178.045 
2177.46 
2176.28 
2175.82 
2174.72 
2174.235 
2173.07 
2172.585 
2171.88 
2171.355 
2170.25 
2169.77 
2168.625 
2168.125 
2167.0 
2166.535 
2165.015 
2164.5 
2163.335 
2162.92 
2161.77 
2161.24 
2160.115 
2159.62 
2158.985 
2158.465 
2157.355 
2156.875 
2155.835 
2155.26 
2154.17 
2153.72 
2152.265 
2151.745 
2150.585 
2150.2 
2149.115 
2148.585 
2147.44 
2146.985 
2146.395 
2145.86 
2144.755 
2144.35 
2143.17 
2142.8 
2141.635 
2141.275 
2139.755 
2139.29 
2138.145 
2137.795 
2136.705 
2136.235 
2135.16 
2134.795 
2134.155 
2133.66 
2132.515 
2132.17 
2131.065 
2130.69 
2129.57 
2129.165 
2127.61 
2127.23 
2126.145 
2125.76 
2124.675 
2124.22 
2123.14 
2122.78 
2122.15 
2121.705 
2120.63 
2120.26 
2119.25 
2118.81 
2117.81 
2117.445 
2115.95 
2115.535 
2114.495 
2114.13 
2113.045 
2112.655 
2111.625 
2111.2 
2110.66 
2110.295 
2109.3 
2108.885 
2107.935 
2107.51 
2106.525 
2106.165 
2104.78 
2104.39 
2103.38 
2102.965 
2102.015 
2101.605 
2100.63 
2100.22 
2099.665 
2099.36 
2098.285 
2097.99 
2097.02 
2096.685 
2095.615 
2095.32 
2093.865 
2093.595 
2092.485 
2092.195 
2091.185 
2090.88 
2089.86 
2089.575 
2089.025 
2088.68 
2087.665 
2087.36 
2086.41 
2086.2 
2085.22 
2084.93 
2083.595 
2083.335 
2082.34 
2082.05 
2081.15 
2080.92 
2079.95 
2079.72 
2079.22 
2078.94 
2078.055 
2077.855 
2076.99 
2076.73 
2075.825 
2075.685 
2074.375 
2074.215 
2073.31 
2073.09 
2072.21 
2072.105 
2071.245 
2070.985 
2070.605 
2070.435 
2069.665 
2069.495 
2068.745 
2068.525 
2067.775 
2067.62 
2066.42 
2066.34 
2065.465 
2065.38 
2064.58 
2064.485 
2063.66 
2063.54 
2063.2 
2063.135 
2062.32 
2062.21 
2061.55 
2061.43 
2060.715 
2060.63 
2059.505 
2059.455 
2058.62 
2058.59 
2057.845 
2057.82 
2057.02 
2056.95 
2056.71 
2056.66 
2055.85 
2055.855 
2055.185 
2055.17 
2054.345 
2054.38 
2053.295 
2053.205 
2052.515 
2052.47 
2051.8 
2051.75 
2051.06 
2051.015 
2050.73 
2050.76 
2049.975 
2049.945 
2049.355 
2049.26 
2048.6 
2048.53 
2047.41 
2047.405 
2046.65 
2046.64 
2045.97 
2045.925 
2045.17 
2045.2 
2044.895 
2044.805 
2044.195 
2044.12 
2043.4 
2043.375 
2042.67 
2042.6 
2041.495 
2041.505 
2040.71 
2040.67 
2040.0 
2039.93 
2039.175 
2039.115 
2038.86 
2038.8 
2038.065 
2038.035 
2037.335 
2037.255 
2036.505 
2036.52 
2035.36 
2035.37 
2034.58 
2034.495 
2033.74 
2033.72 
2033.0 
2032.92 
2032.675 
2032.605 
2031.78 
2031.78 
2031.165 
2031.02 
2030.29 
2030.185 
2029.195 
2029.085 
2028.38 
2028.275 
2027.615 
2027.53 
2026.74 
2026.705 
2026.455 
2026.35 
2025.545 
2025.525 
2024.765 
2024.74 
2023.99 
2023.975 
2022.895 
2022.85 
2022.095 
2022.08 
2021.33 
2021.285 
2020.54 
2020.455 
2020.12 
2020.155 
2019.44 
2019.405 
2018.625 
2018.665 
2017.825 
2017.865 
2016.885 
2016.785 
2016.045 
2016.01 
2015.28 
2015.3 
2014.55 
2014.475 
2014.205 
2014.1 
2013.395 
2013.37 
2012.68 
2012.67 
2011.945 
2011.905 
2010.78 
2010.685 
2010.04 
2009.995 
2009.28 
2009.2 
2008.43 
2008.435 
2008.165 
2008.13 
2007.395 
2007.395 
2006.685 
2006.69 
2006.005 
2005.96 
2004.935 
2004.825 
2004.155 
2004.12 
2003.49 
2003.39 
2002.695 
2002.725 
2002.505 
2002.44 
2001.72 
2001.88 
2001.095 
2001.175 
2000.405 
2000.475 
1999.5 
1999.44 
1998.74 
1998.765 
1998.095 
1998.135 
1997.41 
1997.49 
1997.24 
1997.295 
1996.615 
1996.71 
1996.115 
1996.06 
1995.425 
1995.52 
1994.515 
1994.585 
1993.93 
1994.005 
1993.335 
1993.38 
1992.785 
1992.82 
1992.635 
1992.7 
1992.065 
1992.145 
1991.535 
1991.625 
1990.965 
1991.11 
1990.13 
1990.165 
1989.565 
1989.71 
1989.13 
1989.175 
1988.56 
1988.66 
1988.525 
1988.66 
1988.07 
1988.19 
1987.64 
1987.69 
1987.09 
1987.295 
1986.42 
1986.61 
1985.895 
1986.025 
1985.45 
1985.575 
1985.045 
1985.135 
1985.025 
1985.08 
1984.52 
1984.685 
1984.17 
1984.28 
1983.695 
1983.82 
1982.885 
1983.015 
1982.48 
1982.505 
1981.97 
1982.095 
1981.515 
1981.61 
1981.54 
1981.7 
1981.07 
1981.275 
1980.695 
1980.83 
1980.255 
1980.44 
1979.535 
1979.66 
1978.995 
1979.18 
1978.63 
1978.75 
1978.115 
1978.3 
1978.145 
1978.325 
1977.715 
1977.83 
1977.325 
1977.37 
1976.72 
1976.97 
1976.055 
1976.135 
1975.525 
1975.595 
1975.125 
1975.22 
1974.585 
1974.69 
1974.585 
1974.74 
1974.08 
1974.295 
1973.7 
1973.775 
1973.26 
1973.34 
1972.37 
1972.44 
1971.84 
1971.92 
1971.425 
1971.475 
1970.875 
1970.96 
1970.815 
1970.925 
1970.285 
1970.45 
1969.805 
1969.895 
1969.33 
1969.445 
1968.415 
1968.535 
1967.9 
1968.055 
1967.49 
1967.595 
1966.935 
1967.02 
1966.84 
1967.04 
1966.42 
1966.58 
1965.97 
1966.02 
1965.505 
1965.62 
1964.64 
1964.75 
1964.15 
1964.185 
1963.625 
1963.735 
1963.125 
1963.235 
1963.05 
1963.18 
1962.565 
1962.715 
1962.155 
1962.27 
1961.56 
1961.67 
1960.755 
1960.825 
1960.2 
1960.29 
1959.77 
1959.83 
1959.255 
1959.29 
1959.185 
1959.31 
1958.7 
1958.86 
1958.315 
1958.46 
1957.855 
1958.0 
1957.12 
1957.245 
1956.65 
1956.805 
1956.28 
1956.39 
1955.765 
1955.91 
1955.79 
1955.995 
1955.425 
1955.54 
1955.11 
1955.21 
1954.635 
1954.885 
1954.005 
1954.14 
1953.585 
1953.755 
1953.23 
1953.45 
1952.93 
1953.12 
1953.06 
1953.23 
1952.695 
1952.925 
1952.47 
1952.615 
1952.095 
1952.305 
1951.435 
1951.735 
1951.165 
1951.365 
1950.9 
1951.13 
1950.615 
1950.835 
1950.81 
1951.025 
1950.565 
1950.78 
1950.32 
1950.56 
1950.115 
1950.355 
1949.545 
1949.78 
1949.225 
1949.475 
1949.05 
1949.265 
1948.825 
1949.075 
1949.04 
1949.34 
1948.85 
1949.145 
1948.72 
1948.95 
1948.565 
1948.78 
1948.045 
1948.28 
1947.75 
1948.07 
1947.56 
1947.855 
1947.435 
1947.71 
1947.695 
1947.925 
1947.47 
1947.75 
1947.32 
1947.55 
1947.12 
1947.365 
1946.585 
1946.775 
1946.35 
1946.655 
1946.22 
1946.44 
1945.98 
1946.28 
1946.285 
1946.58 
1946.01 
1946.31 
1945.945 
1946.21 
1945.755 
1945.955 
1945.18 
1945.41 
1944.97 
1945.235 
1944.85 
1945.07 
1944.615 
1944.855 
1944.925 
1945.145 
1944.63 
1944.915 
1944.46 
1944.765 
1944.315 
1944.59 
1943.79 
1943.965 
1943.55 
1943.78 
1943.345 
1943.655 
1943.2 
1943.43 
1943.45 
1943.68 
1943.29 
1943.52 
1943.175 
1943.31 
1942.935 
1943.135 
1942.365 
1942.595 
1942.165 
1942.425 
1941.97 
1942.23 
1941.75 
1942.045 
1942.04 
1942.275 
1941.8 
1942.095 
1941.635 
1941.87 
1941.465 
1941.695 
1940.795 
1941.135 
1940.66 
1940.925 
1940.465 
1940.685 
1940.22 
1940.435 
1940.505 
1940.7 
1940.2 
1940.485 
1940.105 
1940.22 
1939.79 
1940.065 
1939.26 
1939.42 
1938.945 
1939.16 
1938.665 
1938.935 
1938.465 
1938.655 
1938.64 
1938.77 
1938.295 
1938.51 
1938.055 
1938.2 
1937.7 
1937.905 
1936.98 
1937.185 
1936.695 
1936.845 
1936.34 
1936.45 
1935.99 
1936.105 
1936.12 
1936.275 
1935.74 
1935.855 
1935.435 
1935.56 
1935.045 
1935.15 
1934.25 
1934.4 
1933.85 
1934.025 
1933.565 
1933.69 
1933.135 
1933.315 
1933.19 
1933.395 
1932.835 
1933.015 
1932.505 
1932.61 
1932.135 
1932.32 
1931.365 
1931.545 
1930.99 
1931.15 
1930.645 
1930.835 
1930.32 
1930.44 
1930.375 
1930.57 
1930.005 
1930.225 
1929.735 
1929.93 
1929.39 
1929.55 
1928.61 
1928.81 
1928.295 
1928.48 
1927.97 
1928.16 
1927.695 
1927.93 
1927.885 
1928.055 
1927.535 
1927.705 
1927.31 
1927.52 
1927.065 
1927.32 
1926.34 
1926.575 
1926.125 
1926.405 
1925.985 
1926.16 
1925.695 
1925.935 
1926.01 
1926.26 
1925.87 
1926.075 
1925.755 
1925.945 
1925.575 
1925.835 
1925.16 
1925.415 
1924.95 
1925.21 
1924.905 
1925.2 
1924.79 
1925.035 
1925.1 
1925.395 
1924.935 
1925.33 
1924.905 
1925.24 
1924.835 
1925.14 
1924.32 
1924.66 
1924.25 
1924.565 
1924.23 
1924.475 
1924.07 
1924.43 
1924.49 
1924.755 
1924.385 
1924.765 
1924.405 
1924.715 
1924.27 
1924.65 
1923.805 
1924.03 
1923.65 
1924.06 
1923.66 
1923.985 
1923.635 
1923.885 
1923.895 
1924.295 
1923.885 
1924.235 
1923.835 
1924.145 
1923.715 
1924.03 
1923.3 
1923.555 
1923.14 
1923.485 
1923.1 
1923.43 
1923.045 
1923.325 
1923.36 
1923.655 
1923.29 
1923.58 
1923.205 
1923.56 
1923.15 
1923.435 
1922.66 
1923.025 
1922.59 
1922.85 
1922.505 
1922.835 
1922.355 
1922.745 
1922.785 
1923.035 
1922.645 
1922.955 
1922.66 
1922.985 
1922.605 
1922.925 
1922.06 
1922.38 
1921.98 
1922.3 
1921.975 
1922.275 
1921.865 
1922.205 
1922.2 
1922.55 
1922.145 
1922.515 
1922.08 
1922.38 
1922.03 
1922.32 
1921.53 
1921.85 
1921.455 
1921.705 
1921.335 
1921.6 
1921.23 
1921.47 
1921.61 
1921.835 
1921.42 
1921.72 
1921.415 
1921.59 
1921.18 
1921.45 
1920.67 
1920.9 
1920.505 
1920.75 
1920.365 
1920.58 
1920.15 
1920.42 
1920.425 
1920.725 
1920.26 
1920.49 
1920.08 
1920.38 
1919.89 
1920.15 
1919.38 
1919.625 
1919.18 
1919.425 
1918.995 
1919.195 
1918.755 
1918.955 
1918.99 
1919.2 
1918.75 
1919.03 
1918.61 
1918.8 
1918.315 
1918.59 
1917.7 
1917.925 
1917.5 
1917.73 
1917.285 
1917.5 
1917.01 
1917.29 
1917.245 
1917.44 
1916.93 
1917.23 
1916.765 
1916.955 
1916.465 
1916.77 
1915.85 
1916.075 
1915.72 
1915.855 
1915.445 
1915.68 
1915.23 
1915.435 
1915.49 
1915.745 
1915.285 
1915.545 
1915.115 
1915.43 
1914.95 
1915.25 
1914.435 
1914.655 
1914.29 
1914.52 
1914.175 
1914.445 
1914.07 
1914.33 
1914.455 
1914.77 
1914.285 
1914.65 
1914.3 
1914.585 
1914.215 
1914.565 
1913.79 
1914.105 
1913.72 
1914.065 
1913.8 
1914.11 
1913.81 
1914.095 
1914.175 
1914.5 
1914.185 
1914.55 
1914.225 
1914.515 
1914.175 
1914.53 
1913.795 
1914.155 
1913.79 
1914.155 
1913.84 
1914.18 
1913.84 
1914.155 
1914.31 
1914.635 
1914.265 
1914.64 
1914.33 
1914.705 
1914.3 
1914.68 
1914.0 
1914.32 
1914.01 
1914.385 
1914.12 
1914.465 
1914.075 
1914.48 
1914.51 
1914.965 
1914.51 
1914.96 
1914.625 
1914.97 
1914.63 
1915.02 
1914.35 
1914.715 
1914.39 
1914.68 
1914.395 
1914.805 
1914.4 
1914.74 
1914.935 
1915.28 
1914.94 
1915.325 
1915.055 
1915.385 
1915.025 
1915.4 
1914.765 
1915.11 
1914.745 
1915.16 
1914.86 
1915.195 
1914.805 
1915.24 
1915.31 
1915.67 
1915.335 
1915.725 
1915.42 
1915.8 
1915.425 
1915.82 
1915.125 
1915.465 
1915.125 
1915.5 
1915.145 
1915.55 
1915.155 
1915.5 
1915.635 
1916.09 
1915.665 
1916.05 
1915.67 
1916.1 
1915.735 
1916.11 
1915.435 
1915.725 
1915.33 
1915.71 
1915.37 
1915.73 
1915.345 
1915.72 
1915.79 
1916.14 
1915.69 
1915.995 
1915.72 
1916.045 
1915.61 
1915.955 
1915.205 
1915.52 
1915.06 
1915.34 
1914.945 
1915.295 
1914.92 
1915.085 
1915.22 
1915.525 
1915.05 
1915.34 
1914.99 
1915.19 
1914.83 
1915.01 
1914.27 
1914.515 
1914.075 
1914.33 
1913.91 
1914.195 
1913.7 
1913.925 
1913.91 
1914.225 
1913.725 
1913.945 
1913.565 
1913.795 
1913.27 
1913.58 
1912.735 
1912.995 
1912.445 
1912.68 
1912.215 
1912.48 
1911.955 
1912.225 
1912.165 
1912.415 
1911.92 
1912.24 
1911.745 
1911.925 
1911.48 
1911.715 
1910.905 
1911.175 
1910.69 
1910.9 
1910.46 
1910.715 
1910.185 
1910.48 
1910.495 
1910.72 
1910.275 
1910.625 
1910.195 
1910.505 
1910.04 
1910.265 
1909.535 
1909.79 
1909.32 
1909.655 
1909.295 
1909.545 
1909.24 
1909.505 
1909.58 
1909.895 
1909.46 
1909.845 
1909.505 
1909.775 
1909.42 
1909.77 
1909.145 
1909.455 
1909.08 
1909.37 
1909.08 
1909.4 
1909.02 
1909.35 
1909.455 
1909.78 
1909.435 
1909.855 
1909.48 
1909.83 
1909.45 
1909.795 
1909.045 
1909.5 
1909.115 
1909.44 
1909.075 
1909.475 
1909.115 
1909.425 
1909.63 
1909.94 
1909.56 
1909.885 
1909.605 
1909.935 
1909.56 
1910.005 
1909.285 
1909.61 
1909.27 
1909.625 
1909.305 
1909.645 
1909.28 
1909.655 
1909.735 
1910.11 
1909.765 
1910.155 
1909.85 
1910.2 
1909.835 
1910.17 
1909.485 
1909.835 
1909.475 
1909.775 
1909.555 
1909.84 
1909.565 
1909.885 
1909.99 
1910.35 
1909.975 
1910.37 
1910.125 
1910.51 
1910.09 
1910.51 
1909.855 
1910.17 
1909.855 
1910.19 
1909.89 
1910.305 
1909.925 
1910.315 
1910.465 
1910.755 
1910.43 
1910.84 
1910.565 
1910.95 
1910.655 
1911.035 
1910.415 
1910.765 
1910.45 
1910.925 
1910.635 
1911.045 
1910.61 
1911.045 
1911.21 
1911.65 
1911.255 
1911.705 
1911.45 
1911.885 
1911.54 
1911.98 
1911.295 
1911.675 
1911.38 
1911.79 
1911.49 
1911.87 
1911.57 
1911.975 
1912.13 
1912.515 
1912.19 
1912.61 
1912.305 
1912.665 
1912.34 
1912.715 
1911.95 
1912.355 
1912.02 
1912.36 
1912.07 
1912.39 
1912.05 
1912.375 
1912.51 
1912.825 
1912.52 
1912.805 
1912.485 
1912.835 
1912.46 
1912.81 
1912.155 
1912.36 
1912.03 
1912.355 
1912.005 
1912.225 
1911.865 
1912.155 
1912.205 
1912.5 
1912.07 
1912.38 
1911.96 
1912.22 
1911.77 
1912.07 
1911.29 
1911.53 
1911.075 
1911.35 
1910.905 
1911.19 
1910.685 
1910.92 
1910.97 
1911.215 
1910.705 
1911.035 
1910.515 
1910.825 
1910.305 
1910.525 
1909.795 
1909.975 
1909.555 
1909.76 
1909.365 
1909.65 
1909.16 
1909.45 
1909.44 
1909.705 
1909.21 
1909.52 
1909.075 
1909.41 
1908.87 
1909.2 
1908.45 
1908.705 
1908.245 
1908.575 
1908.135 
1908.46 
1908.035 
1908.355 
1908.42 
1908.68 
1908.305 
1908.655 
1908.25 
1908.52 
1908.125 
1908.475 
1907.825 
1908.095 
1907.71 
1908.055 
1907.685 
1908.015 
1907.565 
1907.91 
1908.0 
1908.28 
1907.825 
1908.22 
1907.93 
1908.255 
1907.835 
1908.17 
1907.485 
1907.775 
1907.4 
1907.69 
1907.335 
1907.68 
1907.285 
1907.64 
1907.77 
1908.035 
1907.635 
1908.0 
1907.62 
1908.035 
1907.6 
1907.98 
1907.21 
1907.52 
1907.17 
1907.555 
1907.21 
1907.56 
1907.145 
1907.525 
1907.625 
1907.91 
1907.56 
1908.02 
1907.6 
1907.95 
1907.625 
1907.975 
1907.27 
1907.59 
1907.22 
1907.585 
1907.23 
1907.585 
1907.24 
1907.555 
1907.685 
1908.095 
1907.715 
1908.11 
1907.815 
1908.125 
1907.835 
1908.215 
1907.62 
1907.98 
1907.675 
1907.98 
1907.765 
1908.095 
1907.75 
1908.135 
1908.36 
1908.69 
1908.37 
1908.805 
1908.5 
1908.955 
1908.595 
1908.985 
1908.33 
1908.755 
1908.45 
1908.87 
1908.62 
1909.02 
1908.715 
1909.12 
1909.395 
1909.79 
1909.52 
1909.99 
1909.655 
1910.1 
1909.825 
1910.275 
1909.72 
1910.04 
1909.805 
1910.23 
1909.94 
1910.385 
1910.06 
1910.48 
1910.715 
1911.05 
1910.765 
1911.215 
1911.03 
1911.345 
1911.05 
1911.46 
1910.735 
1911.165 
1910.88 
1911.195 
1910.965 
1911.34 
1910.97 
1911.395 
1911.5 
1911.885 
1911.435 
1911.89 
1911.53 
1911.88 
1911.505 
1911.885 
1911.24 
1911.525 
1911.09 
1911.43 
1911.12 
1911.415 
1911.025 
1911.375 
1911.385 
1911.665 
1911.31 
1911.595 
1911.235 
1911.495 
1911.06 
1911.42 
1910.615 
1910.87 
1910.4 
1910.65 
1910.285 
1910.505 
1910.04 
1910.385 
1910.395 
1910.625 
1910.09 
1910.43 
1910.03 
1910.24 
1909.805 
1910.005 
1909.22 
1909.43 
1909.02 
1909.305 
1908.855 
1909.035 
1908.615 
1908.86 
1908.91 
1909.125 
1908.65 
1908.875 
1908.455 
1908.755 
1908.27 
1908.56 
1907.715 
1907.94 
1907.48 
1907.77 
1907.4 
1907.615 
1907.205 
1907.355 
1907.41 
1907.73 
1907.215 
1907.505 
1907.125 
1907.325 
1906.94 
1907.175 
1906.495 
1906.76 
1906.33 
1906.555 
1906.145 
1906.425 
1905.985 
1906.22 
1906.28 
1906.585 
1906.015 
1906.33 
1905.985 
1906.255 
1905.755 
1906.035 
1905.255 
1905.535 
1905.1 
1905.335 
1904.9 
1905.135 
1904.75 
1905.025 
1905.055 
1905.345 
1904.935 
1905.17 
1904.765 
1905.09 
1904.62 
1905.025 
1904.155 
1904.51 
1904.035 
1904.37 
1904.02 
1904.3 
1903.935 
1904.255 
1904.275 
1904.62 
1904.25 
1904.53 
1904.18 
1904.45 
1904.11 
1904.505 
1903.745 
1904.055 
1903.685 
1903.96 
1903.675 
1904.06 
1903.645 
1904.03 
1904.115 
1904.5 
1904.125 
1904.535 
1904.305 
1904.585 
1904.245 
1904.61 
1903.925 
1904.34 
1903.925 
1904.35 
1904.065 
1904.45 
1904.095 
1904.56 
1904.665 
1905.095 
1904.74 
1905.145 
1904.935 
1905.33 
1904.96 
1905.465 
1904.775 
1905.15 
1904.865 
1905.295 
1905.07 
1905.485 
1905.18 
1905.62 
1905.785 
1906.23 
1905.88 
1906.37 
1906.12 
1906.555 
1906.25 
1906.715 
1906.1 
1906.525 
1906.235 
1906.64 
1906.37 
1906.795 
1906.485 
1906.88 
1907.125 
1907.49 
1907.145 
1907.605 
1907.34 
1907.825 
1907.485 
1907.89 
1907.205 
1907.625 
1907.26 
1907.67 
1907.365 
1907.775 
1907.475 
1907.84 
1907.97 
1908.375 
1908.015 
1908.465 
1908.075 
1908.42 
1908.16 
1908.45 
1907.875 
1908.225 
1907.915 
1908.24 
1907.915 
1908.275 
1907.875 
1908.255 
1908.305 
1908.655 
1908.29 
1908.615 
1908.29 
1908.585 
1908.18 
1908.52 
1907.805 
1908.06 
1907.69 
1908.0 
1907.625 
1908.0 
1907.58 
1907.84 
1907.865 
1908.245 
1907.76 
1908.12 
1907.75 
1907.98 
1907.59 
1907.85 
1907.13 
1907.37 
1906.945 
1907.285 
1906.89 
1907.125 
1906.72 
1907.025 
1907.09 
1907.305 
1906.875 
1907.2 
1906.86 
1907.155 
1906.7 
1906.97 
1906.15 
1906.44 
1905.99 
1906.285 
1905.88 
1906.135 
1905.695 
1906.02 
1906.03 
1906.32 
1905.885 
1906.19 
1905.775 
1906.025 
1905.575 
1905.89 
1905.115 
1905.365 
1904.905 
1905.185 
1904.795 
1905.03 
1904.515 
1904.84 
1904.87 
1905.08 
1904.555 
1904.92 
1904.55 
1904.8 
1904.3 
1904.535 
1903.72 
1904.04 
1903.585 
1903.85 
1903.395 
1903.66 
1903.175 
1903.505 
1903.47 
1903.86 
1903.29 
1903.61 
1903.21 
1903.455 
1903.095 
1903.345 
1902.66 
1902.92 
1902.445 
1902.74 
1902.405 
1902.74 
1902.285 
1902.53 
1902.635 
1902.94 
1902.615 
1902.91 
1902.525 
1902.83 
1902.48 
1902.83 
1902.085 
1902.325 
1901.995 
1902.32 
1901.955 
1902.365 
1901.96 
1902.32 
1902.42 
1902.8 
1902.445 
1902.775 
1902.5 
1902.865 
1902.535 
1902.955 
1902.265 
1902.615 
1902.42 
1902.76 
1902.445 
1902.85 
1902.515 
1902.935 
1903.09 
1903.415 
1903.115 
1903.55 
1903.28 
1903.7 
1903.385 
1903.81 
1903.165 
1903.55 
1903.2 
1903.635 
1903.465 
1903.85 
1903.47 
1903.94 
1904.16 
1904.63 
1904.29 
1904.745 
1904.44 
1904.925 
1904.6 
1905.04 
1904.435 
1904.815 
1904.57 
1904.935 
1904.675 
1905.16 
1904.86 
1905.265 
1905.455 
1905.865 
1905.525 
1905.96 
1905.685 
1906.185 
1905.79 
1906.22 
1905.565 
1905.99 
1905.635 
1906.115 
1905.78 
1906.18 
1905.85 
1906.27 
1906.41 
1906.825 
1906.49 
1906.86 
1906.555 
1907.055 
1906.69 
1907.01 
1906.395 
1906.755 
1906.445 
1906.84 
1906.585 
1906.91 
1906.53 
1906.92 
1907.07 
1907.465 
1907.155 
1907.525 
1907.195 
1907.525 
1907.125 
1907.565 
1906.85 
1907.22 
1906.88 
1907.24 
1906.91 
1907.31 
1906.865 
1907.255 
1907.375 
1907.69 
1907.285 
1907.77 
1907.46 
1907.745 
1907.395 
1907.755 
1907.06 
1907.385 
1907.055 
1907.42 
1907.105 
1907.44 
1906.975 
1907.355 
1907.5 
1907.87 
1907.4 
1907.82 
1907.495 
1907.805 
1907.375 
1907.765 
1907.055 
1907.35 
1907.035 
1907.32 
1907.055 
1907.325 
1906.975 
1907.24 
1907.32 
1907.7 
1907.325 
1907.61 
1907.3 
1907.555 
1907.145 
1907.515 
1906.89 
1907.125 
1906.775 
1907.025 
1906.635 
1906.945 
1906.555 
1906.9 
1906.875 
1907.17 
1906.685 
1907.015 
1906.645 
1906.93 
1906.53 
1906.76 
1906.03 
1906.34 
1905.905 
1906.095 
1905.785 
1905.995 
1905.57 
1905.875 
1905.935 
1906.22 
1905.8 
1906.035 
1905.68 
1905.995 
1905.555 
1905.87 
1905.105 
1905.38 
1904.93 
1905.255 
1904.83 
1905.07 
1904.71 
1905.025 
1904.97 
1905.315 
1904.97 
1905.3 
1904.915 
1905.165 
1904.73 
1905.06 
1904.305 
1904.595 
1904.21 
1904.535 
1904.125 
1904.44 
1904.065 
1904.445 
1904.485 
1904.785 
1904.34 
1904.68 
1904.375 
1904.61 
1904.33 
1904.65 
1903.95 
1904.215 
1903.83 
1904.155 
1903.855 
1904.13 
1903.795 
1904.1 
1904.27 
1904.61 
1904.215 
1904.635 
1904.255 
1904.645 
1904.25 
1904.665 
1903.955 
1904.2 
1903.89 
1904.295 
1903.985 
1904.3 
1904.025 
1904.415 
1904.525 
1904.925 
1904.565 
1904.95 
1904.72 
1904.99 
1904.655 
1905.095 
1904.425 
1904.795 
1904.435 
1904.835 
1904.57 
1904.92 
1904.645 
1905.0 
1905.13 
1905.48 
1905.22 
1905.58 
1905.35 
1905.665 
1905.32 
1905.695 
1905.02 
1905.405 
1905.115 
1905.45 
1905.2 
1905.52 
1905.19 
1905.625 
1905.775 
1906.15 
1905.81 
1906.185 
1905.905 
1906.27 
1906.03 
1906.395 
1905.83 
1906.12 
1905.885 
1906.28 
1905.96 
1906.38 
1905.965 
1906.33 
1906.56 
1906.92 
1906.61 
1906.965 
1906.69 
1907.03 
1906.7 
1907.13 
1906.495 
1906.865 
1906.56 
1906.875 
1906.585 
1906.97 
1906.63 
1907.02 
1907.13 
1907.515 
1907.13 
1907.57 
1907.335 
1907.645 
1907.28 
1907.695 
1906.985 
1907.36 
1907.08 
1907.435 
1907.045 
1907.37 
1907.08 
1907.425 
1907.61 
1907.96 
1907.555 
1907.94 
1907.585 
1907.97 
1907.6 
1907.925 
1907.22 
1907.595 
1907.195 
1907.555 
1907.21 
1907.505 
1907.13 
1907.495 
1907.55 
1907.93 
1907.545 
1907.89 
1907.505 
1907.83 
1907.395 
1907.725 
1907.035 
1907.335 
1906.865 
1907.165 
1906.825 
1907.14 
1906.625 
1906.965 
1907.005 
1907.295 
1906.775 
1907.19 
1906.8 
1907.11 
1906.58 
1906.875 
1906.045 
1906.39 
1905.965 
1906.26 
1905.875 
1906.13 
1905.675 
1905.95 
1905.96 
1906.29 
1905.85 
1906.085 
1905.74 
1906.0 
1905.57 
1905.855 
1905.135 
1905.37 
1904.965 
1905.235 
1904.92 
1905.155 
1904.79 
1905.01 
1905.055 
1905.46 
1905.03 
1905.315 
1905.03 
1905.23 
1904.87 
1905.195 
1904.395 
1904.775 
1904.37 
1904.605 
1904.265 
1904.625 
1904.215 
1904.52 
1904.61 
1904.93 
1904.48 
1904.915 
1904.605 
1904.86 
1904.49 
1904.825 
1904.195 
1904.515 
1904.15 
1904.485 
1904.13 
1904.445 
1904.06 
1904.435 
1904.56 
1904.925 
1904.495 
1904.845 
1904.505 
1904.92 
1904.525 
1904.955 
1904.21 
1904.505 
1904.19 
1904.525 
1904.245 
1904.585 
1904.245 
1904.61 
1904.725 
1905.14 
1904.765 
1905.15 
1904.855 
1905.16 
1904.855 
1905.265 
1904.605 
1904.89 
1904.62 
1904.92 
1904.7 
1905.005 
1904.705 
1905.085 
1905.23 
1905.545 
1905.22 
1905.61 
1905.345 
1905.655 
1905.295 
1905.74 
1905.0 
1905.43 
1905.095 
1905.4 
1905.155 
1905.515 
1905.24 
1905.635 
1905.785 
1906.17 
1905.865 
1906.27 
1905.97 
1906.37 
1906.085 
1906.495 
1905.79 
1906.165 
1905.9 
1906.395 
1906.08 
1906.475 
1906.185 
1906.6 
1906.71 
1907.225 
1906.88 
1907.27 
1907.095 
1907.53 
1907.175 
1907.685 
1907.075 
1907.48 
1907.16 
1907.59 
1907.325 
1907.775 
1907.53 
1907.93 
1908.165 
1908.575 
1908.28 
1908.72 
1908.55 
1908.92 
1908.735 
1909.135 
1908.465 
1908.895 
1908.605 
1909.07 
1908.745 
1909.17 
1908.885 
1909.36 
1909.54 
1909.865 
1909.61 
1910.04 
1909.755 
1910.235 
1909.915 
1910.315 
1909.63 
1909.975 
1909.66 
1910.115 
1909.735 
1910.15 
1909.835 
1910.195 
1910.325 
1910.72 
1910.375 
1910.7 
1910.435 
1910.735 
1910.365 
1910.77 
1910.15 
1910.455 
1910.07 
1910.37 
1910.02 
1910.33 
1909.92 
1910.19 
1910.27 
1910.545 
1910.105 
1910.445 
1910.125 
1910.31 
1909.86 
1910.12 
1909.42 
