Run 0 on 20200811 on sample T20-5d, LT thermometer,  dT/T0 = 0.02
Time per point = 3.125e-05 seconds
946.97 
946.73 
947.185 
947.055 
947.38 
947.2 
947.635 
946.985 
947.3 
946.965 
947.43 
947.095 
947.385 
947.06 
947.39 
947.415 
947.77 
947.37 
947.59 
947.255 
947.505 
947.055 
947.405 
946.5 
946.74 
946.295 
946.52 
946.025 
946.255 
945.74 
945.975 
945.945 
946.14 
945.585 
945.79 
945.375 
945.535 
945.08 
945.285 
944.375 
944.66 
944.26 
944.41 
943.955 
944.145 
943.755 
943.945 
943.955 
944.24 
943.81 
944.1 
943.725 
944.015 
943.655 
943.93 
943.315 
943.505 
943.215 
943.54 
943.29 
943.595 
943.365 
943.7 
943.93 
944.315 
944.035 
944.46 
944.315 
944.74 
944.535 
945.01 
944.38 
944.805 
944.68 
945.19 
945.045 
945.57 
945.3 
945.835 
946.14 
946.62 
946.425 
947.03 
946.865 
947.36 
947.195 
947.695 
947.15 
947.63 
947.505 
947.94 
947.76 
948.24 
948.045 
948.46 
948.705 
949.17 
948.96 
949.315 
949.075 
949.455 
949.235 
949.545 
948.935 
949.235 
948.885 
949.17 
948.89 
949.135 
948.79 
949.005 
949.035 
949.28 
948.935 
949.135 
948.73 
948.85 
948.435 
948.615 
947.675 
947.815 
947.32 
947.435 
947.015 
947.1 
946.64 
946.685 
946.62 
946.715 
946.16 
946.28 
945.785 
945.875 
945.265 
945.445 
944.42 
944.55 
944.0 
944.105 
943.63 
943.71 
943.205 
943.35 
943.165 
943.395 
942.925 
943.09 
942.635 
942.82 
942.29 
942.61 
941.775 
941.91 
941.51 
941.77 
941.38 
941.56 
941.23 
941.525 
941.56 
941.91 
941.47 
941.835 
941.555 
941.845 
941.53 
941.935 
941.29 
941.67 
941.35 
941.725 
941.475 
941.875 
941.59 
942.0 
942.2 
942.565 
942.3 
942.715 
942.475 
942.915 
942.605 
943.03 
942.35 
942.69 
942.41 
942.815 
942.53 
942.91 
942.595 
942.955 
943.005 
943.405 
943.09 
943.355 
942.965 
943.35 
942.94 
943.255 
942.42 
942.645 
942.195 
942.43 
941.99 
942.18 
941.64 
941.84 
941.835 
942.01 
941.39 
941.645 
941.02 
941.16 
940.63 
940.74 
939.73 
939.775 
939.185 
939.315 
938.685 
938.755 
938.13 
938.21 
938.04 
938.045 
937.44 
937.475 
936.91 
936.96 
936.335 
936.445 
935.44 
935.47 
934.87 
934.92 
934.365 
934.39 
933.82 
933.94 
933.845 
933.905 
933.415 
933.525 
933.085 
933.24 
932.73 
932.905 
932.0 
932.225 
931.735 
931.95 
931.53 
931.77 
931.295 
931.62 
931.66 
931.905 
931.59 
931.86 
931.595 
931.875 
931.52 
931.97 
931.19 
931.49 
931.195 
931.63 
931.28 
931.76 
931.37 
931.77 
931.925 
932.37 
932.12 
932.515 
932.28 
932.675 
932.32 
932.79 
932.08 
932.5 
932.17 
932.575 
932.275 
932.625 
932.31 
932.68 
932.84 
933.155 
932.775 
933.145 
932.83 
933.145 
932.71 
933.05 
932.325 
932.485 
932.12 
932.365 
931.91 
932.115 
931.705 
931.805 
931.83 
932.045 
931.49 
931.725 
931.235 
931.32 
930.81 
930.915 
929.915 
930.065 
929.58 
929.65 
929.135 
929.235 
928.61 
928.74 
928.625 
928.705 
928.165 
928.275 
927.785 
927.82 
927.29 
927.415 
926.41 
926.525 
926.02 
926.1 
925.635 
925.785 
925.295 
925.455 
925.4 
925.56 
925.11 
925.34 
924.84 
925.11 
924.64 
925.005 
924.175 
924.4 
924.01 
924.325 
924.015 
924.365 
923.98 
924.345 
924.48 
924.835 
924.59 
924.89 
924.665 
925.08 
924.82 
925.255 
924.71 
925.17 
924.925 
925.36 
925.125 
925.62 
925.445 
925.905 
926.105 
926.57 
926.39 
926.95 
926.765 
927.205 
927.005 
927.46 
926.795 
927.245 
927.015 
927.47 
927.3 
927.695 
927.435 
927.895 
927.985 
928.3 
928.015 
928.41 
928.11 
928.41 
928.02 
928.365 
927.6 
927.83 
927.4 
927.66 
927.2 
927.4 
926.93 
927.105 
927.005 
927.175 
926.6 
926.755 
926.24 
926.275 
925.695 
925.79 
924.78 
924.8 
924.13 
924.135 
923.555 
923.48 
922.765 
922.755 
922.525 
922.425 
921.825 
921.76 
921.05 
920.88 
920.185 
920.175 
919.05 
919.03 
918.195 
918.07 
917.32 
917.26 
916.435 
916.375 
916.0 
915.91 
915.16 
915.02 
914.235 
914.215 
913.395 
913.25 
912.055 
911.935 
911.125 
910.98 
910.23 
910.09 
909.32 
909.085 
908.745 
908.615 
907.725 
907.575 
906.82 
906.615 
905.835 
905.615 
904.375 
904.105 
903.24 
902.925 
902.06 
901.78 
900.82 
900.495 
899.995 
899.62 
898.615 
898.285 
897.28 
896.875 
895.705 
895.26 
893.73 
893.24 
891.975 
891.395 
890.175 
889.545 
888.155 
887.53 
886.615 
885.885 
884.405 
883.615 
882.15 
881.255 
879.7 
878.77 
876.75 
875.775 
874.015 
872.975 
871.24 
870.095 
868.225 
867.02 
865.565 
864.385 
862.34 
861.07 
859.05 
857.67 
855.635 
854.18 
851.685 
850.225 
847.965 
846.395 
844.315 
842.62 
840.43 
838.745 
836.99 
835.23 
832.98 
831.3 
828.995 
827.265 
824.865 
823.15 
820.375 
818.645 
816.19 
814.38 
812.02 
810.22 
807.73 
805.935 
803.985 
802.175 
799.75 
797.91 
795.535 
793.775 
791.255 
789.53 
786.7 
784.805 
782.355 
780.645 
778.23 
776.43 
773.99 
772.2 
770.26 
768.535 
766.07 
764.4 
761.97 
760.215 
757.825 
756.095 
753.315 
751.57 
749.24 
747.5 
745.15 
743.425 
741.0 
739.305 
737.395 
735.675 
733.23 
731.54 
729.2 
727.54 
725.105 
723.4 
720.69 
718.835 
716.425 
714.77 
712.365 
710.545 
708.12 
706.415 
704.37 
702.575 
700.14 
698.365 
695.91 
694.13 
691.59 
689.79 
686.945 
685.05 
682.505 
680.66 
678.19 
676.335 
673.805 
671.895 
669.755 
667.925 
665.3 
663.405 
660.885 
658.95 
656.405 
654.455 
651.5 
649.635 
646.995 
645.06 
642.54 
640.595 
638.0 
636.195 
634.07 
632.16 
629.625 
627.765 
625.25 
623.425 
620.945 
619.13 
616.22 
614.51 
611.915 
610.115 
607.795 
605.95 
603.505 
601.855 
599.94 
598.26 
595.86 
594.25 
591.905 
590.31 
588.045 
586.48 
583.82 
582.205 
580.005 
578.53 
576.375 
574.86 
572.755 
571.29 
569.64 
568.245 
566.205 
564.785 
562.78 
561.385 
559.325 
558.08 
555.74 
554.365 
552.365 
551.1 
549.22 
547.955 
546.015 
544.76 
543.27 
542.06 
540.15 
539.02 
537.11 
535.885 
534.0 
532.805 
530.515 
529.34 
527.405 
526.24 
524.365 
523.155 
521.275 
520.08 
518.63 
517.4 
515.48 
514.275 
512.395 
511.165 
509.205 
508.005 
505.805 
504.425 
502.5 
501.23 
499.245 
497.97 
495.985 
494.705 
493.085 
491.815 
489.805 
488.5 
486.485 
485.25 
483.18 
481.845 
479.36 
478.13 
476.04 
474.725 
472.72 
471.385 
469.35 
468.015 
466.485 
465.165 
463.1 
461.85 
459.875 
458.555 
456.585 
455.315 
452.975 
451.725 
449.775 
448.51 
446.66 
445.31 
443.455 
442.35 
440.905 
439.72 
437.84 
436.73 
434.945 
433.835 
432.04 
430.925 
428.775 
427.71 
425.955 
424.985 
423.28 
422.31 
420.58 
419.615 
418.48 
417.555 
415.915 
414.98 
413.475 
412.51 
410.94 
410.07 
408.175 
407.28 
405.815 
404.905 
403.45 
402.63 
401.085 
400.375 
399.27 
398.505 
397.035 
396.28 
394.825 
394.09 
392.57 
391.875 
390.035 
389.195 
387.75 
386.97 
385.525 
384.74 
383.22 
382.5 
381.47 
380.69 
379.175 
378.355 
376.915 
376.08 
374.555 
373.705 
371.825 
370.955 
369.42 
368.535 
366.99 
366.125 
364.545 
363.665 
362.53 
361.66 
360.02 
359.11 
357.515 
356.615 
354.985 
354.06 
352.02 
351.085 
349.52 
348.495 
346.95 
345.94 
344.325 
343.39 
342.27 
341.3 
339.68 
338.78 
337.205 
336.27 
334.69 
333.795 
331.925 
331.02 
329.47 
328.55 
327.08 
326.18 
324.695 
323.86 
322.8 
321.95 
320.51 
319.785 
318.385 
317.575 
316.105 
315.425 
313.615 
312.855 
311.535 
310.815 
309.535 
308.94 
307.555 
306.91 
306.105 
305.525 
304.21 
303.655 
302.405 
301.86 
300.635 
300.065 
298.45 
297.95 
296.755 
296.225 
295.065 
294.55 
293.385 
292.955 
292.22 
291.74 
290.6 
290.18 
289.01 
288.5 
287.45 
287.015 
285.46 
284.93 
283.8 
283.31 
282.205 
281.705 
280.52 
280.04 
279.36 
278.805 
277.635 
277.11 
276.01 
275.48 
274.22 
273.665 
272.085 
271.46 
270.24 
269.66 
268.355 
267.805 
266.49 
265.875 
265.05 
264.41 
263.075 
262.415 
261.18 
260.475 
259.095 
258.5 
256.755 
256.0 
254.71 
253.97 
252.735 
252.005 
250.62 
249.925 
249.065 
248.34 
247.02 
246.355 
245.055 
244.33 
243.045 
242.38 
240.695 
239.905 
238.705 
238.035 
236.78 
236.17 
234.95 
234.365 
233.58 
232.985 
231.75 
231.22 
230.06 
229.545 
228.365 
227.885 
226.3 
225.77 
224.615 
224.24 
223.18 
222.75 
221.62 
221.285 
220.67 
220.28 
219.21 
218.91 
217.945 
217.58 
216.52 
216.285 
214.895 
214.585 
213.625 
213.33 
212.495 
212.165 
211.155 
210.925 
210.465 
210.235 
209.27 
209.035 
208.185 
208.0 
206.99 
206.785 
205.44 
205.165 
204.27 
203.98 
203.125 
202.8 
201.845 
201.63 
201.115 
200.79 
199.845 
199.485 
198.545 
198.27 
197.3 
196.93 
195.535 
195.12 
194.13 
193.755 
192.65 
192.21 
191.165 
190.7 
190.14 
189.675 
188.515 
188.115 
187.04 
186.51 
185.34 
184.925 
183.395 
182.905 
181.705 
181.2 
180.025 
179.54 
178.305 
177.81 
177.075 
176.58 
175.44 
174.935 
173.765 
173.21 
172.095 
171.56 
169.99 
169.605 
168.365 
167.915 
166.77 
166.285 
165.24 
164.775 
164.12 
163.695 
162.625 
162.295 
161.205 
160.915 
159.83 
159.48 
158.01 
157.71 
156.715 
156.355 
155.47 
155.145 
154.28 
153.975 
153.475 
153.225 
152.365 
152.21 
151.335 
151.1 
150.28 
150.155 
148.86 
148.67 
147.88 
147.725 
147.0 
146.855 
145.995 
145.945 
145.635 
145.47 
144.715 
144.64 
143.94 
143.84 
143.04 
143.005 
141.845 
141.71 
140.965 
140.86 
140.165 
140.06 
139.35 
139.215 
138.85 
138.675 
137.96 
137.79 
137.02 
136.955 
136.015 
135.92 
134.71 
134.5 
133.645 
133.47 
132.56 
132.38 
131.525 
131.25 
130.83 
130.595 
129.645 
129.39 
128.53 
128.255 
127.31 
127.035 
125.7 
125.36 
124.41 
124.08 
123.205 
122.88 
121.955 
121.625 
121.115 
120.785 
119.9 
119.615 
118.67 
118.345 
117.48 
117.19 
115.79 
115.52 
114.61 
114.4 
113.51 
113.25 
112.335 
112.155 
111.74 
111.58 
110.73 
110.55 
109.75 
109.63 
108.79 
108.69 
107.53 
107.42 
106.655 
106.555 
105.895 
105.81 
105.135 
105.05 
104.82 
104.785 
104.18 
104.205 
103.61 
103.605 
102.985 
103.045 
101.99 
102.05 
101.445 
101.56 
101.005 
101.115 
100.535 
100.67 
100.54 
100.68 
100.12 
100.24 
99.74 
99.905 
99.355 
99.48 
98.48 
98.58 
98.045 
98.165 
97.655 
97.74 
97.19 
97.28 
97.16 
97.135 
96.595 
96.635 
96.105 
96.11 
95.475 
95.53 
94.4 
94.41 
93.72 
93.73 
93.045 
92.955 
92.26 
92.19 
91.865 
91.805 
91.015 
90.98 
90.23 
90.11 
89.3 
89.175 
87.935 
87.715 
87.01 
86.855 
86.06 
85.865 
85.06 
84.845 
84.52 
84.275 
83.465 
83.305 
82.51 
82.275 
81.435 
81.315 
80.105 
79.995 
79.09 
78.965 
78.16 
77.995 
77.215 
77.145 
76.735 
76.655 
75.95 
75.89 
75.125 
75.11 
74.395 
74.37 
73.215 
73.165 
72.515 
72.55 
71.915 
71.875 
71.325 
71.315 
71.135 
71.2 
70.66 
70.68 
70.19 
70.225 
69.76 
69.915 
68.885 
69.03 
68.49 
68.665 
68.195 
68.33 
67.845 
68.005 
67.955 
68.115 
67.625 
67.885 
67.4 
67.585 
67.13 
67.31 
66.37 
66.56 
66.065 
66.265 
65.82 
65.935 
65.455 
65.635 
65.58 
65.655 
65.14 
65.26 
64.775 
64.85 
64.285 
64.35 
63.335 
63.42 
62.805 
62.92 
62.235 
62.27 
61.635 
61.64 
61.44 
61.4 
60.745 
60.705 
60.025 
60.005 
59.295 
59.225 
58.04 
58.0 
57.275 
57.145 
56.505 
56.36 
55.645 
55.51 
55.24 
55.07 
54.38 
54.3 
53.58 
53.445 
52.75 
52.63 
51.46 
51.37 
50.645 
50.54 
49.91 
49.77 
49.025 
49.04 
48.775 
48.75 
48.09 
48.06 
47.45 
47.44 
46.735 
46.9 
45.785 
45.79 
45.17 
45.22 
44.685 
44.78 
44.23 
44.27 
44.19 
44.36 
43.84 
43.94 
43.485 
43.58 
43.075 
43.3 
42.415 
42.62 
42.2 
42.35 
41.955 
42.12 
41.735 
41.93 
42.025 
42.185 
41.755 
42.1 
41.71 
41.88 
41.51 
41.74 
40.935 
41.155 
40.765 
40.925 
40.575 
40.825 
40.38 
40.585 
40.67 
40.8 
40.45 
40.55 
40.18 
40.355 
39.865 
40.045 
39.11 
39.235 
38.66 
38.87 
38.355 
38.425 
37.91 
37.975 
37.895 
37.955 
37.29 
37.44 
36.825 
36.88 
36.235 
36.31 
35.23 
35.285 
34.685 
34.7 
34.07 
34.125 
33.37 
33.345 
33.24 
33.21 
32.51 
32.555 
31.92 
31.92 
31.295 
31.325 
30.24 
30.32 
29.65 
29.6 
29.13 
29.105 
28.54 
28.59 
28.48 
28.485 
27.915 
28.05 
27.615 
27.725 
27.135 
27.335 
26.345 
26.46 
25.955 
26.13 
25.715 
25.895 
25.42 
25.615 
25.645 
25.825 
25.445 
25.7 
25.35 
25.565 
25.195 
25.53 
24.645 
24.895 
24.63 
24.865 
24.535 
24.845 
24.43 
24.87 
24.945 
25.225 
24.855 
25.235 
24.96 
25.325 
24.945 
25.245 
24.49 
24.84 
24.48 
24.82 
24.4 
24.74 
24.29 
24.645 
24.75 
25.03 
24.515 
24.84 
24.435 
24.705 
24.16 
24.345 
23.685 
23.81 
23.28 
23.51 
23.025 
23.16 
22.585 
22.72 
22.6 
22.71 
22.145 
22.265 
21.745 
21.77 
21.115 
21.26 
20.215 
20.235 
19.61 
19.625 
19.04 
19.08 
18.32 
18.39 
18.23 
18.255 
17.59 
17.63 
17.015 
17.045 
16.37 
16.41 
15.365 
15.4 
14.805 
14.87 
14.26 
14.32 
13.715 
13.85 
13.68 
13.785 
13.165 
13.305 
12.74 
12.9 
12.345 
12.555 
11.615 
11.765 
11.275 
11.475 
11.03 
11.265 
10.72 
11.04 
11.005 
11.315 
10.845 
11.115 
10.73 
11.02 
10.61 
10.96 
10.245 
10.55 
10.195 
10.47 
10.195 
10.505 
10.13 
10.485 
10.59 
11.015 
10.67 
11.115 
10.775 
11.135 
10.775 
11.115 
10.48 
10.855 
10.44 
10.79 
10.52 
10.79 
10.445 
10.765 
10.8 
11.2 
10.785 
11.07 
10.7 
10.98 
10.545 
10.775 
9.99 
10.225 
9.77 
9.955 
9.54 
9.57 
9.12 
9.31 
9.25 
9.425 
8.85 
8.995 
8.43 
8.565 
7.94 
8.08 
7.14 
7.185 
6.555 
6.675 
6.07 
6.2 
5.47 
5.615 
5.52 
5.575 
4.93 
4.995 
4.44 
4.505 
3.945 
3.99 
3.12 
3.22 
2.6 
2.64 
2.17 
2.255 
1.73 
1.91 
1.75 
1.955 
1.37 
1.59 
1.125 
1.315 
0.83 
1.14 
0.255 
0.375 
-0.03 
0.245 
-0.165 
0.13 
-0.295 
-0.005 
0.09 
0.44 
0.045 
0.335 
0.135 
0.41 
0.05 
0.475 
-0.21 
0.13 
-0.195 
0.245 
-0.11 
0.375 
-0.015 
0.415 
0.62 
0.955 
0.64 
1.13 
0.765 
1.22 
0.945 
1.305 
0.635 
1.04 
0.615 
1.055 
0.765 
1.13 
0.755 
1.105 
1.17 
1.585 
1.125 
1.45 
1.06 
1.365 
0.87 
1.15 
0.335 
0.515 
0.02 
0.32 
-0.175 
-0.03 
-0.55 
-0.38 
-0.45 
-0.26 
-0.895 
-0.76 
-1.265 
-1.19 
-1.895 
-1.695 
-2.76 
-2.65 
-3.23 
-3.27 
-3.835 
-3.735 
-4.375 
-4.365 
-4.505 
-4.4 
-5.095 
-5.005 
-5.59 
-5.555 
-6.15 
-6.03 
-7.02 
-6.91 
-7.61 
-7.435 
-7.94 
-7.855 
-8.375 
-8.22 
-8.31 
-8.1 
-8.625 
-8.5 
-8.935 
-8.75 
-9.22 
-8.895 
-9.81 
-9.565 
-9.93 
-9.675 
-9.95 
-9.71 
-10.09 
-9.775 
-9.67 
-9.195 
-9.63 
-9.145 
-9.45 
-9.18 
-9.36 
-8.98 
-9.54 
-9.115 
-9.44 
-8.945 
-9.2 
-8.78 
-8.995 
-8.51 
-8.305 
-7.825 
-8.025 
-7.575 
-7.8 
-7.305 
-7.61 
-7.06 
-7.78 
-7.3 
-7.585 
-7.1 
-7.36 
-6.985 
-7.235 
-6.79 
-6.64 
-6.24 
-6.63 
-6.215 
-6.51 
-6.21 
-6.595 
-6.27 
-7.03 
-6.8 
-7.16 
-6.935 
-7.31 
-7.09 
-7.535 
-7.33 
-7.325 
-7.135 
-7.655 
-7.495 
-7.94 
-7.82 
-8.375 
-8.195 
-9.175 
-9.03 
-9.555 
-9.49 
-9.975 
-9.88 
-10.505 
-10.39 
-10.485 
-10.41 
-10.955 
-10.855 
-11.425 
-11.285 
-11.79 
-11.72 
-12.565 
-12.45 
-12.99 
-12.92 
-13.36 
-13.175 
-13.74 
-13.545 
-13.555 
-13.365 
-13.845 
-13.69 
-14.065 
-13.765 
-14.255 
-13.95 
-14.69 
-14.455 
-14.845 
-14.49 
-14.885 
-14.47 
-14.83 
-14.505 
-14.35 
-13.935 
-14.275 
-13.885 
-14.025 
-13.71 
-13.955 
-13.435 
-14.07 
-13.67 
-13.915 
-13.405 
-13.635 
-13.08 
-13.41 
-12.945 
-12.62 
-12.18 
-12.355 
-11.86 
-12.07 
-11.585 
-11.81 
-11.26 
-11.995 
-11.555 
-11.85 
-11.34 
-11.48 
-11.13 
-11.395 
-10.995 
-10.805 
-10.455 
-10.75 
-10.4 
-10.625 
-10.315 
-10.72 
-10.415 
-11.145 
-10.875 
-11.25 
-10.955 
-11.38 
-11.19 
-11.66 
-11.445 
-11.43 
-11.185 
-11.765 
-11.6 
-12.025 
-11.925 
-12.47 
-12.255 
-13.225 
-13.12 
-13.73 
-13.545 
-14.095 
-13.96 
-14.525 
-14.495 
-14.575 
-14.445 
-15.01 
-14.88 
-15.46 
-15.36 
-15.795 
-15.78 
-16.635 
-16.515 
-16.995 
-16.855 
-17.31 
-17.195 
-17.695 
-17.48 
-17.515 
-17.3 
-17.735 
-17.48 
-17.945 
-17.58 
-18.025 
-17.785 
-18.58 
-18.28 
-18.67 
-18.37 
-18.61 
-18.305 
-18.61 
-18.27 
-18.04 
-17.68 
-17.96 
-17.515 
-17.785 
-17.41 
-17.605 
-17.195 
-17.75 
-17.37 
-17.605 
-17.135 
-17.32 
-16.835 
-17.125 
-16.62 
-16.325 
-15.875 
-16.15 
-15.59 
-15.85 
-15.34 
-15.58 
-15.14 
-15.8 
-15.29 
-15.6 
-15.135 
-15.39 
-14.965 
-15.22 
-14.875 
-14.74 
-14.375 
-14.66 
-14.355 
-14.58 
-14.305 
-14.66 
-14.41 
-15.12 
-14.875 
-15.295 
-15.04 
-15.485 
-15.315 
-15.73 
-15.555 
-15.59 
-15.395 
-15.97 
-15.78 
-16.245 
-16.11 
-16.705 
-16.575 
-17.51 
-17.465 
-17.97 
-17.86 
-18.375 
-18.23 
-18.955 
-18.835 
-18.865 
-18.865 
-19.4 
-19.285 
-19.845 
-19.765 
-20.2 
-20.095 
-20.98 
-20.785 
-21.415 
-21.23 
-21.685 
-21.5 
-22.055 
-21.875 
-21.855 
-21.61 
-22.115 
-21.81 
-22.255 
-21.95 
-22.49 
-22.08 
-22.865 
-22.5 
-22.94 
-22.505 
-22.915 
-22.545 
-22.88 
-22.47 
-22.305 
-21.875 
-22.14 
-21.775 
-21.975 
-21.475 
-21.75 
-21.31 
-21.875 
-21.455 
-21.58 
-21.16 
-21.305 
-20.825 
-21.06 
-20.52 
-20.31 
-19.8 
-20.06 
-19.525 
-19.73 
-19.22 
-19.45 
-18.955 
-19.52 
-19.18 
-19.4 
-18.96 
-19.195 
-18.825 
-19.08 
-18.625 
-18.515 
-18.12 
-18.48 
-18.13 
-18.465 
-18.13 
-18.415 
-18.18 
-18.915 
-18.7 
-19.18 
-18.94 
-19.335 
-19.08 
-19.635 
-19.415 
-19.47 
-19.195 
-19.815 
-19.615 
-20.09 
-20.025 
-20.565 
-20.435 
-21.41 
-21.32 
-21.9 
-21.835 
-22.31 
-22.275 
-22.825 
-22.7 
-22.82 
-22.715 
-23.315 
-23.155 
-23.69 
-23.54 
-24.105 
-23.99 
-24.825 
-24.73 
-25.275 
-25.095 
-25.5 
-25.35 
-25.81 
-25.58 
-25.565 
-25.37 
-25.77 
-25.48 
-25.85 
-25.52 
-25.945 
-25.665 
-26.4 
-26.01 
-26.31 
-25.995 
-26.21 
-25.87 
-26.14 
-25.765 
-25.485 
-25.0 
-25.295 
-24.87 
-25.0 
-24.54 
-24.8 
-24.26 
-24.74 
-24.245 
-24.435 
-23.97 
-24.18 
-23.595 
-23.76 
-23.235 
-22.995 
-22.415 
-22.705 
-22.09 
-22.29 
-21.76 
-22.005 
-21.45 
-21.955 
-21.505 
-21.785 
-21.28 
-21.52 
-21.065 
-21.36 
-20.87 
-20.73 
-20.31 
-20.615 
-20.25 
-20.52 
-20.255 
-20.52 
-20.21 
-20.935 
-20.74 
-21.135 
-20.795 
-21.335 
-21.05 
-21.41 
-21.315 
-21.295 
-21.14 
-21.64 
-21.42 
-21.86 
-21.73 
-22.3 
-22.135 
-23.09 
-22.93 
-23.455 
-23.4 
-23.91 
-23.72 
-24.3 
-24.18 
-24.28 
-24.08 
-24.715 
-24.525 
-25.12 
-24.955 
-25.41 
-25.24 
-26.095 
-25.985 
-26.46 
-26.35 
-26.74 
-26.455 
-26.95 
-26.69 
-26.685 
-26.415 
-26.79 
-26.55 
-26.845 
-26.53 
-26.895 
-26.5 
-27.25 
-26.87 
-27.16 
-26.78 
-27.005 
-26.58 
-26.86 
-26.425 
-26.12 
-25.69 
-25.98 
-25.405 
-25.58 
-25.09 
-25.265 
-24.75 
-25.29 
-24.8 
-24.985 
-24.48 
-24.535 
-24.045 
-24.245 
-23.69 
-23.37 
-22.855 
-22.98 
-22.415 
-22.585 
-22.065 
-22.19 
-21.725 
-22.285 
-21.81 
-22.01 
-21.575 
-21.805 
-21.345 
-21.61 
-21.22 
-21.01 
-20.565 
-20.865 
-20.53 
-20.855 
-20.535 
-20.86 
-20.56 
-21.275 
-21.005 
-21.52 
-21.195 
-21.7 
-21.41 
-21.89 
-21.725 
-21.735 
-21.555 
-22.175 
-21.96 
-22.5 
-22.355 
-22.94 
-22.82 
-23.74 
-23.71 
-24.26 
-24.14 
-24.74 
-24.59 
-25.225 
-25.155 
-25.255 
-25.15 
-25.72 
-25.56 
-26.16 
-26.085 
-26.615 
-26.485 
-27.41 
-27.24 
-27.825 
-27.595 
-28.06 
-27.975 
-28.455 
-28.235 
-28.245 
-28.03 
-28.46 
-28.215 
-28.525 
-28.21 
-28.67 
-28.345 
-29.12 
-28.83 
-29.15 
-28.775 
-29.035 
-28.72 
-29.015 
-28.585 
-28.38 
-27.935 
-28.235 
-27.795 
-27.925 
-27.555 
-27.7 
-27.2 
-27.82 
-27.275 
-27.545 
-27.065 
-27.165 
-26.655 
-26.89 
-26.36 
-26.11 
-25.61 
-25.815 
-25.245 
-25.47 
-24.92 
-25.195 
-24.685 
-25.26 
-24.74 
-25.025 
-24.58 
-24.77 
-24.32 
-24.665 
-24.3 
-24.1 
-23.765 
-24.115 
-23.705 
-23.96 
-23.71 
-24.065 
-23.675 
-24.45 
-24.2 
-24.68 
-24.405 
-24.84 
-24.69 
-25.055 
-24.93 
-24.95 
-24.78 
-25.345 
-25.195 
-25.605 
-25.455 
-26.04 
-25.91 
-26.86 
-26.715 
-27.3 
-27.11 
-27.73 
-27.625 
-28.205 
-28.075 
-28.17 
-28.05 
-28.605 
-28.43 
-28.96 
-28.89 
-29.34 
-29.205 
-30.03 
-29.815 
-30.405 
-30.18 
-30.535 
-30.45 
-30.895 
-30.655 
-30.595 
-30.29 
-30.705 
-30.405 
-30.735 
-30.35 
-30.815 
-30.38 
-31.07 
-30.72 
-31.035 
-30.595 
-30.88 
-30.34 
-30.675 
-30.2 
-29.95 
-29.415 
-29.705 
-29.205 
-29.32 
-28.83 
-28.95 
-28.405 
-28.97 
-28.425 
-28.575 
-28.03 
-28.185 
-27.64 
-27.76 
-27.19 
-26.775 
-26.265 
-26.465 
-25.87 
-25.96 
-25.445 
-25.57 
-25.025 
-25.625 
-25.08 
-25.32 
-24.795 
-24.935 
-24.495 
-24.745 
-24.3 
-24.02 
-23.63 
-23.91 
-23.515 
-23.73 
-23.37 
-23.69 
-23.345 
-24.09 
-23.815 
-24.17 
-23.865 
-24.28 
-23.985 
-24.41 
-24.175 
-24.12 
-23.915 
-24.385 
-24.165 
-24.625 
-24.435 
-24.975 
-24.73 
-25.665 
-25.495 
-26.0 
-25.825 
-26.37 
-26.23 
-26.695 
-26.58 
-26.54 
-26.46 
-26.91 
-26.705 
-27.225 
-27.015 
-27.455 
-27.295 
-28.09 
-27.875 
-28.4 
-28.16 
-28.53 
-28.35 
-28.69 
-28.41 
-28.325 
-28.075 
-28.42 
-28.075 
-28.345 
-28.045 
-28.375 
-27.945 
-28.705 
-28.315 
-28.6 
-28.195 
-28.405 
-28.025 
-28.21 
-27.85 
-27.52 
-27.09 
-27.335 
-26.77 
-26.965 
-26.5 
-26.71 
-26.125 
-26.54 
-26.1 
-26.195 
-25.745 
-25.885 
-25.295 
-25.61 
-25.04 
-24.735 
-24.265 
-24.475 
-23.86 
-24.075 
-23.57 
-23.75 
-23.275 
-23.915 
-23.34 
-23.67 
-23.17 
-23.44 
-23.02 
-23.33 
-22.895 
-22.695 
-22.355 
-22.75 
-22.45 
-22.715 
-22.375 
-22.84 
-22.52 
-23.29 
-23.06 
-23.465 
-23.185 
-23.69 
-23.47 
-24.02 
-23.83 
-23.885 
-23.625 
-24.25 
-24.035 
-24.545 
-24.47 
-25.02 
-24.835 
-25.81 
-25.68 
-26.29 
-26.185 
-26.805 
-26.61 
-27.23 
-27.145 
-27.205 
-27.105 
-27.655 
-27.51 
-28.03 
-27.92 
-28.425 
-28.22 
-29.085 
-28.955 
-29.485 
-29.33 
-29.77 
-29.54 
-30.035 
-29.805 
-29.75 
-29.485 
-29.905 
-29.645 
-30.0 
-29.63 
-30.02 
-29.665 
-30.395 
-30.05 
-30.38 
-29.96 
-30.265 
-29.885 
-30.145 
-29.69 
-29.495 
-28.96 
-29.295 
-28.775 
-28.98 
-28.49 
-28.69 
-28.22 
-28.75 
-28.3 
-28.425 
-27.955 
-28.005 
-27.52 
-27.695 
-27.255 
-26.96 
-26.38 
-26.53 
-26.03 
-26.225 
-25.71 
-25.875 
-25.39 
-25.985 
-25.495 
-25.73 
-25.285 
-25.535 
-25.055 
-25.37 
-24.94 
-24.75 
-24.35 
-24.655 
-24.28 
-24.54 
-24.24 
-24.605 
-24.295 
-24.92 
-24.695 
-25.065 
-24.82 
-25.25 
-25.04 
-25.54 
-25.23 
-25.27 
-25.035 
-25.565 
-25.37 
-25.8 
-25.625 
-26.195 
-25.98 
-26.92 
-26.745 
-27.265 
-27.105 
-27.62 
-27.425 
-28.015 
-27.835 
-27.91 
-27.68 
-28.31 
-28.075 
-28.51 
-28.375 
-28.845 
-28.67 
-29.475 
-29.27 
-29.75 
-29.49 
-29.89 
-29.63 
-30.095 
-29.795 
-29.725 
-29.435 
-29.81 
-29.5 
-29.805 
-29.45 
-29.805 
-29.4 
-30.06 
-29.71 
-30.005 
-29.59 
-29.825 
-29.34 
-29.655 
-29.27 
-28.935 
-28.485 
-28.675 
-28.21 
-28.385 
-27.865 
-28.01 
-27.535 
-28.125 
-27.54 
-27.725 
-27.285 
-27.375 
-26.85 
-27.01 
-26.51 
-26.225 
-25.71 
-25.905 
-25.36 
-25.605 
-25.05 
-25.31 
-24.75 
-25.36 
-24.925 
-25.22 
-24.785 
-24.985 
-24.535 
-24.865 
-24.35 
-24.285 
-23.845 
-24.27 
-23.91 
-24.17 
-23.855 
-24.26 
-23.93 
-24.695 
-24.435 
-24.88 
-24.615 
-24.995 
-24.745 
-25.26 
-25.025 
-25.07 
-24.895 
-25.37 
-25.25 
-25.655 
-25.54 
-26.125 
-25.89 
-26.83 
-26.725 
-27.235 
-27.085 
-27.585 
-27.38 
-27.995 
-27.835 
-27.89 
-27.69 
-28.205 
-27.965 
-28.505 
-28.27 
-28.785 
-28.56 
-29.29 
-29.1 
-29.63 
-29.375 
-29.75 
-29.465 
-29.88 
-29.565 
-29.48 
-29.15 
-29.515 
-29.185 
-29.42 
-29.015 
-29.43 
-28.97 
-29.685 
-29.255 
-29.515 
-29.025 
-29.28 
-28.84 
-29.11 
-28.58 
-28.32 
-27.775 
-27.99 
-27.465 
-27.65 
-27.09 
-27.225 
-26.685 
-27.145 
-26.64 
-26.825 
-26.21 
-26.37 
-25.81 
-25.985 
-25.35 
-25.08 
-24.525 
-24.675 
-24.055 
-24.19 
-23.695 
-23.9 
-23.36 
-23.975 
-23.465 
-23.7 
-23.27 
-23.47 
-23.025 
-23.24 
-22.84 
-22.655 
-22.265 
-22.57 
-22.125 
-22.48 
-22.11 
-22.48 
-22.175 
-22.94 
-22.67 
-23.125 
-22.825 
-23.24 
-23.025 
-23.5 
-23.33 
-23.23 
-23.075 
-23.58 
-23.4 
-23.86 
-23.745 
-24.305 
-24.14 
-25.07 
-24.915 
-25.455 
-25.32 
-25.85 
-25.655 
-26.3 
-26.11 
-26.185 
-26.0 
-26.61 
-26.345 
-26.915 
-26.705 
-27.185 
-27.0 
-27.875 
-27.655 
-28.165 
-27.94 
-28.335 
-28.12 
-28.53 
-28.255 
-28.22 
-27.92 
-28.295 
-27.995 
-28.325 
-27.99 
-28.34 
-27.955 
-28.695 
-28.37 
-28.635 
-28.22 
-28.48 
-28.045 
-28.275 
-27.84 
-27.635 
-27.18 
-27.445 
-26.885 
-27.105 
-26.615 
-26.82 
-26.3 
-26.85 
-26.335 
-26.55 
-26.025 
-26.155 
-25.72 
-25.9 
-25.37 
-25.135 
-24.68 
-24.91 
-24.38 
-24.515 
-24.065 
-24.35 
-23.885 
-24.465 
-24.0 
-24.26 
-23.865 
-24.11 
-23.725 
-24.04 
-23.675 
-23.565 
-23.21 
-23.56 
-23.285 
-23.63 
-23.32 
-23.645 
-23.455 
-24.215 
-23.985 
-24.475 
-24.23 
-24.75 
-24.52 
-25.015 
-24.885 
-24.93 
-24.785 
-25.335 
-25.18 
-25.69 
-25.55 
-26.17 
-25.965 
-26.98 
-26.945 
-27.46 
-27.35 
-27.95 
-27.77 
-28.325 
-28.225 
-28.325 
-28.16 
-28.77 
-28.61 
-29.125 
-28.91 
-29.415 
-29.22 
-30.15 
-29.955 
-30.505 
-30.23 
-30.7 
-30.48 
-30.935 
-30.59 
-30.605 
-30.3 
-30.7 
-30.35 
-30.695 
-30.39 
-30.705 
-30.29 
-31.025 
-30.61 
-30.94 
-30.505 
-30.705 
-30.295 
-30.52 
-30.115 
-29.895 
-29.355 
-29.585 
-29.055 
-29.245 
-28.71 
-28.865 
-28.365 
-28.91 
-28.425 
-28.55 
-28.05 
-28.155 
-27.625 
-27.8 
-27.25 
-26.92 
-26.41 
-26.57 
-26.06 
-26.205 
-25.655 
-25.84 
-25.345 
-25.96 
-25.47 
-25.735 
-25.32 
-25.48 
-25.075 
-25.28 
-24.845 
-24.74 
-24.345 
-24.58 
-24.31 
-24.57 
-24.23 
-24.645 
-24.285 
-24.935 
-24.75 
-25.175 
-24.855 
-25.285 
-25.0 
-25.515 
-25.27 
-25.315 
-25.105 
-25.595 
-25.38 
-25.925 
-25.71 
-26.275 
-26.07 
-26.915 
