Run 0 on 20200811 on sample T20-5d, LT thermometer,  dT/T0 = 0.02
Time per point = 3.125e-05 seconds
-62.855 
-63.235 
-62.78 
-63.1 
-62.745 
-63.015 
-62.605 
-63.31 
-62.9 
-63.295 
-62.88 
-63.265 
-62.875 
-63.245 
-62.8 
-62.75 
-62.405 
-62.77 
-62.455 
-62.86 
-62.43 
-62.87 
-62.55 
-63.38 
-63.065 
-63.525 
-63.24 
-63.6 
-63.34 
-63.805 
-63.44 
-63.535 
-63.25 
-63.695 
-63.415 
-63.785 
-63.58 
-64.025 
-63.775 
-64.48 
-64.295 
-64.795 
-64.5 
-64.975 
-64.74 
-65.22 
-64.965 
-64.91 
-64.65 
-65.12 
-64.855 
-65.25 
-64.945 
-65.41 
-65.06 
-65.875 
-65.575 
-66.025 
-65.69 
-66.02 
-65.725 
-66.175 
-65.82 
-65.73 
-65.37 
-65.74 
-65.3 
-65.675 
-65.27 
-65.61 
-65.2 
-65.865 
-65.555 
-65.87 
-65.415 
-65.745 
-65.325 
-65.69 
-65.22 
-65.065 
-64.605 
-64.95 
-64.48 
-64.75 
-64.37 
-64.67 
-64.24 
-64.875 
-64.47 
-64.77 
-64.33 
-64.625 
-64.17 
-64.46 
-64.085 
-63.835 
-63.405 
-63.805 
-63.305 
-63.555 
-63.225 
-63.485 
-62.995 
-63.8 
-63.3 
-63.78 
-63.345 
-63.675 
-63.225 
-63.66 
-63.235 
-63.085 
-62.755 
-63.145 
-62.75 
-63.17 
-62.745 
-63.145 
-62.805 
-63.585 
-63.225 
-63.75 
-63.375 
-63.695 
-63.465 
-63.86 
-63.61 
-63.555 
-63.235 
-63.645 
-63.41 
-63.735 
-63.485 
-63.945 
-63.605 
-64.42 
-64.22 
-64.65 
-64.325 
-64.78 
-64.455 
-64.825 
-64.565 
-64.46 
-64.235 
-64.635 
-64.27 
-64.68 
-64.345 
-64.685 
-64.31 
-65.165 
-64.81 
-65.15 
-64.865 
-65.105 
-64.785 
-65.155 
-64.715 
-64.62 
-64.23 
-64.53 
-64.06 
-64.34 
-63.995 
-64.27 
-63.82 
-64.425 
-63.995 
-64.32 
-63.805 
-64.035 
-63.64 
-63.895 
-63.455 
-63.295 
-62.78 
-63.13 
-62.615 
-62.815 
-62.42 
-62.705 
-62.17 
-62.77 
-62.385 
-62.65 
-62.205 
-62.455 
-62.015 
-62.27 
-61.845 
-61.635 
-61.17 
-61.51 
-61.035 
-61.25 
-60.885 
-61.145 
-60.695 
-61.365 
-61.02 
-61.34 
-60.93 
-61.175 
-60.865 
-61.16 
-60.79 
-60.715 
-60.345 
-60.705 
-60.28 
-60.655 
-60.325 
-60.735 
-60.36 
-61.2 
-60.85 
-61.38 
-61.03 
-61.435 
-61.145 
-61.535 
-61.265 
-61.28 
-61.065 
-61.495 
-61.17 
-61.55 
-61.325 
-61.785 
-61.53 
-62.39 
-62.15 
-62.575 
-62.325 
-62.765 
-62.515 
-62.89 
-62.765 
-62.765 
-62.44 
-62.95 
-62.63 
-63.04 
-62.72 
-63.15 
-62.875 
-63.7 
-63.385 
-63.83 
-63.52 
-63.85 
-63.545 
-63.96 
-63.56 
-63.56 
-63.18 
-63.575 
-63.17 
-63.505 
-63.175 
-63.465 
-63.095 
-63.815 
-63.45 
-63.8 
-63.39 
-63.635 
-63.29 
-63.62 
-63.195 
-63.105 
-62.66 
-63.015 
-62.55 
-62.78 
-62.485 
-62.785 
-62.33 
-63.04 
-62.67 
-62.965 
-62.525 
-62.89 
-62.435 
-62.745 
-62.33 
-62.165 
-61.77 
-62.105 
-61.64 
-61.93 
-61.6 
-61.82 
-61.475 
-62.205 
-61.745 
-62.1 
-61.79 
-62.08 
-61.705 
-62.1 
-61.71 
-61.605 
-61.295 
-61.7 
-61.305 
-61.63 
-61.29 
-61.645 
-61.365 
-62.145 
-61.84 
-62.2 
-61.855 
-62.225 
-62.015 
-62.345 
-62.025 
-61.98 
-61.745 
-62.11 
-61.855 
-62.21 
-61.855 
-62.28 
-62.0 
-62.805 
-62.43 
-62.87 
-62.55 
-62.925 
-62.66 
-63.01 
-62.725 
-62.595 
-62.29 
-62.695 
-62.325 
-62.64 
-62.285 
-62.625 
-62.29 
-63.075 
-62.685 
-62.96 
-62.59 
-62.915 
-62.465 
-62.86 
-62.43 
-62.27 
-61.875 
-62.17 
-61.735 
-61.98 
-61.595 
-61.82 
-61.36 
-62.03 
-61.665 
-61.91 
-61.45 
-61.715 
-61.285 
-61.55 
-61.12 
-60.87 
-60.45 
-60.715 
-60.26 
-60.455 
-60.04 
-60.365 
-59.845 
-60.515 
-60.135 
-60.44 
-59.96 
-60.21 
-59.81 
-60.155 
-59.665 
-59.495 
-59.1 
-59.44 
-58.99 
-59.28 
-58.935 
-59.21 
-58.82 
-59.57 
-59.185 
-59.58 
-59.225 
-59.575 
-59.22 
-59.635 
-59.24 
-59.15 
-58.865 
-59.305 
-58.92 
-59.345 
-58.99 
-59.385 
-59.125 
-59.98 
-59.745 
-60.13 
-59.875 
-60.32 
-60.01 
-60.445 
-60.16 
-60.25 
-59.92 
-60.465 
-60.16 
-60.54 
-60.325 
-60.83 
-60.5 
-61.29 
-61.055 
-61.45 
-61.205 
-61.625 
-61.37 
-61.78 
-61.54 
-61.465 
-61.195 
-61.61 
-61.265 
-61.71 
-61.295 
-61.73 
-61.35 
-62.145 
-61.75 
-62.125 
-61.75 
-62.04 
-61.645 
-62.015 
-61.6 
-61.415 
-60.975 
-61.245 
-60.92 
-61.1 
-60.64 
-60.975 
-60.455 
-61.045 
-60.59 
-60.835 
-60.325 
-60.465 
-60.03 
-60.22 
-59.67 
-59.395 
-58.835 
-59.06 
-58.5 
-58.595 
-58.0 
-58.25 
-57.62 
-58.17 
-57.605 
-57.685 
-57.125 
-57.24 
-56.615 
-56.77 
-56.175 
-55.8 
-55.18 
-55.305 
-54.645 
-54.785 
-54.15 
-54.235 
-53.66 
-54.075 
-53.41 
-53.525 
-52.945 
-52.975 
-52.34 
-52.505 
-51.745 
-51.4 
-50.785 
-50.915 
-50.225 
-50.345 
-49.665 
-49.855 
-49.205 
-49.595 
-49.025 
-49.095 
-48.405 
-48.48 
-47.82 
-47.88 
-47.3 
-46.84 
-46.205 
-46.29 
-45.62 
-45.595 
-44.97 
-44.95 
-44.28 
-44.705 
-43.98 
-43.955 
-43.275 
-43.315 
-42.505 
-42.525 
-41.83 
-41.305 
-40.565 
-40.505 
-39.72 
-39.69 
-38.825 
-38.765 
-37.985 
-38.28 
-37.44 
-37.35 
-36.565 
-36.43 
-35.53 
-35.44 
-34.6 
-34.04 
-33.1 
-33.005 
-32.1 
-31.88 
-31.01 
-30.835 
-30.025 
-30.165 
-29.285 
-29.21 
-28.235 
-28.115 
-27.25 
-27.095 
-26.175 
-25.6 
-24.69 
-24.56 
-23.67 
-23.45 
-22.645 
-22.48 
-21.645 
-21.905 
-21.03 
-20.94 
-20.07 
-19.95 
-19.105 
-19.04 
-18.205 
-17.64 
-16.815 
-16.79 
-16.035 
-15.87 
-15.135 
-15.01 
-14.345 
-14.72 
-13.905 
-13.925 
-13.24 
-13.195 
-12.495 
-12.57 
-11.84 
-11.47 
-10.855 
-10.85 
-10.175 
-10.22 
-9.665 
-9.745 
-9.18 
-9.62 
-9.065 
-9.17 
-8.625 
-8.705 
-8.145 
-8.25 
-7.71 
-7.385 
-6.88 
-6.975 
-6.435 
-6.51 
-5.985 
-6.2 
-5.575 
-6.185 
-5.655 
-5.79 
-5.215 
-5.405 
-4.83 
-4.975 
-4.415 
-4.045 
-3.49 
-3.635 
-3.035 
-3.095 
-2.495 
-2.61 
-2.02 
-2.47 
-1.85 
-1.955 
-1.265 
-1.31 
-0.66 
-0.74 
-0.1 
0.355 
0.975 
1.0 
1.665 
1.645 
2.305 
2.395 
3.005 
2.645 
3.27 
3.255 
3.985 
4.05 
4.715 
4.735 
5.38 
5.84 
6.54 
6.555 
7.255 
7.27 
8.055 
7.965 
8.67 
8.23 
8.965 
8.97 
9.615 
9.585 
10.275 
10.305 
10.965 
11.4 
12.04 
12.065 
12.725 
12.67 
13.375 
13.275 
13.91 
13.47 
14.13 
14.025 
14.6 
14.505 
15.17 
15.025 
15.67 
15.97 
16.555 
16.4 
16.995 
16.805 
17.425 
17.245 
17.835 
17.235 
17.815 
17.575 
18.06 
17.98 
18.445 
18.285 
18.825 
19.075 
19.555 
19.385 
19.93 
19.815 
20.29 
20.135 
20.71 
20.1 
20.6 
20.485 
21.01 
20.79 
21.38 
21.245 
21.77 
22.095 
22.7 
22.53 
23.16 
23.02 
23.63 
23.545 
24.145 
23.62 
24.285 
24.175 
24.78 
24.77 
25.425 
25.26 
25.92 
26.425 
26.96 
26.97 
27.61 
27.55 
28.235 
28.2 
28.9 
28.505 
29.14 
28.985 
29.66 
29.675 
30.32 
30.25 
30.89 
31.34 
31.985 
31.945 
32.6 
32.635 
33.28 
33.18 
33.86 
33.3 
33.96 
33.97 
34.53 
34.445 
35.085 
35.015 
35.58 
36.0 
36.525 
36.415 
36.99 
36.94 
37.41 
37.405 
37.865 
37.275 
37.86 
37.685 
38.24 
38.09 
38.53 
38.41 
38.87 
39.145 
39.575 
39.39 
39.88 
39.595 
40.145 
39.885 
40.375 
39.675 
40.105 
39.825 
40.265 
40.065 
40.405 
40.195 
40.635 
40.79 
41.26 
40.91 
41.375 
41.19 
41.62 
41.315 
41.795 
41.125 
41.575 
41.31 
41.765 
41.545 
42.01 
41.775 
42.255 
42.54 
42.98 
42.74 
43.295 
43.14 
43.69 
43.495 
44.08 
43.47 
44.005 
43.85 
44.38 
44.22 
44.79 
44.64 
45.28 
45.645 
46.145 
46.095 
46.7 
46.585 
47.13 
47.065 
47.62 
47.12 
47.665 
47.52 
48.17 
48.095 
48.63 
48.56 
49.14 
49.445 
50.03 
49.94 
50.53 
50.455 
51.0 
50.86 
51.475 
50.92 
51.435 
51.34 
51.845 
51.7 
52.275 
52.095 
52.62 
52.905 
53.38 
53.24 
53.855 
53.59 
54.085 
53.905 
54.375 
53.765 
54.25 
54.01 
54.415 
54.245 
54.665 
54.405 
54.81 
55.1 
55.45 
55.185 
55.585 
55.37 
55.77 
55.455 
55.955 
55.22 
55.575 
55.215 
55.58 
55.355 
55.65 
55.485 
55.82 
55.9 
56.28 
56.01 
56.41 
56.18 
56.57 
56.26 
56.665 
55.895 
56.255 
56.035 
56.485 
56.245 
56.63 
56.35 
56.835 
57.04 
57.505 
57.28 
57.695 
57.495 
57.99 
57.8 
58.31 
57.66 
58.155 
58.015 
58.52 
58.355 
58.855 
58.695 
59.245 
59.54 
60.12 
59.83 
60.505 
60.28 
60.8 
60.66 
61.195 
60.755 
61.29 
61.06 
61.605 
61.485 
62.01 
61.845 
62.38 
62.635 
63.125 
62.99 
63.525 
63.415 
63.94 
63.69 
64.245 
63.68 
64.165 
63.995 
64.485 
64.22 
64.755 
64.535 
65.02 
65.29 
65.8 
65.55 
65.975 
65.815 
66.24 
65.99 
66.455 
65.885 
66.25 
66.02 
66.385 
66.11 
66.55 
66.25 
66.72 
66.86 
67.19 
66.93 
67.31 
67.04 
67.42 
67.07 
67.435 
66.695 
67.095 
66.735 
67.095 
66.78 
67.14 
66.83 
67.19 
67.315 
67.67 
67.35 
67.72 
67.475 
67.855 
67.52 
67.915 
67.195 
67.585 
67.3 
67.705 
67.44 
67.855 
67.575 
68.005 
68.195 
68.7 
68.38 
68.84 
68.7 
69.16 
68.97 
69.435 
68.8 
69.245 
69.065 
69.495 
69.4 
69.85 
69.705 
70.205 
70.525 
70.955 
70.815 
71.31 
71.19 
71.715 
71.575 
72.05 
71.47 
71.97 
71.755 
72.275 
72.14 
72.625 
72.445 
72.97 
73.215 
73.705 
73.53 
74.015 
73.84 
74.315 
74.075 
74.605 
73.93 
74.4 
74.195 
74.65 
74.43 
74.84 
74.59 
75.02 
75.24 
75.625 
75.365 
75.895 
75.555 
75.965 
75.75 
76.11 
75.3 
75.81 
75.425 
75.81 
75.505 
75.93 
75.49 
75.915 
76.0 
76.34 
75.985 
76.34 
75.995 
76.295 
75.94 
76.27 
75.49 
75.85 
75.435 
75.77 
75.435 
75.735 
75.425 
75.64 
75.785 
76.1 
75.755 
76.035 
75.76 
76.08 
75.785 
76.05 
75.38 
75.655 
75.4 
75.725 
75.41 
75.75 
75.53 
75.915 
76.09 
76.485 
76.21 
76.585 
76.4 
76.815 
76.61 
77.02 
76.335 
76.745 
76.5 
76.995 
76.805 
77.245 
76.99 
77.505 
77.775 
78.17 
78.06 
78.47 
78.275 
78.825 
78.54 
79.08 
78.415 
78.95 
78.61 
79.09 
78.94 
79.38 
79.165 
79.725 
79.895 
80.36 
80.15 
80.605 
80.44 
80.845 
80.62 
81.07 
80.49 
80.86 
80.64 
81.02 
80.83 
81.255 
81.025 
81.44 
81.71 
82.01 
81.77 
82.28 
82.02 
82.31 
82.075 
82.415 
81.735 
82.145 
81.825 
82.14 
81.905 
82.205 
81.9 
82.2 
82.35 
82.665 
82.375 
82.735 
82.325 
82.715 
82.3 
82.685 
81.84 
82.175 
81.82 
82.13 
81.84 
82.08 
81.68 
82.01 
82.085 
82.405 
82.03 
82.32 
82.02 
82.34 
81.99 
82.375 
81.52 
81.865 
81.515 
81.935 
81.595 
81.95 
81.64 
82.005 
82.15 
82.555 
82.245 
82.685 
82.425 
82.755 
82.535 
82.95 
82.235 
82.685 
82.455 
82.865 
82.695 
83.125 
82.83 
83.235 
83.495 
83.985 
83.76 
84.205 
84.055 
84.47 
84.24 
84.705 
84.11 
84.505 
84.28 
84.725 
84.48 
84.97 
84.76 
85.2 
85.42 
85.88 
85.595 
86.08 
85.92 
86.295 
86.06 
86.525 
85.845 
86.215 
86.045 
86.43 
86.215 
86.635 
86.36 
86.73 
86.94 
87.345 
87.02 
87.495 
87.185 
87.605 
87.265 
87.68 
86.885 
87.285 
86.905 
87.28 
86.95 
87.275 
86.93 
87.29 
87.355 
87.715 
87.355 
87.685 
87.38 
87.65 
87.3 
87.64 
86.77 
87.03 
86.62 
86.98 
86.625 
86.85 
86.48 
86.8 
86.84 
87.08 
86.68 
86.97 
86.75 
86.955 
86.59 
86.865 
86.085 
86.325 
86.1 
86.37 
85.965 
86.32 
85.99 
86.285 
86.465 
86.78 
86.49 
86.865 
86.565 
86.915 
86.71 
87.045 
86.33 
86.695 
86.395 
86.835 
86.65 
87.04 
86.73 
87.17 
87.4 
87.755 
87.47 
87.975 
87.67 
88.175 
87.88 
88.39 
87.695 
88.135 
87.82 
88.32 
88.095 
88.555 
88.345 
88.74 
88.985 
89.325 
89.135 
89.58 
89.4 
89.78 
89.555 
90.03 
89.295 
89.715 
89.505 
89.915 
89.72 
90.075 
89.81 
90.225 
90.46 
90.805 
90.52 
90.975 
90.72 
91.08 
90.81 
91.21 
90.4 
90.8 
90.49 
90.84 
90.555 
90.86 
90.55 
90.86 
91.035 
91.29 
90.955 
91.28 
90.935 
91.255 
90.845 
91.2 
90.395 
90.645 
90.29 
90.51 
90.155 
90.45 
90.135 
90.385 
90.455 
90.73 
90.39 
90.65 
90.28 
90.54 
90.155 
90.525 
89.705 
89.94 
89.625 
89.935 
89.58 
89.95 
89.67 
89.98 
90.1 
90.41 
90.08 
90.52 
90.27 
90.6 
90.275 
90.695 
89.925 
90.275 
90.065 
90.475 
90.2 
90.6 
90.315 
90.72 
90.93 
91.27 
91.08 
91.515 
91.25 
91.685 
91.45 
91.88 
91.155 
91.515 
91.245 
91.695 
91.485 
91.845 
91.6 
92.035 
92.21 
92.65 
92.33 
92.83 
92.565 
92.955 
92.68 
93.105 
92.39 
92.785 
92.51 
92.94 
92.685 
93.045 
92.685 
93.12 
93.335 
93.705 
93.395 
93.78 
93.485 
93.88 
93.51 
93.875 
93.245 
93.605 
93.295 
93.65 
93.23 
93.605 
93.28 
93.565 
93.665 
93.97 
93.56 
93.945 
93.51 
93.86 
93.465 
93.77 
93.04 
93.265 
92.81 
93.175 
92.785 
93.03 
92.695 
92.975 
93.03 
93.31 
92.905 
93.21 
92.85 
93.18 
92.74 
93.1 
92.32 
92.64 
92.32 
92.62 
92.29 
92.665 
92.3 
92.675 
92.83 
93.155 
92.745 
93.15 
92.92 
93.315 
92.88 
93.41 
92.66 
93.03 
92.735 
93.15 
92.835 
93.3 
92.97 
93.405 
93.615 
94.04 
93.715 
94.17 
93.895 
94.365 
93.995 
94.465 
93.895 
94.3 
93.93 
94.41 
94.175 
94.57 
94.375 
94.73 
94.895 
95.35 
94.97 
95.45 
95.185 
95.64 
95.295 
95.765 
95.015 
95.48 
95.13 
95.57 
95.245 
95.58 
95.325 
95.705 
95.9 
96.23 
95.855 
96.23 
95.915 
96.3 
95.935 
96.355 
95.6 
95.91 
95.555 
95.86 
95.51 
95.785 
95.37 
95.69 
95.79 
96.075 
95.665 
95.965 
95.515 
95.83 
95.365 
95.71 
94.92 
95.2 
94.675 
95.015 
94.475 
94.84 
94.325 
94.6 
94.58 
94.925 
94.345 
94.71 
94.285 
94.61 
94.135 
94.495 
93.78 
94.035 
93.64 
94.0 
93.615 
93.9 
93.565 
93.9 
93.98 
94.33 
93.925 
94.32 
93.98 
94.39 
94.055 
94.43 
93.67 
94.055 
93.79 
94.155 
93.885 
94.265 
93.96 
94.35 
94.6 
94.92 
94.695 
95.09 
94.835 
95.22 
95.02 
95.415 
94.765 
95.18 
94.885 
95.315 
94.975 
95.49 
95.145 
95.61 
95.76 
96.215 
95.875 
96.355 
96.07 
96.485 
96.09 
96.535 
95.915 
96.325 
96.025 
96.385 
96.06 
96.525 
96.135 
96.55 
96.765 
97.165 
96.755 
97.14 
96.835 
97.17 
96.855 
97.23 
96.525 
96.82 
96.455 
96.84 
96.555 
96.78 
96.35 
96.73 
96.805 
97.045 
96.68 
97.015 
96.575 
96.925 
96.47 
96.8 
95.94 
96.215 
95.775 
96.105 
95.66 
95.94 
95.475 
95.8 
95.79 
96.12 
95.61 
95.945 
95.595 
95.895 
95.45 
95.82 
95.055 
95.355 
94.99 
95.27 
94.875 
95.315 
94.86 
95.22 
95.325 
95.745 
95.305 
95.745 
95.38 
95.875 
95.44 
95.885 
95.22 
95.53 
95.195 
95.615 
95.39 
95.84 
95.51 
95.91 
96.085 
96.52 
96.2 
96.65 
96.42 
96.83 
96.545 
96.975 
96.455 
96.865 
96.565 
96.955 
96.655 
97.115 
96.755 
97.24 
97.355 
97.85 
97.5 
97.945 
97.61 
98.11 
97.725 
98.125 
97.485 
97.935 
97.505 
97.92 
97.695 
98.035 
97.74 
98.1 
98.235 
98.63 
98.27 
98.64 
98.3 
98.63 
98.345 
98.62 
97.88 
98.28 
97.845 
98.22 
97.895 
98.19 
97.735 
98.035 
98.085 
98.465 
98.035 
98.315 
97.95 
98.21 
97.745 
98.045 
97.225 
97.49 
97.05 
97.345 
96.9 
97.145 
96.72 
96.99 
97.025 
97.335 
96.895 
97.16 
96.87 
97.095 
96.725 
97.045 
96.25 
96.535 
96.085 
96.46 
96.05 
96.43 
96.015 
96.345 
96.46 
96.92 
96.43 
96.9 
96.515 
96.895 
96.58 
96.96 
96.22 
96.695 
96.32 
96.8 
96.495 
96.885 
96.54 
97.0 
97.185 
97.57 
97.3 
97.695 
97.465 
97.86 
97.62 
97.955 
97.345 
97.73 
97.38 
97.805 
97.565 
97.975 
97.715 
98.145 
98.235 
98.695 
98.38 
98.82 
98.515 
98.915 
98.66 
99.05 
98.3 
98.67 
98.355 
98.815 
98.495 
98.86 
98.53 
98.88 
99.02 
99.41 
99.085 
99.365 
99.09 
99.48 
99.165 
99.475 
98.75 
99.08 
98.65 
98.985 
98.71 
98.93 
98.485 
98.87 
98.845 
99.15 
98.765 
99.04 
98.67 
99.015 
98.555 
98.79 
97.985 
98.33 
97.8 
98.08 
97.685 
98.005 
97.565 
97.81 
97.835 
98.155 
97.67 
97.98 
97.675 
97.86 
97.555 
97.825 
97.04 
97.37 
96.95 
97.28 
96.98 
97.305 
96.92 
97.255 
97.41 
97.715 
97.305 
97.76 
97.5 
97.81 
97.485 
97.89 
97.12 
97.58 
97.22 
97.63 
97.37 
97.755 
97.465 
97.86 
98.04 
98.355 
98.12 
98.53 
98.265 
98.625 
98.33 
98.715 
98.015 
98.395 
98.06 
98.415 
98.135 
98.51 
98.19 
98.6 
98.72 
99.035 
98.725 
99.165 
98.815 
99.185 
98.845 
99.215 
98.45 
98.815 
98.435 
98.75 
98.44 
98.8 
98.425 
98.755 
98.845 
99.185 
98.775 
99.11 
98.77 
99.07 
98.7 
99.0 
98.125 
98.41 
98.015 
98.27 
97.965 
98.13 
97.755 
98.08 
98.075 
98.27 
97.915 
98.13 
97.74 
98.04 
97.58 
97.835 
97.015 
97.21 
96.74 
97.02 
96.58 
96.845 
96.415 
96.715 
96.735 
97.07 
96.625 
96.86 
96.515 
96.845 
96.455 
96.82 
96.115 
96.395 
96.095 
96.42 
96.04 
96.44 
96.06 
96.455 
96.635 
97.07 
96.59 
97.05 
96.76 
97.28 
96.84 
97.295 
96.675 
97.095 
96.8 
97.225 
96.97 
97.51 
97.085 
97.635 
97.775 
98.345 
98.01 
98.455 
98.24 
98.67 
98.375 
98.88 
98.24 
98.73 
98.425 
98.845 
98.61 
99.06 
98.785 
99.195 
99.41 
99.855 
99.49 
99.95 
99.7 
100.055 
99.75 
100.22 
99.485 
99.915 
99.59 
99.965 
99.69 
100.07 
99.67 
99.975 
100.12 
100.585 
100.125 
100.47 
100.155 
100.56 
100.13 
100.46 
99.7 
100.065 
99.515 
99.855 
99.535 
99.82 
99.285 
99.6 
99.645 
99.86 
99.395 
99.675 
99.215 
99.52 
99.09 
99.335 
98.455 
98.715 
98.22 
98.565 
98.005 
98.31 
97.89 
98.1 
98.095 
98.405 
97.935 
98.12 
97.8 
98.09 
97.65 
97.935 
97.185 
97.54 
97.12 
97.43 
97.12 
97.435 
97.03 
97.36 
97.475 
97.905 
97.53 
97.905 
97.565 
98.025 
97.695 
98.095 
97.355 
97.785 
97.46 
97.82 
97.645 
97.985 
97.7 
98.175 
98.29 
98.72 
98.455 
98.895 
98.605 
99.08 
98.775 
99.195 
98.605 
99.08 
98.68 
99.11 
98.815 
99.275 
98.94 
99.355 
99.465 
99.87 
99.495 
99.97 
99.595 
100.095 
99.67 
100.08 
99.395 
99.73 
99.365 
99.68 
99.41 
99.745 
99.31 
99.635 
99.725 
100.095 
99.63 
100.04 
99.655 
99.935 
99.535 
99.825 
99.0 
99.355 
98.895 
99.14 
98.775 
99.05 
98.48 
98.765 
98.715 
98.98 
98.535 
98.755 
98.31 
98.585 
98.065 
98.365 
97.42 
97.63 
97.15 
97.415 
96.95 
97.17 
96.67 
96.945 
96.9 
97.14 
96.745 
96.97 
96.565 
96.91 
96.425 
96.715 
95.875 
96.23 
95.795 
96.15 
95.705 
96.095 
95.685 
96.075 
96.255 
96.63 
96.145 
96.605 
96.33 
96.77 
96.48 
96.86 
96.18 
96.595 
96.3 
96.7 
96.495 
96.97 
96.615 
97.115 
97.3 
97.74 
97.52 
97.94 
97.73 
98.175 
97.915 
98.385 
97.725 
98.16 
97.88 
98.295 
98.09 
98.53 
98.225 
98.675 
98.8 
99.25 
98.97 
99.39 
99.135 
99.53 
99.225 
99.68 
98.845 
99.265 
99.02 
99.335 
99.025 
99.375 
99.085 
99.41 
99.485 
99.815 
99.52 
99.765 
99.46 
99.725 
99.38 
99.615 
98.97 
99.24 
98.69 
99.0 
98.555 
98.865 
98.36 
98.61 
98.59 
98.845 
98.33 
98.565 
98.155 
98.365 
97.855 
98.11 
97.27 
97.5 
96.95 
97.2 
96.705 
96.935 
96.525 
96.75 
96.72 
96.995 
96.505 
96.77 
96.42 
96.645 
96.205 
96.495 
95.725 
95.98 
95.62 
95.93 
95.57 
95.905 
95.5 
95.885 
96.01 
96.39 
95.955 
96.36 
96.105 
96.48 
96.185 
96.625 
95.93 
96.33 
96.025 
96.45 
96.245 
96.66 
96.36 
96.79 
97.0 
97.43 
97.195 
97.635 
97.395 
97.88 
97.575 
98.045 
97.37 
97.905 
97.495 
97.975 
97.74 
98.16 
97.845 
98.245 
98.405 
98.915 
98.52 
98.96 
98.695 
99.18 
98.82 
99.18 
98.515 
98.91 
98.585 
98.995 
98.57 
99.01 
98.695 
98.995 
99.125 
99.48 
99.035 
99.4 
99.065 
99.395 
98.99 
99.295 
98.48 
98.75 
98.34 
98.575 
98.225 
98.375 
98.005 
98.23 
98.265 
98.445 
97.995 
98.28 
97.835 
98.045 
97.58 
97.805 
96.915 
97.09 
96.65 
96.815 
96.435 
96.555 
96.155 
96.425 
96.39 
96.615 
96.155 
96.455 
96.085 
96.315 
95.885 
96.115 
95.33 
95.645 
95.265 
95.555 
95.18 
95.515 
95.09 
95.49 
95.57 
95.96 
95.595 
96.06 
95.735 
96.105 
95.78 
96.2 
95.5 
95.9 
95.62 
96.05 
95.805 
96.195 
95.99 
96.46 
96.61 
97.035 
96.845 
97.255 
97.055 
97.5 
97.285 
97.705 
97.07 
97.49 
97.28 
97.695 
97.53 
97.945 
97.63 
98.105 
98.275 
98.785 
98.435 
98.9 
98.695 
99.06 
98.755 
99.22 
98.525 
98.89 
98.63 
98.95 
98.69 
99.06 
98.725 
99.07 
99.21 
99.6 
99.225 
99.585 
99.26 
99.53 
99.19 
99.47 
98.58 
98.96 
98.45 
98.76 
98.43 
98.57 
98.15 
98.415 
98.4 
98.65 
98.225 
98.39 
97.975 
98.2 
97.79 
97.935 
97.04 
97.235 
96.76 
96.94 
96.55 
96.69 
96.225 
96.45 
96.43 
96.615 
96.17 
96.435 
96.03 
96.285 
95.9 
96.13 
95.265 
95.56 
95.185 
95.44 
95.045 
95.37 
94.965 
95.27 
95.455 
95.73 
95.365 
95.8 
95.49 
95.82 
95.56 
95.99 
95.205 
95.52 
95.32 
95.76 
95.45 
95.885 
95.63 
96.07 
96.225 
96.645 
96.44 
96.905 
96.615 
97.105 
96.825 
97.335 
96.78 
97.215 
96.89 
97.34 
97.11 
97.59 
97.255 
97.815 
98.0 
98.4 
98.09 
98.5 
98.27 
98.705 
98.315 
98.81 
98.15 
98.645 
98.305 
98.655 
98.335 
98.72 
98.4 
98.785 
99.0 
99.275 
98.81 
99.295 
98.905 
99.23 
98.855 
99.205 
98.44 
98.78 
98.355 
98.605 
98.19 
98.485 
97.94 
98.23 
98.225 
98.515 
98.015 
98.225 
97.795 
98.04 
97.5 
97.775 
96.905 
97.075 
96.53 
96.745 
96.335 
96.55 
96.035 
96.2 
96.22 
96.46 
95.935 
96.135 
95.745 
95.995 
95.5 
95.765 
95.09 
95.32 
94.86 
95.115 
94.73 
95.085 
94.575 
94.935 
95.05 
95.445 
94.955 
95.325 
94.95 
95.395 
95.005 
95.435 
94.665 
95.085 
94.75 
95.22 
94.89 
95.335 
94.96 
95.47 
95.585 
96.12 
95.755 
96.195 
95.94 
96.42 
96.16 
96.6 
95.985 
96.45 
96.11 
96.585 
96.35 
96.82 
96.59 
96.995 
97.16 
97.64 
97.33 
97.825 
97.585 
98.015 
97.715 
98.155 
97.51 
97.905 
97.58 
98.03 
97.69 
98.145 
97.78 
98.135 
98.355 
98.715 
98.325 
98.715 
98.39 
98.82 
98.47 
98.76 
98.05 
98.415 
97.905 
98.24 
97.855 
98.075 
97.61 
97.95 
97.95 
98.235 
97.765 
98.03 
97.56 
97.8 
97.325 
97.6 
96.775 
96.945 
96.475 
96.77 
96.25 
96.435 
95.99 
96.225 
96.16 
96.465 
96.02 
96.185 
95.845 
96.07 
95.66 
95.94 
95.14 
95.435 
94.975 
95.37 
94.92 
95.28 
94.87 
95.17 
95.295 
95.69 
95.255 
95.635 
95.365 
95.68 
95.455 
95.855 
95.065 
95.545 
95.185 
95.645 
95.335 
95.78 
95.495 
95.93 
96.095 
96.56 
96.315 
96.73 
96.455 
96.91 
96.66 
97.08 
96.485 
96.875 
96.59 
97.03 
96.78 
97.24 
96.925 
97.34 
97.53 
98.005 
97.585 
98.11 
97.865 
98.23 
97.945 
98.33 
97.65 
98.075 
97.67 
98.06 
97.775 
98.105 
97.835 
98.13 
98.255 
98.64 
98.195 
98.61 
98.24 
98.495 
98.14 
98.43 
97.64 
97.91 
97.475 
97.685 
97.315 
97.5 
97.005 
97.315 
97.255 
97.465 
97.03 
97.22 
96.745 
96.94 
96.435 
96.65 
95.715 
95.78 
95.36 
95.605 
95.055 
95.26 
94.795 
94.975 
94.885 
95.095 
94.66 
94.78 
94.37 
94.565 
94.175 
94.395 
93.555 
93.8 
93.29 
93.635 
93.095 
93.455 
92.955 
93.26 
93.365 
93.7 
93.195 
93.64 
93.215 
93.53 
93.175 
93.55 
92.845 
93.285 
92.905 
93.26 
92.99 
93.34 
93.04 
93.445 
93.6 
94.015 
93.78 
94.215 
93.93 
94.34 
94.11 
94.51 
93.865 
94.33 
94.07 
94.47 
94.205 
94.675 
94.42 
94.82 
95.075 
95.505 
95.185 
95.695 
95.49 
95.89 
95.635 
96.045 
95.405 
95.845 
95.585 
95.96 
95.67 
96.1 
95.825 
96.16 
96.455 
96.795 
96.485 
96.905 
96.615 
96.97 
96.72 
97.02 
96.3 
96.64 
96.18 
96.56 
96.27 
96.58 
96.14 
96.46 
96.48 
96.825 
96.405 
96.695 
96.34 
96.635 
96.26 
96.52 
95.66 
95.955 
95.46 
95.8 
95.395 
95.605 
95.25 
95.515 
95.535 
95.81 
95.405 
95.655 
95.35 
95.605 
95.22 
95.63 
94.735 
95.07 
94.71 
95.095 
94.76 
95.045 
94.745 
95.09 
95.25 
95.605 
95.315 
95.695 
95.445 
95.805 
95.555 
95.97 
95.225 
95.595 
95.34 
95.81 
95.6 
95.97 
95.665 
96.185 
96.315 
96.79 
96.53 
96.99 
96.765 
97.195 
96.925 
97.445 
96.775 
97.27 
96.965 
97.425 
97.175 
97.59 
97.335 
97.78 
97.94 
98.405 
98.09 
98.525 
98.295 
98.675 
98.405 
98.84 
98.16 
98.56 
98.225 
98.625 
98.35 
98.69 
98.37 
98.745 
98.885 
99.205 
98.855 
99.255 
98.98 
99.16 
98.905 
99.215 
98.365 
98.645 
98.18 
98.565 
98.085 
98.4 
97.895 
98.24 
98.235 
98.475 
98.055 
98.225 
97.845 
98.005 
97.49 
97.835 
96.895 
97.07 
96.535 
96.805 
96.36 
96.585 
96.115 
96.365 
96.335 
96.55 
96.075 
96.295 
95.97 
96.12 
95.695 
95.97 
95.07 
95.34 
95.005 
95.16 
94.81 
95.11 
94.675 
95.03 
95.125 
95.41 
95.07 
95.385 
95.075 
95.435 
95.08 
95.465 
94.66 
95.05 
94.715 
95.085 
94.86 
95.205 
94.905 
95.255 
95.435 
95.825 
95.525 
95.945 
95.63 
96.04 
95.745 
96.165 
95.44 
95.785 
95.53 
95.95 
95.665 
96.115 
95.785 
96.17 
96.335 
96.755 
96.47 
96.805 
96.59 
96.95 
96.63 
97.015 
96.29 
96.62 
96.355 
96.7 
96.425 
96.79 
96.45 
96.8 
96.99 
97.25 
96.89 
97.27 
96.93 
97.235 
96.93 
97.235 
96.535 
96.875 
96.365 
96.695 
96.29 
96.625 
96.135 
96.48 
96.475 
96.84 
96.345 
96.62 
96.215 
96.515 
95.98 
96.305 
95.545 
