Run 12 on 20200810 on sample T20-5d, LT thermometer,  dT/T0 = 0.02
Time per point = 3.125e-05 seconds
999.035 
998.855 
999.275 
999.105 
999.47 
999.34 
999.815 
999.2 
999.695 
999.39 
999.865 
999.665 
1000.145 
999.945 
1000.38 
1000.645 
1001.185 
1000.93 
1001.43 
1001.195 
1001.685 
1001.48 
1001.975 
1001.415 
1001.845 
1001.66 
1002.11 
1001.95 
1002.44 
1002.195 
1002.655 
1002.97 
1003.39 
1003.17 
1003.73 
1003.57 
1004.025 
1003.81 
1004.28 
1003.82 
1004.29 
1004.105 
1004.595 
1004.445 
1004.885 
1004.72 
1005.215 
1005.525 
1005.995 
1005.88 
1006.315 
1006.24 
1006.76 
1006.585 
1007.2 
1006.59 
1007.075 
1006.94 
1007.405 
1007.3 
1007.83 
1007.7 
1008.11 
1008.445 
1008.995 
1008.805 
1009.29 
1009.2 
1009.655 
1009.47 
1010.025 
1009.405 
1009.89 
1009.665 
1010.095 
1009.96 
1010.39 
1010.225 
1010.66 
1010.94 
1011.32 
1011.05 
1011.54 
1011.33 
1011.765 
1011.425 
1011.855 
1011.185 
1011.59 
1011.295 
1011.755 
1011.43 
1011.8 
1011.485 
1011.88 
1012.05 
1012.455 
1012.105 
1012.395 
1012.17 
1012.53 
1012.155 
1012.525 
1011.835 
1012.18 
1011.8 
1012.15 
1011.865 
1012.175 
1011.79 
1012.05 
1012.13 
1012.395 
1012.125 
1012.315 
1011.985 
1012.215 
1011.815 
1012.13 
1011.3 
1011.49 
1011.115 
1011.335 
1010.925 
1011.075 
1010.73 
1010.88 
1010.87 
1011.09 
1010.66 
1010.83 
1010.475 
1010.565 
1010.18 
1010.32 
1009.39 
1009.645 
1009.07 
1009.315 
1008.86 
1008.99 
1008.585 
1008.745 
1008.695 
1008.925 
1008.43 
1008.565 
1008.13 
1008.31 
1007.84 
1008.09 
1007.205 
1007.42 
1006.895 
1007.14 
1006.715 
1006.89 
1006.4 
1006.595 
1006.61 
1006.805 
1006.37 
1006.555 
1006.12 
1006.245 
1005.82 
1006.09 
1005.245 
1005.435 
1004.965 
1005.155 
1004.69 
1004.925 
1004.515 
1004.645 
1004.685 
1004.78 
1004.395 
1004.6 
1004.225 
1004.375 
1003.925 
1004.12 
1003.25 
1003.51 
1003.035 
1003.23 
1002.77 
1003.01 
1002.6 
1002.875 
1002.87 
1003.115 
1002.66 
1002.9 
1002.57 
1002.765 
1002.38 
1002.705 
1001.805 
1002.04 
1001.665 
1001.98 
1001.52 
1001.84 
1001.345 
1001.685 
1001.765 
1002.065 
1001.595 
1001.9 
1001.54 
1001.815 
1001.385 
1001.74 
1000.97 
1001.175 
1000.835 
1000.98 
1000.625 
1000.96 
1000.555 
1000.77 
1000.815 
1001.095 
1000.635 
1000.96 
1000.59 
1000.825 
1000.38 
1000.665 
999.835 
1000.125 
999.74 
999.905 
999.605 
999.755 
999.44 
999.665 
999.675 
999.95 
999.56 
999.735 
999.47 
999.63 
999.21 
999.495 
998.685 
998.83 
998.48 
998.755 
998.295 
998.565 
998.115 
998.295 
998.37 
998.585 
998.155 
998.38 
997.99 
998.11 
997.65 
997.92 
997.095 
997.24 
996.75 
996.88 
996.49 
996.685 
996.185 
996.38 
996.34 
996.455 
995.995 
996.22 
995.75 
995.935 
995.405 
995.54 
994.68 
994.845 
994.355 
994.48 
994.0 
994.12 
993.58 
993.795 
993.74 
993.895 
993.385 
993.52 
993.04 
993.2 
992.685 
992.895 
991.995 
992.165 
991.64 
991.85 
991.31 
991.48 
991.035 
991.075 
991.115 
991.19 
990.665 
990.735 
990.36 
990.48 
989.935 
990.125 
989.175 
989.21 
988.79 
988.805 
988.39 
988.545 
987.99 
988.095 
988.015 
988.14 
987.63 
987.72 
987.28 
987.43 
986.905 
987.025 
986.0 
986.2 
985.665 
985.795 
985.365 
985.43 
984.96 
985.145 
985.075 
985.235 
984.7 
984.895 
984.485 
984.655 
984.155 
984.395 
983.46 
983.605 
983.19 
983.375 
982.955 
983.125 
982.675 
982.89 
982.885 
983.065 
982.595 
982.775 
982.405 
982.57 
982.025 
982.285 
981.465 
981.64 
981.215 
981.38 
980.965 
981.135 
980.745 
980.845 
980.835 
980.96 
980.575 
980.81 
980.37 
980.535 
980.035 
980.245 
979.4 
979.57 
979.155 
979.42 
979.0 
979.195 
978.775 
978.915 
978.935 
979.24 
978.755 
978.95 
978.62 
978.87 
978.395 
978.7 
977.9 
978.05 
977.7 
977.945 
977.59 
977.875 
977.505 
977.735 
977.75 
978.13 
977.785 
977.96 
977.66 
977.945 
977.625 
977.91 
977.105 
977.365 
977.085 
977.29 
976.905 
977.26 
976.92 
977.17 
977.245 
977.485 
977.115 
977.475 
977.08 
977.34 
976.965 
977.195 
976.475 
976.745 
976.355 
976.595 
976.235 
976.395 
976.01 
976.265 
976.26 
976.41 
975.975 
976.165 
975.795 
975.995 
975.49 
975.605 
974.715 
974.84 
974.28 
974.435 
973.905 
973.95 
973.37 
973.38 
973.21 
973.235 
972.56 
972.54 
971.905 
971.8 
971.135 
971.03 
969.84 
969.755 
968.865 
968.645 
967.835 
967.62 
966.71 
966.44 
965.92 
965.69 
964.625 
964.355 
963.28 
962.92 
961.84 
961.38 
959.895 
959.425 
958.25 
957.73 
956.58 
956.045 
954.715 
954.17 
953.28 
952.715 
951.425 
950.695 
949.385 
948.72 
947.335 
946.62 
944.785 
943.93 
942.475 
941.68 
940.25 
939.295 
937.785 
936.925 
935.805 
934.93 
933.295 
932.335 
930.71 
929.66 
928.02 
927.0 
924.91 
923.79 
922.1 
920.945 
919.175 
918.07 
916.3 
915.13 
913.775 
912.51 
910.715 
909.495 
907.675 
906.39 
904.485 
903.185 
900.905 
899.61 
897.635 
896.385 
894.405 
893.11 
891.155 
889.86 
888.275 
886.925 
884.925 
883.535 
881.495 
880.175 
878.075 
876.665 
874.215 
872.81 
870.78 
869.39 
867.305 
865.89 
863.825 
862.31 
860.71 
859.175 
857.07 
855.635 
853.54 
851.965 
849.85 
848.36 
845.91 
844.39 
842.195 
840.615 
838.5 
837.03 
834.855 
833.245 
831.495 
829.98 
827.785 
826.23 
824.08 
822.53 
820.305 
818.755 
816.135 
814.65 
812.395 
810.89 
808.745 
807.155 
804.98 
803.455 
801.74 
800.15 
798.0 
796.465 
794.355 
792.86 
790.68 
789.155 
786.605 
785.085 
782.88 
781.45 
779.37 
777.785 
775.705 
774.22 
772.525 
771.06 
768.91 
767.425 
765.405 
763.89 
761.795 
760.45 
757.94 
756.42 
754.41 
752.91 
750.845 
749.4 
747.295 
745.93 
744.325 
742.89 
740.825 
739.465 
737.465 
736.085 
734.035 
732.67 
730.25 
728.925 
726.935 
725.58 
723.5 
722.17 
720.21 
718.915 
717.375 
716.08 
714.07 
712.77 
710.86 
709.595 
707.685 
706.44 
704.06 
702.76 
700.86 
699.605 
697.81 
696.47 
694.63 
693.295 
691.93 
690.69 
688.845 
687.58 
685.76 
684.535 
682.66 
681.52 
679.28 
678.04 
676.175 
674.945 
673.095 
671.935 
670.06 
668.88 
667.505 
666.31 
664.505 
663.405 
661.635 
660.44 
658.675 
657.505 
655.305 
654.17 
652.435 
651.265 
649.535 
648.41 
646.665 
645.6 
644.37 
643.28 
641.52 
640.425 
638.79 
637.745 
636.005 
634.985 
632.945 
631.91 
630.185 
629.195 
627.565 
626.575 
624.855 
623.87 
622.705 
621.755 
620.08 
619.16 
617.63 
616.61 
614.995 
614.08 
612.08 
611.135 
609.515 
608.545 
607.07 
606.145 
604.525 
603.635 
602.5 
601.61 
600.0 
599.185 
597.7 
596.75 
595.24 
594.325 
592.375 
591.545 
590.005 
589.18 
587.685 
586.73 
585.28 
584.41 
583.34 
582.54 
581.005 
580.175 
578.73 
577.85 
576.345 
575.535 
573.56 
572.7 
571.21 
570.395 
568.92 
568.105 
566.525 
565.67 
564.625 
563.755 
562.2 
561.38 
559.87 
558.965 
557.42 
556.595 
554.655 
553.78 
552.165 
551.3 
549.74 
548.92 
547.3 
546.43 
545.315 
544.47 
542.87 
541.98 
540.505 
539.54 
538.06 
537.095 
535.22 
534.335 
532.765 
531.985 
530.405 
529.555 
528.01 
527.19 
526.105 
525.21 
523.745 
522.895 
521.445 
520.585 
519.16 
518.315 
516.475 
515.6 
514.205 
513.425 
512.005 
511.28 
509.75 
508.99 
508.015 
507.28 
505.875 
505.135 
503.77 
503.03 
501.64 
501.01 
499.195 
498.5 
497.155 
496.39 
495.105 
494.49 
493.165 
492.545 
491.64 
490.98 
489.715 
489.115 
487.905 
487.32 
485.995 
485.465 
483.88 
483.31 
482.105 
481.585 
480.385 
479.82 
478.66 
478.165 
477.41 
476.995 
475.815 
475.365 
474.285 
473.87 
472.71 
472.32 
470.88 
470.415 
469.36 
468.965 
467.995 
467.535 
466.53 
466.08 
465.55 
465.17 
464.21 
463.835 
462.915 
462.545 
461.53 
461.23 
459.83 
459.575 
458.54 
458.26 
457.32 
457.005 
456.03 
455.72 
455.235 
454.9 
453.925 
453.695 
452.775 
452.51 
451.55 
451.27 
449.9 
449.59 
448.67 
448.425 
447.485 
447.22 
446.27 
446.02 
445.52 
445.235 
444.275 
444.035 
443.195 
442.895 
441.955 
441.725 
440.41 
440.155 
439.185 
438.89 
438.015 
437.725 
436.81 
436.5 
436.075 
435.83 
434.855 
434.63 
433.765 
433.39 
432.43 
432.245 
430.915 
430.65 
429.7 
429.385 
428.485 
428.245 
427.315 
427.085 
426.59 
426.315 
425.44 
425.18 
424.255 
424.015 
423.13 
422.84 
421.58 
421.29 
420.365 
420.135 
419.335 
419.05 
418.225 
418.0 
417.61 
417.295 
416.46 
416.21 
415.435 
415.2 
414.25 
414.065 
412.755 
412.525 
411.59 
411.445 
410.61 
410.335 
409.44 
409.12 
408.68 
408.49 
407.58 
407.36 
406.395 
406.175 
405.185 
404.96 
403.665 
403.365 
402.355 
402.11 
401.11 
400.795 
399.835 
399.515 
398.925 
398.565 
397.58 
397.28 
396.26 
395.855 
394.825 
394.5 
393.065 
392.695 
391.6 
391.23 
390.23 
389.84 
388.73 
388.385 
387.71 
387.36 
386.265 
385.89 
384.795 
384.425 
383.32 
382.935 
381.52 
381.065 
379.945 
379.53 
378.485 
378.1 
376.96 
376.545 
375.95 
375.625 
374.47 
374.12 
373.11 
372.655 
371.625 
371.24 
369.825 
369.475 
368.405 
368.04 
367.035 
366.675 
365.74 
365.385 
364.855 
364.44 
363.485 
363.205 
362.305 
362.01 
361.11 
360.82 
359.525 
359.31 
358.435 
358.13 
357.355 
357.07 
356.235 
356.05 
355.65 
355.505 
354.625 
354.435 
353.745 
353.61 
352.72 
352.69 
351.53 
351.335 
350.565 
350.46 
349.685 
349.585 
348.845 
348.695 
348.375 
348.305 
347.46 
347.375 
346.705 
346.525 
345.755 
345.655 
344.45 
344.33 
343.56 
343.425 
342.72 
342.575 
341.765 
341.59 
341.24 
341.065 
340.285 
340.145 
339.39 
339.205 
338.465 
338.255 
337.09 
336.875 
336.035 
335.845 
335.025 
334.89 
334.02 
333.835 
333.49 
333.26 
332.46 
332.275 
331.485 
331.335 
330.475 
330.32 
329.095 
328.88 
328.065 
327.87 
327.07 
326.865 
326.015 
325.855 
325.44 
325.315 
324.515 
324.35 
323.525 
323.395 
322.565 
322.4 
321.32 
321.115 
320.24 
320.15 
319.42 
319.285 
318.48 
318.365 
318.08 
317.95 
317.285 
317.23 
316.495 
316.41 
315.705 
315.68 
314.585 
314.555 
313.865 
313.815 
313.175 
313.165 
312.48 
312.47 
312.27 
312.3 
311.61 
311.595 
311.12 
311.07 
310.46 
310.45 
309.395 
309.38 
308.85 
308.835 
308.205 
308.245 
307.58 
307.56 
307.4 
307.395 
306.7 
306.73 
306.11 
306.045 
305.39 
305.44 
304.33 
304.31 
303.57 
303.445 
302.815 
302.805 
301.995 
301.92 
301.685 
301.56 
300.765 
300.685 
299.955 
299.825 
299.015 
298.895 
297.71 
297.61 
296.795 
296.635 
295.86 
295.705 
294.87 
294.735 
294.345 
294.21 
293.33 
293.23 
292.34 
292.2 
291.34 
291.185 
289.91 
289.725 
288.91 
288.725 
287.9 
287.765 
286.91 
286.725 
286.34 
286.19 
285.35 
285.2 
284.39 
284.21 
283.37 
283.34 
282.085 
282.005 
281.125 
281.01 
280.2 
280.17 
279.505 
279.325 
279.0 
278.88 
278.235 
278.205 
277.57 
277.445 
276.73 
276.765 
275.81 
275.865 
275.175 
275.22 
274.64 
274.625 
274.05 
274.175 
274.045 
274.1 
273.56 
273.715 
273.18 
273.38 
272.835 
273.045 
272.03 
272.205 
271.77 
272.01 
271.53 
271.67 
271.26 
271.41 
271.43 
271.6 
271.19 
271.37 
270.945 
271.14 
270.7 
270.975 
270.035 
270.22 
269.8 
269.945 
269.54 
269.755 
269.29 
269.445 
269.505 
269.58 
269.18 
269.315 
268.86 
269.035 
268.565 
268.66 
267.855 
268.0 
267.465 
267.59 
267.14 
267.245 
266.745 
266.885 
266.78 
266.855 
266.355 
266.45 
266.005 
266.13 
265.52 
265.63 
264.74 
264.745 
264.3 
264.305 
263.85 
263.84 
263.325 
263.41 
263.235 
263.415 
262.795 
262.965 
262.41 
262.51 
261.95 
262.045 
261.105 
261.155 
260.635 
260.67 
260.215 
260.345 
259.845 
259.965 
259.895 
260.07 
259.56 
259.765 
259.335 
259.44 
259.02 
259.215 
258.295 
258.535 
258.105 
258.315 
257.935 
258.2 
257.775 
258.025 
258.135 
258.35 
257.99 
258.29 
257.975 
258.245 
257.905 
258.25 
257.39 
257.69 
257.315 
257.7 
257.355 
257.635 
257.315 
257.545 
257.695 
257.99 
257.61 
257.955 
257.59 
257.76 
257.4 
257.77 
257.025 
257.185 
256.845 
257.02 
256.71 
256.895 
256.45 
256.6 
256.66 
256.82 
256.36 
256.615 
256.055 
256.31 
255.725 
255.895 
255.0 
255.04 
254.625 
254.655 
254.14 
254.2 
253.66 
253.79 
253.69 
253.685 
253.105 
253.145 
252.51 
252.625 
251.94 
252.0 
250.945 
250.895 
250.205 
250.25 
249.565 
249.57 
248.905 
248.84 
248.53 
248.56 
247.795 
247.83 
247.095 
247.015 
246.29 
246.3 
245.135 
245.025 
244.34 
244.26 
243.6 
243.525 
242.795 
242.77 
242.5 
242.41 
241.73 
241.73 
241.04 
240.975 
240.35 
240.37 
239.265 
239.275 
238.67 
238.645 
238.085 
238.1 
237.465 
237.595 
237.395 
237.48 
236.9 
237.0 
236.46 
236.595 
235.985 
236.175 
235.25 
235.255 
234.745 
234.98 
234.485 
234.71 
234.08 
234.24 
234.2 
234.415 
233.855 
234.125 
233.6 
233.805 
233.26 
233.51 
232.655 
232.8 
232.3 
232.47 
232.065 
232.215 
231.745 
231.965 
231.895 
232.015 
231.595 
231.815 
231.3 
231.535 
231.01 
231.245 
230.3 
230.48 
230.05 
230.175 
229.7 
229.73 
229.325 
229.48 
229.425 
229.565 
228.985 
229.245 
228.74 
228.905 
228.345 
228.48 
227.68 
227.73 
227.25 
227.36 
226.855 
226.995 
226.4 
226.55 
226.47 
226.59 
225.98 
226.185 
225.635 
225.79 
225.245 
225.39 
224.455 
224.61 
224.02 
224.195 
223.715 
223.875 
223.365 
223.49 
223.42 
223.665 
223.075 
223.37 
222.825 
223.08 
222.635 
222.86 
221.985 
222.235 
221.79 
222.1 
221.695 
221.96 
221.56 
221.87 
221.88 
222.25 
221.845 
222.195 
221.805 
222.215 
221.785 
222.18 
221.535 
221.73 
221.425 
221.855 
221.51 
221.845 
221.455 
221.94 
222.115 
222.435 
222.065 
222.485 
222.145 
222.445 
222.16 
222.465 
221.875 
222.16 
221.82 
222.11 
221.845 
222.175 
221.845 
222.185 
222.23 
222.525 
222.07 
222.465 
222.085 
222.35 
221.895 
222.19 
221.42 
221.73 
221.2 
221.495 
221.035 
221.265 
220.82 
221.03 
221.06 
221.26 
220.695 
220.885 
220.355 
220.56 
220.035 
220.165 
219.3 
219.445 
218.88 
219.05 
218.475 
218.635 
218.025 
218.16 
218.035 
218.19 
217.595 
217.71 
217.13 
217.22 
216.59 
216.74 
215.74 
215.885 
215.26 
215.34 
214.845 
214.9 
214.37 
214.445 
214.45 
214.485 
213.855 
214.04 
213.53 
213.735 
213.205 
213.375 
212.625 
212.765 
212.305 
212.51 
212.145 
212.29 
211.825 
212.14 
212.11 
212.37 
211.915 
212.17 
211.815 
212.155 
211.66 
212.005 
211.32 
211.54 
211.195 
211.575 
211.18 
211.565 
211.14 
211.485 
211.535 
211.97 
211.5 
211.925 
211.585 
211.88 
211.51 
211.9 
211.27 
211.54 
211.32 
211.555 
211.24 
211.535 
211.24 
211.51 
211.68 
211.99 
211.62 
211.99 
211.635 
212.02 
211.62 
211.985 
211.245 
211.595 
211.215 
211.53 
211.195 
211.535 
211.1 
211.47 
211.605 
211.865 
211.52 
211.795 
211.47 
211.865 
211.48 
211.83 
211.15 
211.41 
211.105 
211.415 
211.01 
211.375 
211.02 
211.315 
211.41 
211.83 
211.44 
211.825 
211.465 
211.825 
211.44 
211.835 
211.165 
211.555 
211.15 
211.515 
211.24 
211.615 
211.335 
211.7 
211.905 
212.31 
211.995 
212.53 
212.245 
212.65 
212.38 
212.86 
212.285 
212.745 
212.43 
212.875 
212.72 
213.195 
212.935 
213.465 
213.75 
214.22 
214.07 
214.585 
214.415 
214.935 
214.715 
215.285 
214.74 
215.235 
214.99 
215.585 
215.375 
215.905 
215.72 
216.245 
216.5 
217.15 
216.9 
217.4 
217.27 
217.7 
217.54 
218.11 
217.565 
218.01 
217.795 
218.215 
218.09 
218.545 
218.365 
218.79 
219.02 
219.435 
219.24 
219.71 
219.505 
219.91 
219.655 
220.03 
219.46 
219.825 
219.57 
219.955 
219.76 
220.1 
219.905 
220.24 
220.37 
220.775 
220.39 
220.805 
220.5 
220.86 
220.53 
220.885 
220.045 
220.485 
220.055 
220.365 
220.03 
220.33 
219.905 
220.225 
220.25 
220.5 
220.11 
220.325 
219.92 
220.155 
219.765 
220.05 
219.105 
219.36 
218.865 
219.055 
218.6 
218.89 
218.375 
218.585 
218.495 
218.69 
218.29 
218.445 
217.98 
218.11 
217.665 
217.775 
217.01 
217.2 
216.71 
216.9 
216.48 
216.585 
216.035 
216.275 
216.235 
216.41 
215.895 
216.105 
215.705 
215.805 
215.42 
215.56 
214.735 
214.89 
214.355 
214.59 
214.13 
214.3 
213.805 
214.02 
214.02 
214.17 
213.735 
213.895 
213.505 
213.715 
213.225 
213.355 
212.555 
212.69 
212.265 
212.455 
212.035 
212.26 
211.79 
211.955 
211.91 
212.1 
211.63 
211.895 
211.48 
211.71 
211.28 
211.48 
210.605 
210.92 
210.4 
210.645 
210.2 
210.43 
209.97 
210.17 
210.225 
210.485 
210.02 
210.275 
209.905 
210.095 
209.775 
209.97 
209.19 
209.445 
209.04 
209.26 
208.85 
209.08 
208.705 
208.865 
208.94 
209.205 
208.76 
208.995 
208.615 
208.8 
208.43 
208.7 
207.9 
208.13 
207.725 
207.95 
207.565 
207.8 
207.415 
207.64 
207.73 
207.91 
207.56 
207.765 
207.445 
207.68 
207.32 
207.58 
206.725 
207.085 
206.595 
206.945 
206.565 
206.85 
206.45 
206.75 
206.805 
207.18 
206.83 
207.1 
206.74 
207.06 
206.745 
207.01 
206.305 
206.56 
206.245 
206.56 
206.245 
206.565 
206.22 
206.605 
206.69 
207.065 
206.705 
206.99 
206.76 
207.065 
206.745 
207.095 
206.375 
206.685 
206.4 
206.67 
206.445 
206.74 
206.455 
206.86 
206.97 
207.29 
207.07 
207.49 
207.155 
207.47 
207.325 
207.61 
206.94 
207.285 
207.01 
207.39 
207.175 
207.56 
207.25 
207.675 
207.84 
208.195 
208.0 
208.35 
208.065 
208.425 
208.225 
208.61 
207.875 
208.22 
207.89 
208.31 
208.045 
208.425 
208.12 
208.46 
208.58 
208.985 
208.625 
208.915 
208.69 
208.965 
208.625 
209.045 
208.255 
208.6 
208.245 
208.52 
208.18 
208.52 
208.14 
208.45 
208.525 
208.785 
208.49 
208.79 
208.42 
208.725 
208.345 
208.61 
207.895 
208.165 
207.8 
208.045 
207.735 
207.955 
207.52 
207.83 
207.89 
208.115 
207.65 
207.93 
207.58 
207.865 
207.405 
207.73 
206.935 
207.15 
206.72 
207.035 
206.58 
206.845 
206.425 
206.6 
206.705 
206.89 
206.54 
206.77 
206.4 
206.645 
206.22 
206.465 
205.695 
205.955 
205.495 
205.76 
205.36 
205.655 
205.205 
205.535 
205.505 
205.85 
205.35 
205.795 
205.37 
205.705 
205.33 
205.655 
204.885 
205.22 
204.9 
205.17 
204.895 
205.255 
204.88 
205.25 
205.39 
205.755 
205.455 
205.84 
205.61 
205.94 
205.625 
206.05 
205.45 
205.785 
205.475 
206.005 
205.69 
206.105 
205.725 
206.105 
206.37 
206.785 
206.5 
206.955 
206.695 
207.05 
206.775 
207.265 
206.575 
206.95 
206.625 
207.065 
206.825 
207.195 
207.03 
207.435 
207.595 
207.985 
207.71 
208.105 
207.96 
208.28 
208.05 
208.5 
207.795 
208.235 
207.905 
208.29 
208.14 
208.44 
208.195 
208.68 
208.85 
209.23 
208.985 
209.38 
209.155 
209.555 
209.33 
209.69 
209.01 
209.385 
209.17 
209.525 
209.33 
209.68 
209.385 
209.81 
210.015 
210.42 
210.08 
210.565 
210.32 
210.67 
210.395 
210.795 
210.265 
210.59 
210.25 
210.64 
210.425 
210.895 
210.595 
210.985 
211.16 
211.505 
211.23 
211.72 
211.505 
211.89 
211.64 
211.99 
211.345 
211.775 
211.52 
211.945 
211.775 
212.105 
211.875 
212.31 
212.505 
212.85 
212.645 
212.99 
212.855 
213.21 
212.98 
213.39 
212.635 
212.97 
212.75 
213.145 
212.915 
213.245 
212.985 
213.27 
213.445 
213.745 
213.435 
213.815 
213.52 
213.81 
213.44 
213.81 
212.96 
213.31 
212.975 
213.2 
212.83 
213.12 
212.815 
213.05 
213.065 
213.275 
212.895 
213.175 
212.765 
212.97 
212.515 
212.755 
211.9 
212.145 
211.715 
211.945 
211.45 
211.61 
211.16 
211.365 
211.315 
211.44 
210.97 
211.195 
210.67 
210.895 
210.32 
210.54 
209.63 
209.72 
209.23 
209.4 
208.85 
208.965 
208.445 
208.565 
208.395 
208.515 
208.045 
208.125 
207.615 
207.645 
207.18 
207.255 
206.27 
206.36 
205.75 
205.845 
205.29 
205.415 
204.82 
204.935 
204.77 
204.915 
204.36 
204.505 
203.975 
204.08 
203.565 
203.675 
202.745 
202.88 
202.355 
202.495 
202.035 
202.115 
201.67 
201.835 
201.75 
201.91 
201.495 
201.65 
201.21 
201.41 
200.955 
201.17 
200.325 
200.58 
200.015 
200.31 
199.78 
200.045 
199.565 
199.77 
199.78 
200.06 
199.585 
199.805 
199.445 
199.585 
199.245 
199.485 
198.665 
198.875 
198.475 
198.66 
198.23 
198.455 
198.095 
198.33 
198.35 
198.555 
198.14 
198.46 
198.03 
198.295 
197.91 
198.165 
197.38 
197.575 
197.12 
197.46 
197.03 
197.255 
196.905 
197.17 
197.14 
197.48 
196.98 
197.255 
196.97 
197.205 
196.76 
197.08 
196.23 
196.455 
196.13 
196.28 
195.925 
196.235 
195.835 
196.06 
196.085 
196.365 
195.955 
196.255 
195.88 
196.085 
195.75 
195.98 
195.21 
195.475 
195.105 
195.415 
194.975 
195.305 
194.94 
195.25 
195.335 
195.675 
195.3 
195.675 
195.35 
195.765 
195.355 
195.785 
195.025 
195.4 
195.12 
195.485 
195.28 
195.68 
195.365 
195.86 
195.975 
196.36 
196.135 
196.62 
196.355 
196.865 
196.665 
197.055 
196.445 
196.855 
196.62 
197.135 
196.97 
197.365 
197.13 
197.57 
197.855 
198.315 
198.13 
198.565 
198.395 
198.795 
198.59 
199.085 
198.46 
198.9 
198.665 
199.055 
198.925 
199.34 
199.08 
199.52 
199.735 
200.13 
199.87 
200.325 
200.115 
200.42 
200.24 
200.62 
199.915 
200.345 
200.08 
200.445 
200.195 
200.485 
200.21 
200.53 
200.66 
200.97 
200.68 
200.995 
200.67 
201.0 
200.63 
200.975 
200.155 
200.405 
200.05 
200.33 
200.01 
200.26 
199.835 
200.09 
200.155 
200.365 
199.955 
200.215 
199.825 
200.05 
199.575 
199.835 
199.05 
199.245 
198.8 
198.975 
198.605 
198.835 
198.41 
198.59 
198.585 
198.81 
198.42 
198.655 
198.29 
198.49 
198.13 
198.31 
197.58 
197.835 
197.415 
197.65 
197.385 
197.63 
197.22 
197.54 
197.63 
197.95 
197.555 
197.895 
197.56 
197.87 
197.5 
197.865 
197.13 
197.405 
197.105 
197.375 
197.075 
197.45 
197.005 
197.395 
197.53 
197.845 
197.555 
197.895 
197.61 
197.88 
197.68 
198.01 
197.26 
197.59 
197.255 
197.515 
197.3 
197.605 
197.315 
197.655 
197.79 
198.13 
197.77 
198.155 
197.95 
198.23 
197.925 
198.345 
197.5 
197.825 
197.565 
197.885 
197.605 
197.915 
197.68 
197.985 
198.21 
198.475 
198.215 
198.575 
198.235 
198.62 
198.315 
198.71 
197.965 
198.225 
198.0 
198.32 
198.085 
198.435 
198.12 
198.395 
198.615 
198.925 
198.615 
199.03 
198.79 
199.035 
198.73 
199.075 
198.46 
198.76 
198.425 
198.82 
198.52 
198.895 
198.575 
198.95 
199.045 
199.46 
199.08 
199.54 
199.3 
199.665 
199.34 
199.685 
199.085 
199.455 
199.22 
199.59 
199.39 
199.74 
199.445 
199.925 
200.105 
200.515 
200.245 
200.695 
200.435 
200.87 
200.665 
201.08 
200.455 
200.86 
200.68 
201.08 
200.855 
201.31 
201.065 
201.405 
201.675 
202.125 
201.865 
202.31 
202.035 
202.475 
202.185 
202.65 
202.0 
202.465 
202.22 
202.595 
202.36 
202.84 
202.55 
202.975 
203.205 
203.58 
203.275 
203.715 
203.49 
203.84 
203.575 
203.95 
203.37 
203.77 
203.465 
203.79 
203.6 
203.96 
203.555 
203.96 
204.145 
204.445 
204.14 
204.495 
204.175 
204.48 
204.165 
204.48 
203.74 
204.005 
203.645 
203.935 
203.545 
203.89 
203.44 
203.64 
203.745 
203.99 
203.505 
203.81 
203.385 
203.505 
203.14 
203.36 
202.485 
202.68 
202.16 
202.35 
201.865 
202.07 
201.535 
201.73 
201.645 
201.85 
201.295 
201.49 
201.05 
201.16 
200.655 
200.815 
199.895 
200.075 
199.535 
199.6 
199.16 
199.32 
198.775 
198.97 
198.9 
198.975 
198.51 
198.62 
198.185 
198.305 
197.785 
197.965 
197.105 
197.345 
196.74 
196.97 
196.41 
196.565 
196.03 
196.22 
196.105 
196.305 
195.75 
195.94 
195.46 
195.63 
195.14 
195.35 
194.4 
194.625 
194.1 
194.27 
193.825 
193.955 
193.515 
193.74 
193.685 
193.88 
193.41 
193.745 
193.305 
193.505 
193.14 
193.32 
192.485 
192.755 
192.23 
192.565 
192.16 
192.355 
191.975 
192.205 
192.315 
192.585 
192.16 
192.425 
192.04 
192.35 
191.96 
192.195 
191.47 
191.67 
191.28 
191.605 
191.3 
191.54 
191.14 
191.43 
191.5 
191.825 
191.435 
191.71 
191.365 
191.645 
191.345 
191.61 
190.815 
191.17 
190.73 
191.04 
190.7 
191.075 
190.66 
190.915 
191.02 
191.34 
191.0 
191.355 
191.005 
191.345 
191.05 
191.295 
190.62 
190.97 
190.655 
190.985 
190.705 
191.045 
190.75 
191.13 
191.33 
191.6 
191.335 
191.79 
191.54 
191.905 
191.705 
192.05 
191.3 
191.76 
191.525 
191.95 
191.65 
192.075 
191.87 
192.29 
192.45 
192.93 
192.715 
193.08 
192.965 
193.315 
193.2 
193.66 
193.055 
193.495 
193.31 
193.765 
193.645 
194.065 
193.895 
194.41 
194.675 
195.095 
194.945 
195.47 
195.35 
195.755 
195.67 
196.145 
195.67 
196.205 
195.925 
196.5 
196.28 
196.82 
196.6 
197.205 
197.475 
198.0 
197.725 
198.3 
198.095 
198.62 
198.405 
198.9 
198.3 
198.705 
198.53 
199.015 
198.815 
199.175 
198.99 
199.4 
199.595 
200.025 
199.74 
200.12 
199.95 
200.21 
200.025 
200.34 
199.575 
199.995 
199.615 
199.96 
199.635 
200.015 
199.64 
199.905 
200.055 
200.315 
199.96 
200.24 
199.985 
200.19 
199.785 
200.075 
199.305 
199.56 
199.16 
199.395 
199.11 
199.285 
198.935 
199.145 
199.185 
199.395 
199.025 
199.22 
198.94 
199.225 
198.8 
199.02 
198.16 
198.455 
198.045 
198.36 
197.9 
198.175 
197.735 
197.97 
198.08 
198.32 
197.91 
198.22 
197.915 
198.13 
197.755 
198.025 
197.275 
197.595 
197.22 
197.495 
197.18 
197.435 
197.175 
197.5 
197.605 
197.93 
197.62 
198.01 
197.685 
198.035 
197.725 
198.055 
197.41 
197.72 
197.46 
197.83 
197.59 
198.0 
197.67 
198.1 
198.185 
198.6 
198.35 
198.75 
198.53 
198.95 
198.625 
199.035 
198.32 
198.725 
198.455 
198.795 
198.575 
198.87 
198.605 
198.91 
199.09 
199.485 
199.1 
199.475 
199.205 
199.515 
199.23 
199.485 
198.82 
199.095 
198.77 
199.08 
198.755 
199.065 
198.77 
199.025 
199.075 
199.355 
198.93 
199.28 
198.94 
199.23 
198.92 
199.16 
198.32 
198.715 
198.3 
198.565 
198.275 
198.555 
198.245 
198.485 
198.62 
198.885 
198.57 
198.87 
198.56 
198.89 
198.59 
198.885 
198.12 
198.445 
198.07 
198.475 
198.19 
198.5 
198.28 
198.56 
198.69 
199.105 
198.815 
199.22 
198.945 
199.28 
199.07 
199.525 
198.805 
199.225 
198.94 
199.31 
199.19 
199.575 
199.395 
199.83 
200.025 
200.45 
200.24 
200.755 
200.565 
201.035 
200.83 
201.26 
200.685 
201.195 
200.93 
201.45 
201.25 
201.665 
201.515 
201.945 
202.23 
202.705 
202.485 
202.935 
202.745 
203.155 
202.985 
203.41 
202.735 
203.085 
202.885 
203.285 
203.12 
203.455 
203.285 
203.54 
203.75 
204.05 
203.825 
204.095 
203.83 
204.055 
203.745 
204.075 
203.275 
203.63 
203.145 
203.46 
203.125 
203.41 
202.92 
203.24 
203.165 
203.405 
203.0 
203.19 
202.795 
202.985 
202.505 
202.7 
201.78 
201.935 
201.565 
201.715 
201.245 
201.38 
200.93 
201.065 
201.05 
201.145 
200.655 
200.805 
200.305 
200.42 
199.91 
200.12 
199.175 
199.33 
198.75 
198.905 
198.39 
198.54 
197.95 
197.995 
197.97 
198.08 
197.495 
197.67 
197.15 
197.275 
196.755 
196.885 
195.99 
